0 0.66328125 0.55078125 0.0328125 0.0484375
0 0.596875 0.37265625 0.059375 0.0609375
0 0.346875 0.68515625 0.090625 0.0796875
0 0.025 0.74296875 0.046875 0.0546875
0 0.665625 0.496875 0.04375 0.05625
0 0.565625 0.32578125 0.05 0.0515625
0 0.5125 0.334375 0.034375 0.04375
0 0.6265625 0.08046875 0.040625 0.0515625
0 0.6 0.2734375 0.046875 0.046875
0 0.23828125 0.7296875 0.0546875 0.053125
0 0.80625 0.1921875 0.084375 0.0625
0 0.259375 0.1796875 0.05 0.05625
0 0.44921875 0.6453125 0.0453125 0.0625
0 0.4421875 0.21484375 0.05625 0.0671875
0 0.0609375 0.7796875 0.040625 0.059375
0 0.378125 0.134375 0.04375 0.053125
0 0.609375 0.54765625 0.040625 0.0484375
0 0.659375 0.35859375 0.05 0.0453125
0 0.40546875 0.37109375 0.0359375 0.0484375
0 0.15 0.62265625 0.034375 0.0328125
0 0.14765625 0.48203125 0.0609375 0.0640625
0 0.14140625 0.22265625 0.0421875 0.0515625
0 0.803125 0.34765625 0.04375 0.0546875
0 0.7296875 0.60703125 0.0875 0.1203125
0 0.07421875 0.43515625 0.0453125 0.0703125
0 0.4953125 0.5484375 0.0375 0.05625
0 0.43203125 0.321875 0.0390625 0.05625
0 0.5875 0.61953125 0.0375 0.0421875
0 0.64453125 0.41171875 0.0578125 0.0640625
0 0.159375 0.57890625 0.028125 0.0453125
0 0.565625 0.42578125 0.05 0.0484375
0 0.52421875 0.5796875 0.0359375 0.046875
0 0.1546875 0.66640625 0.06875 0.0640625
0 0.4015625 0.6390625 0.04375 0.071875
0 0.3359375 0.4609375 0.034375 0.05625
0 0.246875 0.4609375 0.046875 0.071875
0 0.5375 0.37109375 0.0375 0.0453125
0 0.6578125 0.6453125 0.034375 0.046875
0 0.0578125 0.1953125 0.040625 0.05625
0 0.8546875 0.628125 0.05625 0.090625
0 0.86328125 0.70859375 0.0453125 0.0578125
0 0.55625 0.0734375 0.05 0.0625
0 0.81796875 0.7265625 0.0453125 0.053125
0 0.78125 0.053125 0.034375 0.04375
0 0.4640625 0.7015625 0.034375 0.05
0 0.871875 0.553125 0.071875 0.05625
0 0.2265625 0.7796875 0.0375 0.04375
0 0.2765625 0.7828125 0.040625 0.046875
0 0.81953125 0.46640625 0.0515625 0.0546875
0 0.80078125 0.10234375 0.0578125 0.0484375
0 0.91875 0.22265625 0.0625 0.0734375
0 0.57890625 0.659375 0.0328125 0.0375
0 0.20546875 0.3234375 0.0421875 0.05
0 0.69921875 0.45625 0.0359375 0.046875
0 0.52421875 0.7203125 0.0328125 0.04375
0 0.66875 0.6 0.028125 0.040625
0 0.103125 0.2265625 0.040625 0.046875
0 0.8328125 0.4 0.04375 0.04375
0 0.13046875 0.159375 0.0296875 0.04375
0 0.984375 0.29765625 0.028125 0.0359375
0 0.75546875 0.1375 0.0578125 0.0625
0 0.18046875 0.6125 0.0296875 0.034375
0 0.62265625 0.6875 0.0421875 0.05
0 0.26875 0.27421875 0.040625 0.0421875
0 0.29765625 0.4484375 0.0390625 0.0625
0 0.2546875 0.0578125 0.040625 0.04375
0 0.75859375 0.31875 0.0421875 0.05
0 0.45546875 0.40078125 0.0359375 0.0546875
0 0.81640625 0.26796875 0.0359375 0.0484375
0 0.740625 0.484375 0.034375 0.0375
0 0.10078125 0.6890625 0.0328125 0.04375
0 0.2765625 0.10546875 0.040625 0.0390625
0 0.2953125 0.56171875 0.071875 0.0796875
0 0.23125 0.5125 0.034375 0.0375
0 0.296875 0.71640625 0.0375 0.0453125
0 0.7015625 0.19375 0.053125 0.05625
0 0.5296875 0.2140625 0.0375 0.0375
0 0.3125 0.3890625 0.0375 0.0375
0 0.24453125 0.653125 0.0546875 0.05
0 0.03046875 0.16171875 0.0421875 0.0515625
0 0.76953125 0.36484375 0.0328125 0.0421875
0 0.390625 0.196875 0.040625 0.059375
0 0.31171875 0.78984375 0.0296875 0.0328125
0 0.0375 0.54296875 0.0375 0.0484375
0 0.803125 0.6359375 0.040625 0.090625
0 0.13984375 0.54140625 0.0484375 0.0546875
0 0.44453125 0.1078125 0.0453125 0.05
0 0.553125 0.51171875 0.034375 0.0484375
0 0.64609375 0.14453125 0.0359375 0.0578125
0 0.30625 0.49921875 0.04375 0.0453125
0 0.69453125 0.090625 0.0546875 0.084375
0 0.34140625 0.415625 0.0296875 0.034375
0 0.53203125 0.4078125 0.0359375 0.0375
0 0.64453125 0.228125 0.0359375 0.05
0 0.546875 0.6640625 0.03125 0.04375
0 0.5390625 0.1296875 0.034375 0.0375
0 0.71796875 0.51796875 0.0359375 0.0546875
0 0.02734375 0.228125 0.0453125 0.053125
0 0.190625 0.23125 0.0375 0.05
0 0.0125 0.69375 0.025 0.05
0 0.39140625 0.0859375 0.0296875 0.046875
0 0.25703125 0.359375 0.0328125 0.04375
0 0.12421875 0.10546875 0.0328125 0.0484375
0 0.128125 0.58828125 0.028125 0.0328125
0 0.8765625 0.2390625 0.040625 0.059375
0 0.415625 0.25234375 0.028125 0.0421875
0 0.22734375 0.359375 0.0234375 0.03125
0 0.23359375 0.25546875 0.0328125 0.0390625
0 0.1734375 0.290625 0.03125 0.0375
0 0.234375 0.10859375 0.0375 0.0546875
0 0.18515625 0.184375 0.0328125 0.0375
0 0.015625 0.44921875 0.03125 0.0484375
0 0.52578125 0.521875 0.0296875 0.04375
0 0.5328125 0.46328125 0.0375 0.0546875
0 0.73984375 0.71171875 0.0578125 0.0640625
0 0.29296875 0.15390625 0.0328125 0.0359375
0 0.0640625 0.58203125 0.0375 0.0515625
0 0.0140625 0.49765625 0.028125 0.0453125
0 0.80546875 0.546875 0.0484375 0.06875
0 0.48671875 0.2171875 0.0359375 0.05625
0 0.43828125 0.51484375 0.0484375 0.0859375
0 0.00859375 0.32734375 0.0171875 0.0359375
0 0.0640625 0.1203125 0.034375 0.05
0 0.59609375 0.1625 0.0390625 0.05
0 0.47265625 0.46171875 0.0359375 0.0421875
0 0.509375 0.26171875 0.025 0.0328125
0 0.196875 0.7046875 0.040625 0.05625
0 0.621875 0.63046875 0.034375 0.0515625
0 0.42265625 0.06640625 0.0390625 0.0390625
0 0.4109375 0.12421875 0.03125 0.0390625
0 0.09140625 0.16953125 0.0421875 0.0515625
0 0.26484375 0.23125 0.0359375 0.04375
0 0.06640625 0.31953125 0.0296875 0.0546875
0 0.14453125 0.37734375 0.0390625 0.0390625
0 0.2578125 0.609375 0.034375 0.040625
0 0.23984375 0.2984375 0.0359375 0.040625
0 0.303125 0.2578125 0.03125 0.05
0 0.20546875 0.5421875 0.0328125 0.0375
0 0.571875 0.21640625 0.03125 0.0359375
0 0.33515625 0.18515625 0.0390625 0.0703125
0 0.02265625 0.62421875 0.0328125 0.0421875
0 0.83671875 0.2359375 0.0265625 0.03125
0 0.2125 0.06171875 0.034375 0.0421875
0 0.81875 0.0125 0.0625 0.025
0 0.7421875 0.02890625 0.0375 0.0515625
0 0.6125 0.31640625 0.028125 0.0359375
0 0.35234375 0.2609375 0.0390625 0.1
0 0.3703125 0.5640625 0.03125 0.046875
0 0.384375 0.30546875 0.028125 0.0421875
0 0.778125 0.74375 0.028125 0.040625
0 0.16875 0.14921875 0.046875 0.0484375
0 0.534375 0.29375 0.03125 0.040625
0 0.74453125 0.22265625 0.0421875 0.0453125
0 0.1890625 0.575 0.028125 0.040625
0 0.35390625 0.07109375 0.0328125 0.0453125
0 0.4953125 0.7171875 0.028125 0.034375
0 0.29453125 0.64375 0.0296875 0.040625
0 0.5453125 0.7953125 0.03125 0.040625
0 0.45078125 0.765625 0.0296875 0.04375
0 0.521875 0.7609375 0.025 0.0375
0 0.49921875 0.49609375 0.0328125 0.0390625
0 0.37578125 0.41328125 0.0390625 0.0734375
0 0.790625 0.3890625 0.028125 0.028125
0 0.45703125 0.28125 0.0390625 0.053125
0 0.059375 0.71875 0.034375 0.040625
0 0.19921875 0.4984375 0.0328125 0.046875
0 0.2953125 0.321875 0.025 0.03125
0 0.1171875 0.6234375 0.03125 0.03125
0 0.49453125 0.43046875 0.0421875 0.0640625
0 0.5171875 0.6578125 0.03125 0.046875
0 0.33203125 0.33203125 0.0296875 0.0421875
0 0.584375 0.709375 0.04375 0.059375
0 0.921875 0.69921875 0.03125 0.0484375
0 0.06796875 0.51953125 0.0421875 0.0453125
0 0.021875 0.79140625 0.03125 0.0390625
0 0.6359375 0.30078125 0.028125 0.0390625
0 0.06484375 0.07890625 0.0296875 0.0328125
0 0.29765625 0.7578125 0.0359375 0.03125
0 0.0359375 0.346875 0.03125 0.053125
0 0.5453125 0.17734375 0.03125 0.0359375
0 0.00546875 0.6109375 0.0109375 0.0375
0 0.63828125 0.4578125 0.0296875 0.03125
0 0.840625 0.3578125 0.025 0.0375
0 0.13046875 0.434375 0.0359375 0.046875
0 0.09921875 0.275 0.0328125 0.040625
0 0.0296875 0.590625 0.03125 0.034375
0 0.1609375 0.325 0.028125 0.040625
0 0.1078125 0.3765625 0.03125 0.034375
0 0.8359375 0.0625 0.046875 0.053125
0 0.36484375 0.60625 0.0296875 0.040625
0 0.8484375 0.44375 0.028125 0.0375
0 0.203125 0.40234375 0.028125 0.0453125
0 0.79765625 0.23359375 0.0390625 0.0234375
0 0.040625 0.82109375 0.025 0.0390625
0 0.215625 0.1703125 0.025 0.0375
0 0.55546875 0.59296875 0.0359375 0.0859375
0 0.78515625 0.28984375 0.0328125 0.0421875
0 0.4765625 0.60625 0.03125 0.04375
0 0.10625 0.4828125 0.021875 0.040625
0 0.8546875 0.146875 0.034375 0.04375
0 0.10859375 0.52109375 0.0265625 0.0328125
0 0.5921875 0.478125 0.040625 0.04375
0 0.37265625 0.5234375 0.0296875 0.0375
0 0.5984375 0.79609375 0.025 0.0390625
0 0.759375 0.52265625 0.028125 0.0609375
0 0.65859375 0.725 0.0328125 0.046875
0 0.2703125 0.309375 0.025 0.034375
0 0.446875 0.58828125 0.03125 0.0390625
0 0.36328125 0.7484375 0.0265625 0.0375
0 0.679961713576159 0.8418925910596025 0.0265625 0.0484375
0 0.58046875 0.7765625 0.0296875 0.040625
0 0.95 0.33984375 0.03125 0.0546875
0 0.06015625 0.68359375 0.0328125 0.0421875
0 0.89609375 0.70234375 0.0234375 0.0484375
0 0.09765625 0.3171875 0.0296875 0.040625
0 0.9609375 0.27734375 0.03125 0.0390625
0 0.49375 0.75625 0.028125 0.05
0 0.8953125 0.15625 0.034375 0.040625
0 0.021875 0.2625 0.034375 0.028125
0 0.17265625 0.0890625 0.0390625 0.05
0 0.70078125 0.81015625 0.0359375 0.0390625
0 0.8953125 0.09609375 0.04375 0.0453125
0 0.275 0.35078125 0.01875 0.0328125
0 0.19609375 0.3671875 0.0296875 0.040625
0 0.6921875 0.6796875 0.03125 0.046875
0 0.940625 0.10078125 0.028125 0.0390625
0 0.45390625 0.728125 0.0265625 0.03125
0 0.1109375 0.73125 0.03125 0.03125
0 0.2109375 0.58828125 0.021875 0.0390625
0 0.55703125 0.7421875 0.0359375 0.05
0 0.259375 0.1390625 0.021875 0.025
0 0.1796875 0.51796875 0.025 0.0390625
0 0.4953125 0.296875 0.025 0.0375
0 0.12369101821192055 0.7987324089403973 0.0390625 0.0578125
0 0.06328125 0.2609375 0.0265625 0.0625
0 0.784375 0.69921875 0.021875 0.0359375
0 0.09140625 0.553125 0.0234375 0.03125
0 0.0765625 0.37421875 0.025 0.0359375
0 0.059375 0.4859375 0.03125 0.0375
0 0.29453125 0.35390625 0.0171875 0.0328125
0 0.92265625 0.60078125 0.0328125 0.0453125
0 0.325 0.6234375 0.03125 0.040625
0 0.83046875 0.50859375 0.0390625 0.0328125
0 0.415625 0.41796875 0.034375 0.0515625
0 0.70546875 0.3734375 0.0265625 0.03125
0 0.1375 0.28984375 0.034375 0.0359375
0 0.47421875 0.76796875 0.0171875 0.0484375
0 0.51328125 0.17421875 0.0265625 0.0390625
0 0.359375 0.3625 0.028125 0.0375
0 0.08359375 0.7484375 0.0265625 0.03125
0 0.35703125 0.01015625 0.0265625 0.0203125
0 0.4421875 0.45390625 0.021875 0.0328125
0 0.70625 0.76171875 0.028125 0.0390625
0 0.684375 0.31328125 0.034375 0.0515625
0 0.9780836092715232 0.528632036423841 0.021875 0.034375
0 0.03046875 0.10546875 0.0265625 0.0421875
0 0.93671875 0.01875 0.0265625 0.034375
0 0.60859375 0.4359375 0.0265625 0.03125
0 0.2046875 0.275 0.021875 0.03125
0 0.03828125 0.30234375 0.0234375 0.0359375
0 0.63359375 0.58828125 0.0265625 0.0390625
0 0.9475889900662253 0.4599441225165563 0.08485099337748334 0.15314569536423842
