0 0.55078125 0.3 0.0515625 0.0625
0 0.3328125 0.53125 0.0375 0.04375
0 0.26015625 0.775 0.0484375 0.05625
0 0.41796875 0.41640625 0.0671875 0.0765625
0 0.1046875 0.58203125 0.0375 0.0484375
0 0.60546875 0.56640625 0.0453125 0.0671875
0 0.81015625 0.259375 0.0390625 0.0375
0 0.68359375 0.3 0.0359375 0.046875
0 0.259375 0.70390625 0.034375 0.0484375
0 0.51875 0.20390625 0.046875 0.0609375
0 0.353125 0.33125 0.046875 0.05
0 0.58125 0.1 0.046875 0.046875
0 0.8421875 0.53515625 0.046875 0.0671875
0 0.33828125 0.27421875 0.0484375 0.0515625
0 0.1640625 0.33671875 0.040625 0.0515625
0 0.62734375 0.22109375 0.0703125 0.0953125
0 0.05703125 0.78515625 0.0390625 0.0484375
0 0.15859375 0.64453125 0.0359375 0.0453125
0 0.7515625 0.2390625 0.04375 0.059375
0 0.2953125 0.72421875 0.040625 0.0640625
0 0.2171875 0.709375 0.046875 0.0625
0 0.38125 0.62421875 0.053125 0.0484375
0 0.11171875 0.20234375 0.0921875 0.0828125
0 0.7984375 0.4921875 0.0375 0.053125
0 0.16484375 0.73984375 0.0515625 0.0609375
0 0.21484375 0.3296875 0.0453125 0.04375
0 0.140625 0.6078125 0.0375 0.046875
0 0.7640625 0.1828125 0.04375 0.05
0 0.709375 0.1953125 0.0375 0.059375
0 0.85078125 0.2375 0.0453125 0.053125
0 0.68203125 0.24140625 0.0390625 0.0546875
0 0.63515625 0.2890625 0.0328125 0.040625
0 0.09609375 0.69296875 0.0546875 0.0609375
0 0.9078125 0.56953125 0.034375 0.0515625
0 0.72734375 0.54609375 0.0484375 0.0515625
0 0.73984375 0.34609375 0.0859375 0.1171875
0 0.6609375 0.71171875 0.034375 0.0765625
0 0.296875 0.609375 0.034375 0.04375
0 0.34140625 0.48125 0.0390625 0.04375
0 0.63515625 0.07421875 0.0453125 0.0453125
0 0.09140625 0.29765625 0.0328125 0.0453125
0 0.03359375 0.5484375 0.0421875 0.05625
0 0.86796875 0.19609375 0.0390625 0.0421875
0 0.8 0.42890625 0.04375 0.0578125
0 0.834375 0.3265625 0.0625 0.090625
0 0.26796875 0.60546875 0.0296875 0.0421875
0 0.86171875 0.6484375 0.0390625 0.065625
0 0.83125 0.0703125 0.1125 0.090625
0 0.08984375 0.53046875 0.0390625 0.0515625
0 0.2265625 0.5265625 0.03125 0.0375
0 0.15234375 0.45625 0.0359375 0.040625
0 0.7328125 0.64140625 0.040625 0.0546875
0 0.02734375 0.221875 0.0546875 0.109375
0 0.48671875 0.475 0.0453125 0.090625
0 0.6078125 0.63046875 0.0375 0.0578125
0 0.34296875 0.15859375 0.0609375 0.0515625
0 0.57890625 0.378125 0.0484375 0.084375
0 0.878125 0.5890625 0.04375 0.053125
0 0.33046875 0.42734375 0.0328125 0.0421875
0 0.24296875 0.16328125 0.1171875 0.1328125
0 0.47578125 0.38046875 0.0421875 0.0765625
0 0.73671875 0.07734375 0.0578125 0.0515625
0 0.021875 0.33828125 0.0375 0.0328125
0 0.38671875 0.2921875 0.0359375 0.05
0 0.16484375 0.52265625 0.0359375 0.0578125
0 0.50859375 0.5734375 0.0328125 0.065625
0 0.28984375 0.3046875 0.0328125 0.040625
0 0.75859375 0.6171875 0.0296875 0.040625
0 0.3125 0.36953125 0.05625 0.0640625
0 0.60703125 0.1453125 0.0359375 0.053125
0 0.64375 0.49453125 0.04375 0.0703125
0 0.42890625 0.2421875 0.0359375 0.0375
0 0.6609375 0.3421875 0.053125 0.059375
0 0.3890625 0.13515625 0.04375 0.0390625
0 0.2890625 0.42421875 0.0375 0.0546875
0 0.3015625 0.49296875 0.0375 0.0609375
0 0.965625 0.46953125 0.034375 0.0515625
0 0.271875 0.3359375 0.03125 0.0375
0 0.33203125 0.1046875 0.0328125 0.04375
0 0.5859375 0.70390625 0.03125 0.0578125
0 0.24921875 0.35859375 0.0359375 0.0359375
0 0.00859375 0.37109375 0.0171875 0.0421875
0 0.43046875 0.2921875 0.0359375 0.046875
0 0.65703125 0.11015625 0.0546875 0.0421875
0 0.3625 0.66328125 0.03125 0.0453125
0 0.9828125 0.4109375 0.03125 0.090625
0 0.80625 0.37734375 0.03125 0.0390625
0 0.55390625 0.2359375 0.0265625 0.040625
0 0.05234375 0.29453125 0.0421875 0.0578125
0 0.02109375 0.3015625 0.0296875 0.034375
0 0.4296875 0.6328125 0.0375 0.05625
0 0.2609375 0.50546875 0.034375 0.0671875
0 0.45625 0.6921875 0.034375 0.05
0 0.2203125 0.62578125 0.0625 0.0984375
0 0.2984375 0.56015625 0.0375 0.0421875
0 0.575 0.21953125 0.03125 0.0359375
0 0.625 0.70390625 0.034375 0.0921875
0 0.0125 0.41171875 0.025 0.0328125
0 0.1109375 0.74453125 0.05 0.0796875
0 0.31953125 0.31484375 0.0265625 0.0328125
0 0.784375 0.58359375 0.034375 0.0703125
0 0.5890625 0.50546875 0.0375 0.0453125
0 0.57265625 0.1765625 0.0328125 0.04375
0 0.715625 0.275 0.034375 0.040625
0 0.23046875 0.3765625 0.0359375 0.046875
0 0.25078125 0.2859375 0.0421875 0.040625
0 0.5640625 0.58359375 0.04375 0.0734375
0 0.421875 0.66328125 0.03125 0.0390625
0 0.23984375 0.440625 0.0421875 0.065625
0 0.65546875 0.6046875 0.0453125 0.08125
0 0.3171875 0.190625 0.04375 0.0375
0 0.66171875 0.41328125 0.0390625 0.0453125
0 0.4203125 0.49375 0.040625 0.059375
0 0.5828125 0.2578125 0.028125 0.0375
0 0.11953125 0.33671875 0.0328125 0.0390625
0 0.384375 0.4734375 0.034375 0.053125
0 0.74921875 0.5046875 0.0390625 0.053125
0 0.0875 0.3484375 0.0375 0.053125
0 0.0265625 0.6984375 0.025 0.040625
0 0.02265625 0.47109375 0.0421875 0.0828125
0 0.5296875 0.3765625 0.0375 0.1
0 0.321875 0.65625 0.04375 0.0625
0 0.2796875 0.21796875 0.059375 0.0546875
0 0.7046875 0.0328125 0.0375 0.046875
0 0.7890625 0.22890625 0.03125 0.0390625
0 0.18671875 0.11640625 0.0453125 0.0640625
0 0.8375 0.17890625 0.034375 0.0484375
0 0.0296875 0.740625 0.034375 0.040625
0 0.4515625 0.6109375 0.03125 0.040625
0 0.60703125 0.31796875 0.0421875 0.0734375
0 0.8765625 0.52265625 0.028125 0.0390625
0 0.9265625 0.22578125 0.040625 0.0421875
0 0.265625 0.4546875 0.025 0.0375
0 0.76171875 0.45 0.0296875 0.05
0 0.0828125 0.625 0.0375 0.04375
0 0.76640625 0.10703125 0.0609375 0.0390625
0 0.146875 0.49296875 0.03125 0.0328125
0 0.9734375 0.1546875 0.040625 0.059375
0 0.471875 0.23984375 0.071875 0.1203125
0 0.73984375 0.59140625 0.0203125 0.0328125
0 0.36171875 0.5765625 0.0390625 0.05
0 0.1890625 0.44140625 0.034375 0.0609375
0 0.39296875 0.21640625 0.0421875 0.0703125
0 0.81171875 0.21171875 0.0296875 0.0453125
0 0.48046875 0.1203125 0.1296875 0.0875
0 0.3953125 0.36171875 0.03125 0.0390625
0 0.828125 0.4828125 0.025 0.0375
0 0.85078125 0.48359375 0.0296875 0.0359375
0 0.0578125 0.5125 0.028125 0.03125
0 0.86640625 0.45546875 0.0328125 0.0390625
0 0.79921875 0.53984375 0.0359375 0.0390625
0 0.55 0.06484375 0.046875 0.0359375
0 0.4671875 0.53359375 0.0375 0.0390625
0 0.20390625 0.49921875 0.0359375 0.0453125
0 0.13125 0.4265625 0.053125 0.05625
0 0.16328125 0.384375 0.0234375 0.03125
0 0.8859375 0.2703125 0.034375 0.05625
0 0.9265625 0.14765625 0.03125 0.0453125
0 0.30859375 0.24375 0.0296875 0.025
0 0.20078125 0.56640625 0.0328125 0.0546875
0 0.56640625 0.13203125 0.0234375 0.0296875
0 0.03828125 0.384375 0.0359375 0.04375
0 0.5890625 0.73515625 0.025 0.0359375
0 0.2078125 0.278125 0.03125 0.0375
0 0.5265625 0.5015625 0.03125 0.046875
0 0.30234375 0.2703125 0.0265625 0.03125
0 0.13046875 0.296875 0.0390625 0.040625
0 0.1640625 0.26796875 0.04375 0.0390625
0 0.2078125 0.78203125 0.028125 0.0390625
0 0.215625 0.415625 0.025 0.03125
0 0.88359375 0.490625 0.0234375 0.025
0 0.23671875 0.25234375 0.0359375 0.0328125
0 0.48671875 0.5859375 0.0234375 0.04375
0 0.40390625 0.54375 0.0265625 0.0375
0 0.3546875 0.74765625 0.025 0.0484375
0 0.35703125 0.69921875 0.0234375 0.0265625
0 0.8828125 0.421875 0.021875 0.0375
0 0.33203125 0.59921875 0.0296875 0.0390625
0 0.42421875 0.17109375 0.0390625 0.0390625
0 0.05859375 0.63828125 0.0296875 0.0640625
0 0.3890625 0.0984375 0.021875 0.03125
0 0.36015625 0.2078125 0.0234375 0.025
0 0.27421875 0.6671875 0.0265625 0.034375
0 0.696875 0.40390625 0.03125 0.0453125
0 0.51015625 0.62578125 0.0234375 0.0265625
0 0.071875 0.575 0.025 0.0375
0 0.11328125 0.6296875 0.0203125 0.034375
0 0.3265625 0.5734375 0.021875 0.03125
0 0.896875 0.171875 0.03125 0.05
0 0.4203125 0.7078125 0.025 0.028125
0 0.049927566225165566 0.07863203642384106 0.06932947019867548 0.15004139072847683
0 0.36397971854304634 0.04319639900662252 0.08692052980132452 0.08639279801324504
