0 0.60859375 0.4796875 0.0359375 0.046875
0 0.5890625 0.52578125 0.05 0.0609375
0 0.928125 0.3328125 0.090625 0.071875
0 0.43984375 0.1390625 0.0359375 0.04375
0 0.12578125 0.1640625 0.0359375 0.0375
0 0.22421875 0.57734375 0.0421875 0.0609375
0 0.0234375 0.21953125 0.046875 0.0765625
0 0.1578125 0.75234375 0.034375 0.0390625
0 0.60859375 0.43671875 0.0328125 0.0390625
0 0.2890625 0.58828125 0.075 0.0546875
0 0.4234375 0.6390625 0.0375 0.0375
0 0.4328125 0.59453125 0.0375 0.0484375
0 0.65625 0.20859375 0.040625 0.0640625
0 0.421875 0.06484375 0.04375 0.0359375
0 0.3765625 0.38515625 0.03125 0.0453125
0 0.13203125 0.25078125 0.0390625 0.0515625
0 0.20703125 0.46015625 0.0421875 0.0515625
0 0.4078125 0.6765625 0.028125 0.0375
0 0.47265625 0.69609375 0.0390625 0.0609375
0 0.1385347682119205 0.7911113410596026 0.028125 0.03437499999999982
0 0.1890625 0.5296875 0.040625 0.046875
0 0.4484375 0.7546875 0.034375 0.046875
0 0.5390625 0.0734375 0.0375 0.05
0 0.80390625 0.18125 0.0421875 0.05625
0 0.61171875 0.3859375 0.0421875 0.053125
0 0.825 0.26796875 0.034375 0.0484375
0 0.01875 0.1 0.034375 0.0375
0 0.7109375 0.02578125 0.046875 0.0515625
0 0.134375 0.625 0.034375 0.040625
0 0.8078125 0.6265625 0.034375 0.05
0 0.4546875 0.225 0.034375 0.053125
0 0.2828125 0.78203125 0.034375 0.0421875
0 0.78828125 0.5578125 0.0453125 0.053125
0 0.5578125 0.14921875 0.04375 0.0546875
0 0.5390625 0.5890625 0.06875 0.0875
0 0.1375 0.584375 0.034375 0.040625
0 0.19921875 0.41328125 0.0359375 0.0359375
0 0.509375 0.746875 0.03125 0.05
0 0.5328125 0.34140625 0.034375 0.0453125
0 0.60546875 0.13125 0.0515625 0.071875
0 0.5046875 0.3171875 0.04375 0.053125
0 0.6890625 0.2375 0.03125 0.040625
0 0.56953125 0.4 0.0359375 0.04375
0 0.89921875 0.2765625 0.0359375 0.04375
0 0.38828125 0.64765625 0.0296875 0.0421875
0 0.4640625 0.528125 0.03125 0.046875
0 0.78125 0.0703125 0.03125 0.05
0 0.86796875 0.18515625 0.0453125 0.0765625
0 0.1203125 0.48828125 0.03125 0.0390625
0 0.14609375 0.40390625 0.0421875 0.0453125
0 0.24453125 0.3953125 0.0359375 0.046875
0 0.675 0.40234375 0.053125 0.0578125
0 0.24140625 0.46484375 0.0328125 0.0359375
0 0.68984375 0.29765625 0.0296875 0.0546875
0 0.79453125 0.3578125 0.0421875 0.046875
0 0.403125 0.55234375 0.03125 0.0421875
0 0.09453125 0.62265625 0.0328125 0.0484375
0 0.09375 0.23359375 0.0375 0.0578125
0 0.60703125 0.24453125 0.0421875 0.0734375
0 0.2109375 0.31953125 0.034375 0.0515625
0 0.48203125 0.7453125 0.0265625 0.0375
0 0.0234375 0.290625 0.040625 0.053125
0 0.21875 0.67734375 0.046875 0.0453125
0 0.1234375 0.52578125 0.03125 0.0390625
0 0.94765625 0.2203125 0.0328125 0.05
0 0.85859375 0.25546875 0.0296875 0.0421875
0 0.717694536423841 0.3729097682119205 0.034375 0.05312500000000005
0 0.90390625 0.20703125 0.0609375 0.0859375
0 0.2049410182119205 0.7848820364238411 0.0828125 0.06250000000000008
0 0.084375 0.12578125 0.034375 0.0453125
0 0.55078125 0.665625 0.0390625 0.046875
0 0.51015625 0.2578125 0.0390625 0.0625
0 0.05390625 0.103125 0.0328125 0.034375
0 0.3359375 0.13125 0.05 0.053125
0 0.95234375 0.26875 0.0359375 0.04375
0 0.2390625 0.2890625 0.04375 0.05
0 0.43203125 0.490625 0.0765625 0.053125
0 0.10859375 0.39375 0.0296875 0.034375
0 0.39453125 0.19140625 0.0359375 0.0609375
0 0.28828125 0.23125 0.0328125 0.046875
0 0.25703125 0.55 0.0328125 0.0375
0 0.0104097682119205 0.8444898592715232 0.01875 0.0421875
0 0.73359375 0.28671875 0.0328125 0.0484375
0 0.040625 0.34453125 0.040625 0.0421875
0 0.36328125 0.25234375 0.0328125 0.0484375
0 0.19921875 0.2671875 0.0328125 0.040625
0 0.45390625 0.31875 0.0390625 0.059375
0 0.11015625 0.659375 0.0296875 0.0375
0 0.09765625 0.590625 0.0328125 0.0375
0 0.84140625 0.65078125 0.0296875 0.0421875
0 0.3359375 0.51015625 0.034375 0.0421875
0 0.30390625 0.50625 0.0296875 0.034375
0 0.57421875 0.46171875 0.0359375 0.0734375
0 0.3046875 0.6828125 0.0875 0.096875
0 0.03671875 0.48125 0.0359375 0.034375
0 0.79140625 0.4578125 0.0515625 0.071875
0 0.215625 0.72734375 0.03125 0.0421875
0 0.4171875 0.22578125 0.040625 0.0578125
0 0.89140625 0.57265625 0.0671875 0.0953125
0 0.01484375 0.52890625 0.0296875 0.0390625
0 0.490625 0.63515625 0.0375 0.0453125
0 0.47578125 0.0734375 0.0328125 0.040625
0 0.52578125 0.4875 0.0390625 0.09375
0 0.82890625 0.51484375 0.0359375 0.0453125
0 0.0453125 0.53515625 0.03125 0.0421875
0 0.0109375 0.578125 0.021875 0.05
0 0.9375 0.11796875 0.034375 0.0390625
0 0.184375 0.075 0.028125 0.03125
0 0.3734375 0.55703125 0.03125 0.0453125
0 0.6359375 0.08203125 0.04375 0.0546875
0 0.06515935430463575 0.03595302152317881 0.0853062913907285 0.07190604304635762
0 0.471875 0.1703125 0.034375 0.04375
0 0.0125 0.496875 0.025 0.034375
0 0.2015625 0.6421875 0.0375 0.040625
0 0.35 0.6265625 0.0375 0.05
0 0.028125 0.3796875 0.034375 0.0375
0 0.2109375 0.08984375 0.034375 0.0578125
0 0.1640625 0.17890625 0.028125 0.0484375
0 0.37578125 0.1203125 0.0390625 0.05
0 0.38046875 0.45390625 0.0328125 0.0515625
0 0.0125 0.64375 0.025 0.0625
0 0.48515625 0.2203125 0.0265625 0.040625
0 0.5140625 0.4125 0.0375 0.04375
0 0.5361910182119205 0.712225786423841 0.0328125 0.0359375
0 0.06640625 0.27890625 0.0390625 0.0421875
0 0.4015625 0.3171875 0.040625 0.05
0 0.9515625 0.01171875 0.040625 0.0234375
0 0.34375 0.33984375 0.03125 0.0296875
0 0.59453125 0.58828125 0.0328125 0.0578125
0 0.853125 0.29765625 0.034375 0.0390625
0 0.64296875 0.15859375 0.0421875 0.0421875
0 0.42734375 0.7203125 0.0390625 0.0625
0 0.58984375 0.33359375 0.0671875 0.0765625
0 0.94453125 0.628125 0.0296875 0.046875
0 0.84375 0.3640625 0.0375 0.04375
0 0.72109375 0.3265625 0.0265625 0.034375
0 0.23984375 0.353125 0.0265625 0.0375
0 0.0390625 0.6125 0.03125 0.0375
0 0.5046875 0.10703125 0.03125 0.0390625
0 0.43671875 0.525 0.0328125 0.0375
0 0.3875 0.2625 0.028125 0.034375
0 0.153125 0.21953125 0.03125 0.0421875
0 0.4890625 0.453125 0.03125 0.04375
0 0.65234375 0.51328125 0.0484375 0.0671875
0 0.07734375 0.55625 0.0296875 0.046875
0 0.29296875 0.01171875 0.0265625 0.0234375
0 0.609375 0.19140625 0.034375 0.0328125
0 0.8875 0.41953125 0.053125 0.0765625
0 0.0734375 0.18828125 0.028125 0.0328125
0 0.16875 0.4484375 0.028125 0.053125
0 0.7515625 0.1953125 0.065625 0.09375
0 0.378125 0.68671875 0.021875 0.0296875
0 0.8671875 0.11953125 0.03125 0.0453125
0 0.10078125 0.18671875 0.0328125 0.0359375
0 0.16484375 0.62578125 0.0265625 0.0359375
0 0.28125 0.39375 0.028125 0.0375
0 0.071875 0.41015625 0.03125 0.0359375
0 0.13359375 0.4453125 0.0328125 0.059375
0 0.47265625 0.13671875 0.0265625 0.0296875
0 0.33984375 0.30859375 0.0296875 0.0359375
0 0.89609375 0.02109375 0.0328125 0.0421875
0 0.6796875 0.5484375 0.05 0.040625
0 0.26796875 0.35078125 0.0265625 0.0546875
0 0.35 0.66640625 0.028125 0.0421875
0 0.30078125 0.5421875 0.0265625 0.034375
0 0.8390625 0.22421875 0.021875 0.0296875
0 0.35078125 0.41328125 0.0328125 0.0328125
0 0.403125 0.37109375 0.03125 0.0328125
0 0.38515625 0.07421875 0.0296875 0.0359375
0 0.446875 0.275 0.05 0.03125
0 0.046875 0.41484375 0.028125 0.0328125
0 0.25625 0.2390625 0.034375 0.040625
0 0.2953125 0.7484375 0.025 0.03125
0 0.40703125 0.13984375 0.0265625 0.0359375
0 0.453125 0.10234375 0.034375 0.0328125
0 0.0890625 0.35859375 0.04375 0.0484375
0 0.7671875 0.275 0.078125 0.11875
0 0.0234375 0.159375 0.028125 0.0375
0 0.484375 0.57265625 0.028125 0.0421875
0 0.4234375 0.4328125 0.03125 0.053125
0 0.23046875 0.509375 0.0296875 0.040625
0 0.2 0.18125 0.04375 0.04375
0 0.08619101821192054 0.84140625 0.0640625 0.0578125
0 0.2578125 0.50234375 0.028125 0.0421875
0 0.2338472682119206 0.16877069536423842 0.025 0.03124999999999998
0 0.23671875 0.43125 0.0265625 0.03125
0 0.18359375 0.315625 0.0265625 0.0375
0 0.8578125 0.078125 0.021875 0.0375
0 0.090625 0.51171875 0.025 0.0359375
0 0.06640625 0.6515625 0.0328125 0.046875
0 0.45703125 0.42578125 0.0359375 0.0484375
0 0.746875 0.08359375 0.028125 0.0359375
0 0.91171875 0.49921875 0.0328125 0.0578125
0 0.3453125 0.37734375 0.025 0.0390625
0 0.06015625 0.51484375 0.0296875 0.0359375
0 0.95234375 0.0515625 0.0296875 0.04375
0 0.6640625 0.27265625 0.028125 0.0546875
0 0.33359375 0.44609375 0.0328125 0.0484375
0 0.2203125 0.2328125 0.0375 0.03125
0 0.290625 0.4234375 0.025 0.040625
0 0.82578125 0.08046875 0.0296875 0.0265625
0 0.43046875 0.17265625 0.0203125 0.0296875
0 0.846875 0.45703125 0.034375 0.0484375
0 0.88125 0.365625 0.03125 0.034375
0 0.80703125 0.67421875 0.0265625 0.0359375
0 0.05625 0.58359375 0.028125 0.0390625
0 0.8875 0.07734375 0.028125 0.0421875
0 0.12734375 0.19609375 0.0203125 0.0296875
0 0.77890625 0.13125 0.0421875 0.046875
0 0.340625 0.23515625 0.021875 0.0296875
0 0.07265625 0.46953125 0.0296875 0.0390625
0 0.5171875 0.20234375 0.025 0.0328125
0 0.94453125 0.5046875 0.0296875 0.04375
0 0.19921875 0.37109375 0.0265625 0.0453125
0 0.69765625 0.0859375 0.0421875 0.05625
0 0.25859375 0.64453125 0.0296875 0.0421875
0 0.7609375 0.6140625 0.028125 0.046875
0 0.6921875 0.13125 0.03125 0.06875
0 0.96640625 0.10703125 0.0265625 0.0390625
0 0.9609375 0.390625 0.04375 0.040625
0 0.0484375 0.17578125 0.03125 0.0421875
0 0.8296875 0.6046875 0.025 0.04375
