0 0.7671875 0.27109375 0.075 0.0640625
0 0.659375 0.875 0.040625 0.0625
0 0.125 0.08125 0.071875 0.0625
0 0.13203125 0.18515625 0.0421875 0.0484375
0 0.0171875 0.54140625 0.034375 0.0640625
0 0.49921875 0.2546875 0.0578125 0.053125
0 0.57734375 0.45625 0.0390625 0.04375
0 0.20625 0.4359375 0.034375 0.040625
0 0.05390625 0.409375 0.0671875 0.0625
0 0.6234375 0.42265625 0.053125 0.0578125
0 0.78359375 0.7203125 0.0359375 0.05625
0 0.29765625 0.81015625 0.0703125 0.0765625
0 0.7453125 0.421875 0.04375 0.053125
0 0.5921875 0.5890625 0.0375 0.040625
0 0.2375 0.303125 0.034375 0.04375
0 0.340625 0.52265625 0.0375 0.0640625
0 0.69453125 0.3984375 0.0453125 0.053125
0 0.05625 0.23671875 0.034375 0.0390625
0 0.09140625 0.228125 0.0421875 0.05
0 0.046875 0.19765625 0.0375 0.0390625
0 0.48125 0.73203125 0.034375 0.0546875
0 0.1140625 0.65625 0.053125 0.05
0 0.01640625 0.175 0.0296875 0.0375
0 0.14921875 0.13515625 0.0453125 0.0546875
0 0.8734375 0.25859375 0.040625 0.0484375
0 0.26953125 0.41484375 0.0578125 0.0921875
0 0.03515625 0.465625 0.0390625 0.04375
0 0.1734375 0.60390625 0.04375 0.0484375
0 0.546875 0.32265625 0.053125 0.0546875
0 0.684375 0.55703125 0.040625 0.0453125
0 0.28671875 0.23203125 0.0453125 0.0734375
0 0.14921875 0.70859375 0.0328125 0.0484375
0 0.01796875 0.23125 0.0359375 0.046875
0 0.28203125 0.4828125 0.0328125 0.046875
0 0.1421875 0.57421875 0.04375 0.0484375
0 0.84453125 0.49453125 0.0421875 0.0453125
0 0.4234375 0.4375 0.05 0.046875
0 0.709375 0.3515625 0.0375 0.053125
0 0.05859375 0.6375 0.0515625 0.075
0 0.1609375 0.6515625 0.0375 0.046875
0 0.734375 0.02421875 0.0375 0.0484375
0 0.45234375 0.6046875 0.0328125 0.04375
0 0.140625 0.45703125 0.05625 0.0484375
0 0.54140625 0.4109375 0.0484375 0.05
0 0.94453125 0.40625 0.0453125 0.046875
0 0.5578125 0.67265625 0.040625 0.0515625
0 0.72890625 0.09453125 0.0578125 0.0671875
0 0.50625 0.178125 0.053125 0.059375
0 0.31015625 0.6515625 0.0328125 0.053125
0 0.0296875 0.0234375 0.059375 0.046875
0 0.45390625 0.85 0.0359375 0.053125
0 0.1796875 0.40234375 0.03125 0.0484375
0 0.4171875 0.4828125 0.03125 0.04375
0 0.55703125 0.2015625 0.0609375 0.05625
0 0.24921875 0.64609375 0.0546875 0.0609375
0 0.55390625 0.91015625 0.0328125 0.0359375
0 0.27578125 0.15859375 0.0828125 0.0671875
0 0.1890625 0.4890625 0.034375 0.040625
0 0.33828125 0.6765625 0.0328125 0.046875
0 0.10546875 0.60703125 0.0421875 0.0390625
0 0.596875 0.134375 0.040625 0.040625
0 0.4421875 0.47421875 0.03125 0.0390625
0 0.71953125 0.67421875 0.0390625 0.0515625
0 0.18203125 0.2328125 0.0359375 0.0375
0 0.2234375 0.48359375 0.034375 0.0546875
0 0.571875 0.72578125 0.053125 0.0515625
0 0.66484375 0.10078125 0.0421875 0.0484375
0 0.8125 0.67421875 0.04375 0.0703125
0 0.82734375 0.2765625 0.0453125 0.053125
0 0.09765625 0.43828125 0.0359375 0.0390625
0 0.42421875 0.2203125 0.0359375 0.05
0 0.196875 0.2015625 0.03125 0.0375
0 0.51953125 0.7578125 0.0390625 0.04375
0 0.23828125 0.265625 0.0265625 0.034375
0 0.25625 0.0984375 0.040625 0.05
0 0.7890625 0.4265625 0.03125 0.053125
0 0.58515625 0.89140625 0.0328125 0.0390625
0 0.39921875 0.87890625 0.0390625 0.0640625
0 0.28203125 0.75078125 0.0296875 0.0328125
0 0.81953125 0.534375 0.0296875 0.046875
0 0.62109375 0.35703125 0.0390625 0.0453125
0 0.390625 0.20078125 0.03125 0.0390625
0 0.55625 0.26484375 0.075 0.0578125
0 0.01328125 0.6140625 0.0265625 0.05
0 0.65625 0.2671875 0.04375 0.046875
0 0.4 0.0828125 0.040625 0.04375
0 0.5359375 0.36484375 0.034375 0.0359375
0 0.2015625 0.334375 0.0375 0.053125
0 0.228125 0.70078125 0.028125 0.0359375
0 0.1984375 0.71640625 0.03125 0.0390625
0 0.4296875 0.553125 0.046875 0.059375
0 0.8 0.48515625 0.034375 0.0421875
0 0.3921875 0.671875 0.059375 0.053125
0 0.34375 0.43125 0.034375 0.046875
0 0.93828125 0.52109375 0.0328125 0.0421875
0 0.6796875 0.7734375 0.034375 0.059375
0 0.75078125 0.7109375 0.0359375 0.05
0 0.12734375 0.275 0.0265625 0.040625
0 0.62109375 0.23828125 0.0484375 0.0421875
0 0.7375 0.6 0.03125 0.040625
0 0.41953125 0.1625 0.0390625 0.053125
0 0.47265625 0.31015625 0.0390625 0.0484375
0 0.06796875 0.54609375 0.0515625 0.0546875
0 0.4859375 0.48203125 0.040625 0.0671875
0 0.88671875 0.58125 0.0484375 0.046875
0 0.7203125 0.74765625 0.034375 0.0484375
0 0.44765625 0.0671875 0.0296875 0.0375
0 0.98671875 0.41015625 0.0234375 0.0390625
0 0.665625 0.18046875 0.040625 0.0515625
0 0.64921875 0.78125 0.0265625 0.040625
0 0.62421875 0.165625 0.0296875 0.04375
0 0.534375 0.60625 0.025 0.0375
0 0.68046875 0.44296875 0.0390625 0.0484375
0 0.4421875 0.1109375 0.034375 0.05
0 0.48203125 0.353125 0.0296875 0.04375
0 0.81796875 0.1734375 0.0359375 0.05
0 0.365625 0.175 0.03125 0.0375
0 0.55 0.5234375 0.03125 0.0375
0 0.665625 0.31171875 0.040625 0.0359375
0 0.83671875 0.59296875 0.0453125 0.0640625
0 0.83671875 0.40546875 0.0453125 0.1078125
0 0.065625 0.46015625 0.028125 0.0390625
0 0.296875 0.53125 0.0375 0.04375
0 0.315625 0.7359375 0.034375 0.06875
0 0.21796875 0.2359375 0.0296875 0.0375
0 0.6484375 0.4796875 0.0375 0.046875
0 0.753125 0.36796875 0.03125 0.0421875
0 0.9640625 0.5609375 0.040625 0.059375
0 0.621875 0.8421875 0.028125 0.040625
0 0.2859375 0.33515625 0.028125 0.0390625
0 0.24765625 0.79453125 0.0359375 0.0359375
0 0.3875 0.52109375 0.03125 0.0515625
0 0.5609375 0.621875 0.03125 0.040625
0 0.57578125 0.38046875 0.0359375 0.0421875
0 0.4265625 0.2875 0.046875 0.059375
0 0.24765625 0.06171875 0.0296875 0.0296875
0 0.1359375 0.02109375 0.04375 0.0421875
0 0.9328125 0.021875 0.053125 0.040625
0 0.09609375 0.17265625 0.0421875 0.0515625
0 0.8140625 0.7515625 0.034375 0.04375
0 0.75546875 0.83046875 0.0328125 0.0453125
0 0.88984375 0.675 0.0421875 0.059375
0 0.2140625 0.7875 0.028125 0.0375
0 0.8703125 0.78828125 0.025 0.0359375
0 0.25703125 0.69140625 0.0296875 0.0328125
0 0.86171875 0.1765625 0.0421875 0.0625
0 0.55234375 0.48359375 0.0265625 0.0453125
0 0.0921875 0.3453125 0.0375 0.05
0 0.01328125 0.49375 0.0234375 0.034375
0 0.975 0.50703125 0.034375 0.0359375
0 0.3171875 0.325 0.028125 0.04375
0 0.6984375 0.603125 0.028125 0.040625
0 0.2515625 0.35 0.0375 0.046875
0 0.05078125 0.3390625 0.0421875 0.053125
0 0.05 0.0703125 0.0375 0.034375
0 0.55234375 0.81796875 0.0578125 0.0859375
0 0.59296875 0.1765625 0.0328125 0.04375
0 0.10078125 0.27734375 0.0265625 0.0359375
0 0.2859375 0.71015625 0.025 0.0421875
0 0.2015625 0.54375 0.04375 0.046875
0 0.64921875 0.82578125 0.0265625 0.0359375
0 0.39296875 0.625 0.0390625 0.04375
0 0.55078125 0.5734375 0.0296875 0.0375
0 0.4285906456953642 0.7387675910596025 0.046875 0.0640625
0 0.928125 0.35234375 0.03125 0.0359375
0 0.51953125 0.6578125 0.0296875 0.046875
0 0.60234375 0.8234375 0.0203125 0.0375
0 0.7703125 0.13671875 0.05625 0.0609375
0 0.05234375 0.15078125 0.0296875 0.0515625
0 0.3359375 0.60703125 0.040625 0.0765625
0 0.48828125 0.6390625 0.0296875 0.034375
0 0.50078125 0.21640625 0.0265625 0.0203125
0 0.2578125 0.57109375 0.034375 0.0421875
0 0.70859375 0.2953125 0.0390625 0.04375
0 0.6296875 0.5265625 0.028125 0.040625
0 0.684375 0.67421875 0.0375 0.0546875
0 0.78515625 0.5328125 0.0328125 0.053125
0 0.30859375 0.43984375 0.0234375 0.0390625
0 0.53828125 0.709375 0.0234375 0.04375
0 0.1515625 0.284375 0.028125 0.040625
0 0.8546875 0.53359375 0.028125 0.0453125
0 0.79453125 0.8296875 0.0296875 0.05625
0 0.6640625 0.728125 0.040625 0.046875
0 0.38359375 0.46875 0.0328125 0.053125
0 0.209375 0.390625 0.034375 0.04375
0 0.384375 0.58125 0.03125 0.0375
0 0.32890625 0.09921875 0.0296875 0.0328125
0 0.0171875 0.29140625 0.03125 0.0453125
0 0.09609375 0.38828125 0.0265625 0.0328125
0 0.2875 0.3 0.03125 0.034375
0 0.38828125 0.1375 0.0328125 0.05625
0 0.12421875 0.3171875 0.0359375 0.046875
0 0.9796461092715232 0.3261175496688742 0.04375 0.065625
0 0.490625 0.09140625 0.040625 0.0796875
0 0.509375 0.3046875 0.028125 0.040625
0 0.353125 0.35390625 0.0375 0.0421875
0 0.92890625 0.46171875 0.0453125 0.0546875
0 0.90546875 0.090625 0.0390625 0.040625
0 0.7125 0.48046875 0.028125 0.0359375
0 0.3265625 0.19921875 0.034375 0.0421875
0 0.6109375 0.76796875 0.028125 0.0515625
0 0.8390625 0.23515625 0.028125 0.0296875
0 0.47265625 0.3859375 0.0359375 0.03125
0 0.06640625 0.27578125 0.0328125 0.0328125
0 0.11171875 0.7140625 0.0234375 0.028125
0 0.28828125 0.6390625 0.0265625 0.053125
0 0.1078125 0.12890625 0.03125 0.0296875
0 0.21015625 0.2765625 0.0265625 0.053125
0 0.12734375 0.24296875 0.0265625 0.0265625
0 0.7078125 0.52265625 0.03125 0.0453125
0 0.48984375 0.42734375 0.0234375 0.0359375
0 0.15078125 0.5140625 0.0421875 0.034375
0 0.0375 0.50234375 0.028125 0.0328125
0 0.48125 0.68125 0.034375 0.040625
0 0.88671875 0.4265625 0.0515625 0.08125
0 0.52265625 0.57578125 0.0265625 0.0359375
0 0.771875 0.6578125 0.0375 0.04375
0 0.56328125 0.9453125 0.0234375 0.04375
0 0.21796875 0.5875 0.0421875 0.053125
0 0.76875 0.59765625 0.028125 0.0484375
0 0.2640625 0.28984375 0.025 0.0296875
0 0.38671875 0.36171875 0.0265625 0.0484375
0 0.459375 0.790625 0.03125 0.059375
0 0.64375 0.38125 0.03125 0.03125
0 0.5359375 0.46640625 0.025 0.0578125
0 0.7625 0.77421875 0.025 0.0453125
0 0.6094163907284769 0.29205815397351 0.04375 0.0421875
0 0.2390625 0.1953125 0.034375 0.059375
0 0.46875 0.5390625 0.025 0.0375
0 0.2546875 0.72421875 0.028125 0.0359375
0 0.12578125 0.39375 0.0265625 0.034375
0 0.596875 0.5421875 0.028125 0.034375
0 0.30703125 0.37421875 0.0234375 0.0421875
0 0.10859375 0.503125 0.0265625 0.03125
0 0.7109375 0.7875 0.034375 0.040625
0 0.66953125 0.603125 0.0234375 0.034375
0 0.35625 0.215625 0.025 0.034375
0 0.3 0.09296875 0.034375 0.0640625
0 0.1984375 0.16171875 0.03125 0.0328125
0 0.740625 0.78046875 0.021875 0.0546875
0 0.34140625 0.140625 0.0359375 0.0375
0 0.88984375 0.53203125 0.0296875 0.0421875
0 0.24453125 0.76015625 0.0234375 0.0265625
0 0.80546875 0.33359375 0.0296875 0.0359375
0 0.6875 0.5 0.025 0.040625
0 0.47578125 0.2265625 0.0234375 0.034375
0 0.16875 0.184375 0.025 0.04375
0 0.453125 0.6578125 0.046875 0.053125
0 0.75546875 0.87421875 0.0234375 0.0421875
0 0.8953125 0.34765625 0.03125 0.0515625
0 0.18984375 0.79296875 0.0234375 0.0328125
0 0.15703125 0.234375 0.0296875 0.046875
0 0.1109375 0.5296875 0.03125 0.0375
0 0.63203125 0.7453125 0.0234375 0.034375
0 0.190625 0.6703125 0.028125 0.046875
0 0.85859375 0.70234375 0.0265625 0.0265625
0 0.465625 0.43203125 0.025 0.0484375
0 0.81328125 0.44453125 0.0234375 0.0484375
0 0.62734375 0.796875 0.0203125 0.040625
0 0.2515625 0.52421875 0.034375 0.0421875
0 0.00546875 0.64765625 0.0109375 0.0296875
0 0.621875 0.69453125 0.040625 0.0484375
0 0.68046875 0.06015625 0.0296875 0.0296875
0 0.36796875 0.56328125 0.0359375 0.0328125
0 0.84765625 0.81640625 0.0296875 0.0390625
0 0.85234375 0.7375 0.0296875 0.028125
0 0.39295322847682124 0.7745136589403974 0.10347682119205297 0.13038079470198688
0 0.3515625 0.8055567052980133 0.01655629139072854 0.018625827814569628
0 0.37018832781456956 0.8117653145695364 0.01655629139072854 0.02069536423841072
