0 0.32578125 0.47734375 0.0421875 0.0515625
0 0.5390625 0.28828125 0.046875 0.0453125
0 0.84609375 0.159375 0.0546875 0.0625
0 0.68359375 0.73828125 0.0578125 0.0609375
0 0.209375 0.69765625 0.084375 0.0796875
0 0.3140625 0.6828125 0.053125 0.059375
0 0.12109375 0.37265625 0.0453125 0.0609375
0 0.378125 0.25234375 0.0375 0.0546875
0 0.43203125 0.43046875 0.0359375 0.0390625
0 0.43515625 0.728125 0.0328125 0.040625
0 0.3359375 0.32109375 0.034375 0.0515625
0 0.90078125 0.1546875 0.0578125 0.08125
0 0.13828125 0.5375 0.0671875 0.06875
0 0.12734375 0.64921875 0.0421875 0.0515625
0 0.17578125 0.57890625 0.0484375 0.0484375
0 0.24453125 0.6015625 0.0453125 0.05625
0 0.190625 0.3734375 0.03125 0.040625
0 0.7484375 0.5328125 0.05625 0.059375
0 0.153125 0.13984375 0.090625 0.1234375
0 0.29296875 0.521875 0.0484375 0.046875
0 0.24140625 0.55078125 0.0421875 0.0453125
0 0.9828694122516557 0.21220509105960267 0.0296875 0.05156250000000018
0 0.5671875 0.15546875 0.040625 0.0453125
0 0.58203125 0.10234375 0.0421875 0.0515625
0 0.465625 0.51171875 0.071875 0.0703125
0 0.8140625 0.41171875 0.059375 0.0734375
0 0.675 0.221875 0.04375 0.075
0 0.5796875 0.06015625 0.03125 0.0265625
0 0.6140625 0.15390625 0.0375 0.0453125
0 0.91953125 0.4953125 0.0390625 0.05
0 0.81015625 0.08515625 0.0359375 0.0671875
0 0.2484375 0.6609375 0.053125 0.05
0 0.68203125 0.10859375 0.0515625 0.0859375
0 0.10390625 0.75234375 0.0671875 0.0703125
0 0.40625 0.69140625 0.04375 0.0609375
0 0.475 0.71640625 0.034375 0.0453125
0 0.18671875 0.01875 0.0390625 0.0375
0 0.2890625 0.56640625 0.034375 0.0453125
0 0.4875 0.115625 0.046875 0.0625
0 0.41171875 0.2390625 0.0265625 0.0375
0 0.084375 0.665625 0.03125 0.034375
0 0.0546875 0.27997723509933775 0.10625 0.20057947019867547
0 0.4203125 0.39609375 0.03125 0.0453125
0 0.10703125 0.07421875 0.0390625 0.0390625
0 0.65546875 0.153125 0.0296875 0.05625
0 0.19632657284768218 0.765625 0.0375 0.043749999999999914
0 0.2015625 0.63046875 0.046875 0.0453125
0 0.1125 0.6 0.0375 0.05625
0 0.3609375 0.471875 0.034375 0.04375
0 0.8453125 0.31015625 0.046875 0.0984375
0 0.396875 0.48828125 0.0375 0.0390625
0 0.45234375 0.275 0.0421875 0.059375
0 0.6890625 0.40546875 0.028125 0.0484375
0 0.26171875 0.33046875 0.1046875 0.1484375
0 0.43203125 0.21015625 0.0328125 0.0453125
0 0.54375 0.50078125 0.078125 0.0703125
0 0.1359375 0.42578125 0.028125 0.0546875
0 0.36640625 0.5421875 0.0640625 0.084375
0 0.60859375 0.29765625 0.0296875 0.0515625
0 0.51484375 0.17734375 0.0359375 0.0515625
0 0.41640625 0.30078125 0.0359375 0.0859375
0 0.025 0.08671875 0.040625 0.0671875
0 0.71328125 0.55859375 0.0328125 0.0421875
0 0.94296875 0.28828125 0.0421875 0.0578125
0 0.53203125 0.2171875 0.0359375 0.059375
0 0.6265625 0.61015625 0.05 0.0671875
0 0.41171875 0.15390625 0.0328125 0.0359375
0 0.728125 0.29921875 0.053125 0.0734375
0 0.7765625 0.484375 0.034375 0.04375
0 0.378125 0.1703125 0.03125 0.046875
0 0.353125 0.27890625 0.03125 0.0359375
0 0.28984375 0.1765625 0.0578125 0.065625
0 0.48742239238410595 0.35853683774834433 0.0771833609271523 0.06001655629139076
0 0.64140625 0.3046875 0.0328125 0.046875
0 0.6234375 0.4859375 0.059375 0.046875
0 0.00859375 0.7587644867549669 0.0171875 0.0812499999999999
0 0.4609375 0.64765625 0.034375 0.0421875
0 0.79453125 0.309375 0.0328125 0.075
0 0.98203125 0.04609375 0.0296875 0.0453125
0 0.3875 0.39921875 0.025 0.0390625
0 0.3234375 0.25546875 0.0375 0.0609375
0 0.62421875 0.1125 0.0359375 0.040625
0 0.08515625 0.346875 0.0546875 0.071875
0 0.3375 0.20234375 0.03125 0.0359375
0 0.128125 0.0234375 0.034375 0.046875
0 0.365625 0.40078125 0.028125 0.0390625
0 0.02265625 0.546875 0.0453125 0.096875
0 0.89453125 0.02421875 0.0390625 0.0453125
0 0.88671875 0.32734375 0.0453125 0.0640625
0 0.6640625 0.5203125 0.05 0.05625
0 0.74375 0.1515625 0.046875 0.05625
0 0.6542011589403973 0.37031250000000004 0.046875 0.09375000000000026
0 0.7671875 0.35546875 0.040625 0.0484375
0 0.2171875 0.1625 0.065625 0.084375
0 0.85390625 0.48671875 0.0234375 0.0421875
0 0.18984375 0.31875 0.0546875 0.053125
0 0.95703125 0.359375 0.0359375 0.04375
0 0.53671875 0.1203125 0.0234375 0.04375
0 0.3390625 0.1203125 0.028125 0.071875
0 0.6921875 0.3078125 0.0375 0.071875
0 0.08359375 0.70859375 0.0390625 0.0453125
0 0.75078125 0.4109375 0.0359375 0.05
0 0.5265625 0.5640625 0.034375 0.040625
0 0.6375 0.21953125 0.025 0.0390625
0 0.8984375 0.2671875 0.034375 0.046875
0 0.62890625 0.43359375 0.0328125 0.0453125
0 0.459375 0.4640625 0.028125 0.03125
0 0.71875 0.35625 0.03125 0.040625
0 0.34765625 0.6078125 0.0609375 0.05
0 0.340625 0.3890625 0.025 0.040625
0 0.54921875 0.0703125 0.0296875 0.03125
0 0.82109375 0.4765625 0.0453125 0.046875
0 0.14453125 0.47578125 0.0453125 0.0390625
0 0.025 0.6328125 0.025 0.04375
0 0.265625 0.7880277317880795 0.034375 0.03750000000000009
0 0.92734375 0.23203125 0.0359375 0.0453125
0 0.85546875 0.10390625 0.0328125 0.0484375
0 0.95390625 0.07578125 0.0328125 0.0421875
0 0.0609375 0.64453125 0.034375 0.0421875
0 0.58671875 0.54375 0.0703125 0.06875
0 0.8953125 0.08203125 0.034375 0.0484375
0 0.08671875 0.5765625 0.0296875 0.04375
0 0.1734375 0.28828125 0.034375 0.0328125
0 0.19765625 0.48203125 0.0578125 0.0484375
0 0.446875 0.090625 0.028125 0.046875
0 0.12421875 0.284375 0.0390625 0.05625
0 0.66328125 0.4375 0.0265625 0.0375
0 0.50078125 0.2953125 0.0359375 0.053125
0 0.07890625 0.1328125 0.0484375 0.084375
0 0.92890625 0.04765625 0.0265625 0.0359375
0 0.1984375 0.5328125 0.03125 0.040625
0 0.36953125 0.334375 0.0453125 0.0375
0 0.37421875 0.13515625 0.0265625 0.0328125
0 0.50703125 0.24296875 0.0296875 0.0421875
0 0.9578125 0.48515625 0.025 0.0421875
0 0.49609375 0.4046875 0.0265625 0.03125
0 0.05859375 0.45 0.0359375 0.05
0 0.4109375 0.4625 0.03125 0.034375
0 0.9545115894039735 0.1901593543046358 0.025 0.05312500000000005
0 0.0859375 0.48671875 0.046875 0.0578125
0 0.5703125 0.2171875 0.028125 0.05
0 0.9234375 0.43984375 0.028125 0.0578125
0 0.7453125 0.2296875 0.028125 0.04375
0 0.853125 0.4390625 0.021875 0.034375
0 0.046875 0.40625 0.034375 0.05
0 0.265625 0.48984375 0.040625 0.0515625
0 0.1328125 0.23671875 0.028125 0.0328125
0 0.37578125 0.09609375 0.0296875 0.0390625
0 0.9765625 0.12421875 0.040625 0.0890625
0 0.534375 0.425 0.0375 0.046875
0 0.4609375 0.18984375 0.028125 0.0515625
0 0.4734375 0.07421875 0.025 0.0265625
0 0.98828125 0.48828125 0.0171875 0.0453125
0 0.384375 0.4390625 0.03125 0.040625
0 0.82265625 0.03671875 0.0265625 0.0359375
0 0.20703125 0.4078125 0.0296875 0.034375
0 0.49921875 0.45 0.0359375 0.053125
0 0.7421875 0.47578125 0.025 0.0484375
0 0.4671875 0.228125 0.021875 0.034375
0 0.7231839817880795 0.07550703642384106 0.0328125 0.040625
0 0.58046875 0.3015625 0.0234375 0.034375
0 0.31171875 0.3828125 0.0234375 0.046875
0 0.159375 0.678125 0.034375 0.034375
0 0.0265625 0.68828125 0.046875 0.0515625
0 0.14140625 0.31953125 0.0234375 0.0328125
0 0.5642073675496688 0.35905422185430463 0.0610513245033113 0.07139900662251657
0 0.16796875 0.421875 0.0265625 0.046875
0 0.53671875 0.6046875 0.0296875 0.04375
0 0.40625 0.11875 0.021875 0.034375
0 0.44453125 0.1609375 0.0203125 0.034375
0 0.23359375 0.2546875 0.0296875 0.0375
0 0.21171875 0.59765625 0.0203125 0.0234375
