0 0.52890625 0.70078125 0.0453125 0.0578125
0 0.59921875 0.70234375 0.0453125 0.0578125
0 0.3515625 0.76484375 0.046875 0.0703125
0 0.02734375 0.1890625 0.0546875 0.05625
0 0.75 0.46796875 0.05 0.0734375
0 0.53046875 0.603125 0.0359375 0.04375
0 0.08046875 0.41640625 0.0453125 0.0640625
0 0.0546875 0.54609375 0.065625 0.0921875
0 0.14765625 0.35859375 0.0703125 0.0703125
0 0.02109375 0.7083402317880795 0.0359375 0.05
0 0.5484375 0.140625 0.053125 0.053125
0 0.74375 0.075 0.059375 0.059375
0 0.30390625 0.40625 0.0578125 0.05625
0 0.84140625 0.08125 0.0921875 0.090625
0 0.1046875 0.11875 0.05 0.05625
0 0.1640625 0.128125 0.040625 0.05
0 0.1515625 0.48515625 0.046875 0.0703125
0 0.72109375 0.41484375 0.0578125 0.0609375
0 0.23671875 0.5265625 0.0296875 0.040625
0 0.2984375 0.55078125 0.0375 0.0390625
0 0.23359375 0.859375 0.0453125 0.0375
0 0.09140625 0.81875 0.0359375 0.071875
0 0.61171875 0.209375 0.0546875 0.046875
0 0.5921875 0.28125 0.065625 0.075
0 0.27265625 0.7078125 0.0421875 0.05625
0 0.5375 0.09140625 0.040625 0.0578125
0 0.35 0.4515625 0.05 0.05625
0 0.3560171771523179 0.5797081953642385 0.0359375 0.053125
0 0.47421875 0.5890625 0.0671875 0.075
0 0.2625 0.55546875 0.03125 0.0390625
0 0.65859375 0.33984375 0.0546875 0.0578125
0 0.4171875 0.54921875 0.034375 0.0421875
0 0.14765625 0.6296875 0.0421875 0.040625
0 0.38515625 0.50390625 0.0296875 0.0484375
0 0.5546875 0.50703125 0.04375 0.0578125
0 0.64296875 0.4015625 0.0765625 0.0625
0 0.1859375 0.83125 0.05 0.05625
0 0.48203125 0.49453125 0.0359375 0.0421875
0 0.475 0.36015625 0.028125 0.0484375
0 0.18203125 0.565625 0.0359375 0.04375
0 0.26328125 0.76640625 0.0421875 0.0421875
0 0.56171875 0.1828125 0.0328125 0.040625
0 0.1859375 0.4265625 0.03125 0.034375
0 0.13359375 0.2890625 0.0390625 0.040625
0 0.2828125 0.6 0.034375 0.053125
0 0.4453125 0.46640625 0.040625 0.0515625
0 0.6359375 0.62890625 0.034375 0.0671875
0 0.2078125 0.62734375 0.040625 0.0484375
0 0.01796875 0.25546875 0.0359375 0.0546875
0 0.5640625 0.35078125 0.1125 0.0921875
0 0.06796875 0.07265625 0.0515625 0.0546875
0 0.80078125 0.30078125 0.0390625 0.0390625
0 0.15078125 0.58515625 0.0328125 0.0390625
0 0.24609375 0.346875 0.0421875 0.04375
0 0.33046875 0.20234375 0.0296875 0.0421875
0 0.31875 0.596875 0.034375 0.065625
0 0.175 0.30078125 0.04375 0.0390625
0 0.2171875 0.38984375 0.06875 0.0609375
0 0.9546875 0.45546875 0.046875 0.0515625
0 0.4734375 0.30078125 0.040625 0.0609375
0 0.89375 0.4984375 0.028125 0.046875
0 0.26953125 0.14765625 0.1359375 0.1265625
0 0.0640625 0.1265625 0.034375 0.034375
0 0.45078125 0.18359375 0.0328125 0.0421875
0 0.221875 0.56640625 0.040625 0.0390625
0 0.35078125 0.63125 0.0390625 0.0375
0 0.26484375 0.44453125 0.0296875 0.0515625
0 0.30703125 0.23359375 0.0296875 0.0328125
0 0.1359375 0.171875 0.03125 0.046875
0 0.52890625 0.2625 0.0390625 0.06875
0 0.20625 0.26015625 0.0625 0.0734375
0 0.35859375 0.39453125 0.0390625 0.0546875
0 0.721875 0.615625 0.05 0.075
0 0.41171875 0.10625 0.0296875 0.05
0 0.9234375 0.4953125 0.03125 0.04375
0 0.784375 0.40703125 0.04375 0.0578125
0 0.33125 0.52109375 0.05 0.0609375
0 0.03125 0.14609375 0.0375 0.0359375
0 0.6794339817880795 0.527069536423841 0.0359375 0.04375
0 0.8296875 0.3875 0.046875 0.05625
0 0.690625 0.46953125 0.040625 0.0578125
0 0.2703125 0.5203125 0.034375 0.0375
0 0.3234375 0.35546875 0.03125 0.0421875
0 0.46875 0.23515625 0.034375 0.0484375
0 0.31953125 0.72578125 0.0296875 0.0484375
0 0.33984375 0.303125 0.0296875 0.0625
0 0.8640625 0.41640625 0.040625 0.0515625
0 0.54140625 0.42265625 0.0328125 0.0421875
0 0.9546875 0.346875 0.0375 0.053125
0 0.6796875 0.1765625 0.0375 0.040625
0 0.965625 0.11484375 0.059375 0.0734375
0 0.87109375 0.29296875 0.0609375 0.1390625
0 0.43359375 0.50859375 0.0234375 0.0421875
0 0.84765625 0.4625 0.0328125 0.034375
0 0.64453125 0.45390625 0.0296875 0.0421875
0 0.209375 0.51328125 0.0375 0.0640625
0 0.29296875 0.31875 0.0359375 0.053125
0 0.42109375 0.22265625 0.0546875 0.0578125
0 0.18125 0.6546875 0.028125 0.04375
0 0.12890625 0.81875 0.0359375 0.065625
0 0.525 0.76484375 0.03125 0.0484375
0 0.23984375 0.615625 0.0421875 0.0375
0 0.01875 0.31796875 0.0375 0.0765625
0 0.9375 0.26953125 0.046875 0.0921875
0 0.2453125 0.80703125 0.034375 0.0484375
0 0.50234375 0.1140625 0.0328125 0.040625
0 0.0703125 0.15703125 0.040625 0.0453125
0 0.103125 0.2421875 0.03125 0.046875
0 0.07421875 0.34453125 0.0453125 0.0703125
0 0.44375 0.68125 0.03125 0.04375
0 0.5 0.4046875 0.040625 0.040625
0 0.4328125 0.0640625 0.025 0.028125
0 0.4953125 0.06171875 0.034375 0.0359375
0 0.103125 0.56015625 0.028125 0.0484375
0 0.2640625 0.38125 0.03125 0.04375
0 0.3546875 0.10703125 0.084375 0.0796875
0 0.15625 0.4171875 0.03125 0.040625
0 0.68046875 0.6234375 0.0265625 0.046875
0 0.59453125 0.09609375 0.0421875 0.0390625
0 0.1453125 0.06484375 0.046875 0.0328125
0 0.39609375 0.76484375 0.0421875 0.0609375
0 0.259375 0.5859375 0.025 0.028125
0 0.49453125 0.1984375 0.0484375 0.05625
0 0.70390625 0.12578125 0.0359375 0.0515625
0 0.10234375 0.175 0.0328125 0.0375
0 0.753125 0.35625 0.0625 0.05
0 0.61171875 0.5796875 0.0296875 0.04375
0 0.290625 0.4828125 0.03125 0.040625
0 0.36484375 0.32734375 0.0296875 0.0515625
0 0.3609375 0.18359375 0.040625 0.0640625
0 0.1734375 0.60546875 0.028125 0.0328125
0 0.0578125 0.82734375 0.025 0.0421875
0 0.86484375 0.5 0.0296875 0.034375
0 0.25 0.05703125 0.03125 0.0328125
0 0.6078125 0.146875 0.021875 0.03125
0 0.2390625 0.47578125 0.034375 0.0515625
0 0.22578125 0.72734375 0.0453125 0.0515625
0 0.3125 0.6734375 0.034375 0.059375
0 0.18828125 0.76328125 0.0265625 0.0453125
0 0.4375 0.37109375 0.028125 0.0390625
0 0.12734375 0.53125 0.0296875 0.040625
0 0.4875 0.69375 0.025 0.046875
0 0.9140625 0.41640625 0.040625 0.0546875
0 0.9171875 0.35703125 0.028125 0.0484375
0 0.43125 0.30234375 0.034375 0.0640625
0 0.40546875 0.45703125 0.0296875 0.0328125
0 0.13984375 0.76640625 0.0296875 0.0453125
0 0.3140625 0.475 0.025 0.05
0 0.0421875 0.42421875 0.028125 0.0421875
0 0.028125 0.378125 0.040625 0.046875
0 0.50390625 0.3640625 0.0203125 0.03125
0 0.409375 0.17578125 0.04375 0.0546875
0 0.7484375 0.25703125 0.028125 0.0515625
0 0.70234375 0.27421875 0.0453125 0.0734375
0 0.83828125 0.1953125 0.0921875 0.090625
0 0.4078125 0.6953125 0.03125 0.059375
0 0.6046875 0.63125 0.025 0.040625
0 0.4578125 0.11015625 0.04375 0.0671875
0 0.08203125 0.4796875 0.0328125 0.046875
0 0.38359375 0.43046875 0.0265625 0.0390625
0 0.759375 0.128125 0.04375 0.046875
0 0.57109375 0.42109375 0.0328125 0.0421875
0 0.58671875 0.55625 0.0265625 0.040625
0 0.9515625 0.528125 0.03125 0.040625
0 0.51328125 0.56484375 0.0296875 0.0390625
0 0.33203125 0.2515625 0.0234375 0.034375
0 0.9453125 0.39375 0.025 0.0375
0 0.75078125 0.309375 0.0296875 0.040625
0 0.79921875 0.2609375 0.0328125 0.040625
0 0.0171875 0.12265625 0.025 0.0234375
0 0.40390625 0.37109375 0.0234375 0.0328125
0 0.63671875 0.55390625 0.0296875 0.0609375
0 0.2921875 0.7421875 0.021875 0.03125
0 0.07578125 0.1953125 0.0296875 0.028125
0 0.16171875 0.1953125 0.0546875 0.06875
0 0.26953125 0.65390625 0.0453125 0.0390625
0 0.08671875 0.75625 0.0234375 0.04375
0 0.30234375 0.27109375 0.0265625 0.0359375
0 0.81328125 0.1421875 0.0359375 0.046875
0 0.228125 0.8234375 0.025 0.03125
0 0.56953125 0.23046875 0.0265625 0.0359375
0 0.11796875 0.43984375 0.0328125 0.0421875
0 0.9109375 0.06171875 0.046875 0.0671875
0 0.390625 0.315625 0.028125 0.0375
0 0.190625 0.0953125 0.034375 0.040625
0 0.075 0.25390625 0.021875 0.0296875
0 0.0640625 0.2234375 0.040625 0.034375
0 0.37578125 0.7125 0.0359375 0.03125
0 0.72421875 0.51953125 0.0390625 0.0515625
