0 0.80078125 0.35390625 0.0453125 0.0546875
0 0.4125 0.69453125 0.0625 0.0828125
0 0.19140625 0.23828125 0.0359375 0.0359375
0 0.23125 0.6703125 0.05 0.053125
0 0.284375 0.22578125 0.0375 0.0421875
0 0.278125 0.78046875 0.0625 0.0671875
0 0.0828125 0.58984375 0.075 0.0859375
0 0.3890625 0.27734375 0.034375 0.0421875
0 0.5234375 0.56953125 0.0375 0.0578125
0 0.95859375 0.3921875 0.0484375 0.05
0 0.80234375 0.2546875 0.0453125 0.05625
0 0.39765625 0.19375 0.0453125 0.05
0 0.21953125 0.20546875 0.0390625 0.0453125
0 0.3234375 0.6765625 0.046875 0.05
0 0.340625 0.73046875 0.0375 0.0515625
0 0.6125 0.84453125 0.05 0.0703125
0 0.6671875 0.50078125 0.0875 0.0734375
0 0.3484375 0.3203125 0.05625 0.071875
0 0.2140625 0.396875 0.040625 0.046875
0 0.071875 0.65859375 0.0375 0.0453125
0 0.6953125 0.07265625 0.053125 0.0609375
0 0.40390625 0.77578125 0.0328125 0.0484375
0 0.1796875 0.4578125 0.053125 0.05
0 0.50078125 0.32421875 0.0484375 0.0578125
0 0.74921875 0.46328125 0.0453125 0.0578125
0 0.22265625 0.1515625 0.0546875 0.059375
0 0.6890625 0.3046875 0.03125 0.046875
0 0.2015625 0.52734375 0.084375 0.0921875
0 0.23359375 0.4640625 0.0359375 0.034375
0 0.021875 0.59609375 0.040625 0.0578125
0 0.09296875 0.159375 0.0328125 0.046875
0 0.16953125 0.13046875 0.0359375 0.0421875
0 0.89765625 0.38125 0.0484375 0.075
0 0.43984375 0.509375 0.0328125 0.046875
0 0.29765625 0.55625 0.0609375 0.0625
0 0.0765625 0.1078125 0.03125 0.04375
0 0.2875 0.8703125 0.0375 0.046875
0 0.15703125 0.64140625 0.0515625 0.0484375
0 0.48203125 0.40078125 0.0421875 0.0578125
0 0.54375 0.78046875 0.0375 0.0765625
0 0.66953125 0.88046875 0.0421875 0.0765625
0 0.603125 0.20859375 0.04375 0.0546875
0 0.19609375 0.71875 0.0359375 0.04375
0 0.071875 0.83203125 0.040625 0.0421875
0 0.4609375 0.33984375 0.0375 0.0546875
0 0.03046875 0.76484375 0.0328125 0.0609375
0 0.57109375 0.2515625 0.0453125 0.053125
0 0.578125 0.4375 0.05 0.075
0 0.109375 0.11171875 0.03125 0.0421875
0 0.21796875 0.28125 0.0453125 0.053125
0 0.06953125 0.1984375 0.0390625 0.053125
0 0.65703125 0.375 0.0453125 0.06875
0 0.14609375 0.3203125 0.0421875 0.06875
0 0.56640625 0.18515625 0.0390625 0.0640625
0 0.36640625 0.096875 0.0546875 0.05625
0 0.87890625 0.48359375 0.0390625 0.0484375
0 0.046875 0.37734375 0.053125 0.0609375
0 0.25234375 0.178125 0.0296875 0.034375
0 0.71015625 0.18515625 0.0328125 0.0359375
0 0.928125 0.1515625 0.0375 0.040625
0 0.159375 0.5859375 0.040625 0.05
0 0.76015625 0.028125 0.0359375 0.040625
0 0.30078125 0.3890625 0.0515625 0.053125
0 0.03125 0.6984375 0.034375 0.059375
0 0.64921875 0.11015625 0.0390625 0.0484375
0 0.384375 0.528125 0.034375 0.05625
0 0.30390625 0.728125 0.0328125 0.040625
0 0.9640625 0.55625 0.05625 0.065625
0 0.06875 0.71796875 0.034375 0.0546875
0 0.26796875 0.70390625 0.0390625 0.0453125
0 0.60625 0.76796875 0.0375 0.0765625
0 0.6046875 0.3453125 0.0375 0.059375
0 0.6 0.1265625 0.040625 0.05
0 0.09140625 0.7703125 0.0453125 0.06875
0 0.2515625 0.34296875 0.05625 0.0578125
0 0.0578125 0.284375 0.03125 0.0375
0 0.5661527317880795 0.558826572847682 0.040625 0.04999999999999982
0 0.42421875 0.29765625 0.0390625 0.0484375
0 0.234375 0.71875 0.0375 0.0375
0 0.18828125 0.35390625 0.0421875 0.0546875
0 0.27734375 0.6671875 0.0328125 0.04375
0 0.5265625 0.18515625 0.028125 0.0515625
0 0.51640625 0.26796875 0.0484375 0.0515625
0 0.2578125 0.62890625 0.028125 0.0390625
0 0.9296875 0.49609375 0.05625 0.0796875
0 0.9796875 0.690625 0.034375 0.071875
0 0.23046875 0.59140625 0.0421875 0.0390625
0 0.3015625 0.4375 0.040625 0.040625
0 0.896875 0.31171875 0.0375 0.0515625
0 0.33125 0.2390625 0.0375 0.040625
0 0.4328125 0.415625 0.040625 0.05625
0 0.63671875 0.17734375 0.0390625 0.0421875
0 0.459375 0.1828125 0.040625 0.078125
0 0.28984375 0.4953125 0.0328125 0.046875
0 0.5578125 0.50234375 0.028125 0.0421875
0 0.20390625 0.61328125 0.0421875 0.0515625
0 0.26484375 0.26796875 0.0265625 0.0421875
0 0.8072226821192053 0.6395902317880795 0.046875 0.06875
0 0.325 0.184375 0.046875 0.053125
0 0.09453125 0.30703125 0.0453125 0.0859375
0 0.13828125 0.796875 0.0484375 0.046875
0 0.746875 0.30234375 0.034375 0.0578125
0 0.721875 0.41484375 0.0375 0.0515625
0 0.4265625 0.22578125 0.0375 0.0453125
0 0.45546875 0.75 0.0484375 0.059375
0 0.7 0.6546875 0.0375 0.053125
0 0.734375 0.13125 0.03125 0.040625
0 0.36953125 0.8578125 0.0421875 0.071875
0 0.678125 0.7046875 0.028125 0.04375
0 0.721875 0.59375 0.0375 0.05
0 0.0390625 0.46171875 0.046875 0.0828125
0 0.65859375 0.21875 0.0390625 0.05
0 0.0359375 0.18828125 0.034375 0.0390625
0 0.734375 0.22734375 0.03125 0.0578125
0 0.01640625 0.34140625 0.0296875 0.0703125
0 0.04921875 0.3234375 0.0328125 0.040625
0 0.296875 0.07734375 0.040625 0.0515625
0 0.1640625 0.7203125 0.028125 0.05625
0 0.628125 0.68515625 0.059375 0.0546875
0 0.18046875 0.278125 0.0328125 0.04375
0 0.47421875 0.44453125 0.0328125 0.0484375
0 0.74921875 0.17890625 0.0328125 0.0359375
0 0.10078125 0.71953125 0.0265625 0.0359375
0 0.146875 0.25625 0.053125 0.05625
0 0.13359375 0.7296875 0.0265625 0.040625
0 0.1390625 0.09453125 0.034375 0.0453125
0 0.2828125 0.17734375 0.034375 0.0390625
0 0.2763089817880795 0.6057015728476822 0.0296875 0.046875
0 0.49375 0.6359375 0.034375 0.05
0 0.36875 0.2515625 0.03125 0.04375
0 0.46875 0.6875 0.040625 0.078125
0 0.44765625 0.10625 0.0453125 0.05625
0 0.01171875 0.2078125 0.0234375 0.059375
0 0.49140625 0.79453125 0.0359375 0.0890625
0 0.9765625 0.19140625 0.028125 0.0359375
0 0.68125 0.57421875 0.034375 0.0578125
0 0.58203125 0.7265625 0.0328125 0.05
0 0.425 0.584375 0.05 0.059375
0 0.34921875 0.37734375 0.0328125 0.0390625
0 0.715625 0.48359375 0.034375 0.0578125
0 0.28515625 0.2953125 0.0328125 0.0375
0 0.36953125 0.76875 0.0328125 0.046875
0 0.546875 0.6171875 0.04375 0.08125
0 0.9515625 0.28671875 0.040625 0.0578125
0 0.0875 0.45546875 0.040625 0.0640625
0 0.52109375 0.128125 0.0390625 0.040625
0 0.0109375 0.11171875 0.021875 0.0640625
0 0.12109375 0.37265625 0.0328125 0.0578125
0 0.3640625 0.1625 0.0375 0.04375
0 0.471875 0.50234375 0.03125 0.0359375
0 0.16953125 0.40703125 0.0484375 0.0421875
0 0.509375 0.48984375 0.025 0.0421875
0 0.70234375 0.121875 0.0390625 0.0375
0 0.8859375 0.81484375 0.075 0.0984375
0 0.7328125 0.72890625 0.0375 0.1171875
0 0.23515625 0.08359375 0.0390625 0.0671875
0 0.7328125 0.08828125 0.03125 0.0390625
0 0.39765625 0.23515625 0.0265625 0.0390625
0 0.440625 0.81015625 0.0375 0.0671875
0 0.4796875 0.5609375 0.040625 0.05
0 0.78984375 0.084375 0.0265625 0.04375
0 0.009375 0.4234375 0.01875 0.046875
0 0.97265625 0.44296875 0.0328125 0.0453125
0 0.11796875 0.684375 0.0296875 0.04375
0 0.875 0.534375 0.028125 0.053125
0 0.1703125 0.20859375 0.028125 0.0359375
0 0.67265625 0.1515625 0.0359375 0.05
0 0.14765625 0.6828125 0.0234375 0.03125
0 0.80546875 0.3125 0.0265625 0.03125
0 0.13072226821192054 0.535430463576159 0.0375 0.04687500000000009
0 0.85 0.04375 0.034375 0.046875
0 0.38828125 0.40546875 0.0734375 0.0828125
0 0.3046875 0.26328125 0.028125 0.0296875
0 0.84296875 0.184375 0.0265625 0.071875
0 0.85078125 0.30078125 0.0296875 0.0359375
0 0.51875 0.43984375 0.034375 0.0453125
0 0.88515625 0.0703125 0.0265625 0.040625
0 0.3828125 0.60703125 0.034375 0.0453125
0 0.56953125 0.3640625 0.0359375 0.059375
0 0.62578125 0.40234375 0.0296875 0.0390625
0 0.00859375 0.55625 0.0171875 0.0375
0 0.6234375 0.1453125 0.025 0.03125
0 0.5765625 0.79375 0.025 0.05
0 0.35625 0.215625 0.021875 0.025
0 0.18125 0.83046875 0.0375 0.0390625
0 0.95546875 0.7953125 0.0546875 0.08125
0 0.64375 0.05625 0.025 0.034375
0 0.221875 0.81484375 0.034375 0.0421875
0 0.76796875 0.3859375 0.0296875 0.040625
0 0.0734375 0.2515625 0.028125 0.03125
0 0.28515625 0.4609375 0.0234375 0.028125
0 0.03671875 0.13125 0.0328125 0.034375
0 0.41953125 0.1375 0.0265625 0.04375
0 0.6421875 0.61171875 0.028125 0.0515625
0 0.8203125 0.41875 0.059375 0.084375
0 0.6953125 0.2125 0.021875 0.028125
0 0.34140625 0.60390625 0.0421875 0.0390625
0 0.1296875 0.18359375 0.040625 0.1171875
0 0.05703125 0.07109375 0.0265625 0.0359375
0 0.02421875 0.28515625 0.0265625 0.0328125
0 0.8484375 0.25546875 0.03125 0.0453125
0 0.578125 0.6265625 0.025 0.03125
0 0.66953125 0.2734375 0.0234375 0.028125
0 0.86875 0.603125 0.04375 0.05625
0 0.184375 0.09609375 0.03125 0.0453125
0 0.49921875 0.525 0.0265625 0.034375
0 0.840625 0.57734375 0.03125 0.0859375
0 0.3015625 0.13828125 0.03125 0.0359375
0 0.25390625 0.21171875 0.0203125 0.0265625
0 0.53046875 0.51015625 0.0203125 0.0453125
0 0.5234375 0.71953125 0.0375 0.0453125
0 0.62109375 0.4640625 0.0296875 0.040625
0 0.9453125 0.621875 0.034375 0.046875
0 0.771875 0.51875 0.04375 0.04375
0 0.22265625 0.75 0.0296875 0.034375
0 0.23515625 0.84609375 0.0234375 0.0359375
0 0.33671875 0.42734375 0.0234375 0.0296875
0 0.58828125 0.65546875 0.0296875 0.0421875
