0 0.775 0.253125 0.059375 0.065625
0 0.065625 0.525 0.040625 0.053125
0 0.81328125 0.42265625 0.0359375 0.0484375
0 0.084375 0.74765625 0.040625 0.0546875
0 0.3109375 0.73203125 0.0375 0.0453125
0 0.859375 0.4296875 0.034375 0.046875
0 0.57734375 0.46796875 0.0515625 0.0609375
0 0.27734375 0.628125 0.0328125 0.046875
0 0.89609375 0.46328125 0.0546875 0.0703125
0 0.828125 0.4625 0.03125 0.034375
0 0.23984375 0.7078125 0.0453125 0.040625
0 0.1796875 0.653125 0.034375 0.046875
0 0.0359375 0.7484375 0.040625 0.046875
0 0.165625 0.36796875 0.040625 0.0484375
0 0.41796875 0.27890625 0.0453125 0.0546875
0 0.046875 0.43671875 0.053125 0.0578125
0 0.17578125 0.178125 0.0390625 0.046875
0 0.51328125 0.365625 0.0328125 0.05625
0 0.4734375 0.37265625 0.04375 0.0640625
0 0.72734375 0.4640625 0.0390625 0.0375
0 0.77734375 0.45546875 0.0421875 0.0546875
0 0.21171875 0.090625 0.0328125 0.046875
0 0.54921875 0.403125 0.0546875 0.053125
0 0.18828125 0.55390625 0.0296875 0.0421875
0 0.3703125 0.16875 0.0375 0.0375
0 0.56796875 0.2 0.0765625 0.10625
0 0.234375 0.2546875 0.034375 0.059375
0 0.83515625 0.37265625 0.0359375 0.0546875
0 0.2078125 0.5140625 0.034375 0.05
0 0.6484375 0.57421875 0.034375 0.0484375
0 0.390625 0.6453125 0.034375 0.065625
0 0.4296875 0.33203125 0.040625 0.0546875
0 0.23359375 0.47265625 0.0421875 0.0515625
0 0.48515625 0.22421875 0.0453125 0.0734375
0 0.59453125 0.68046875 0.0453125 0.0640625
0 0.69921875 0.10078125 0.0515625 0.0515625
0 0.675 0.484375 0.040625 0.0375
0 0.0125 0.5515625 0.025 0.040625
0 0.0875 0.6265625 0.040625 0.053125
0 0.2484375 0.31328125 0.03125 0.0546875
0 0.24921875 0.19921875 0.0390625 0.0421875
0 0.50078125 0.6046875 0.0390625 0.053125
0 0.290625 0.16484375 0.046875 0.0703125
0 0.2296875 0.42734375 0.034375 0.0390625
0 0.534375 0.7 0.03125 0.05
0 0.49140625 0.32421875 0.0359375 0.0359375
0 0.865625 0.31484375 0.040625 0.0546875
0 0.77109375 0.10703125 0.0546875 0.0578125
0 0.3125 0.596875 0.04375 0.04375
0 0.1296875 0.0609375 0.053125 0.04375
0 0.7671875 0.3046875 0.040625 0.040625
0 0.0125 0.51171875 0.025 0.0421875
0 0.2375 0.5265625 0.03125 0.04375
0 0.67578125 0.2796875 0.0328125 0.04375
0 0.4671875 0.43125 0.034375 0.046875
0 0.03203125 0.06875 0.0546875 0.053125
0 0.10625 0.53125 0.0375 0.04375
0 0.8421875 0.61953125 0.034375 0.0515625
0 0.3515625 0.575 0.03125 0.0375
0 0.13203125 0.21953125 0.0359375 0.0515625
0 0.06171875 0.1859375 0.0328125 0.0375
0 0.1921875 0.47109375 0.028125 0.0421875
0 0.46171875 0.709375 0.0328125 0.040625
0 0.90625 0.234375 0.078125 0.134375
0 0.6734375 0.596875 0.034375 0.0375
0 0.015625 0.13359375 0.03125 0.0328125
0 0.65234375 0.4265625 0.0296875 0.034375
0 0.73359375 0.51484375 0.0484375 0.0671875
0 0.24375 0.57265625 0.034375 0.0484375
0 0.12890625 0.1625 0.0453125 0.059375
0 0.08203125 0.37421875 0.0359375 0.0390625
0 0.0234375 0.1734375 0.04375 0.046875
0 0.53828125 0.51328125 0.0359375 0.0390625
0 0.2859375 0.065625 0.046875 0.05625
0 0.75390625 0.0546875 0.0453125 0.053125
0 0.01484375 0.6609375 0.0265625 0.046875
0 0.1921875 0.23828125 0.034375 0.0421875
0 0.54140625 0.63671875 0.0421875 0.0703125
0 0.51328125 0.7375 0.0296875 0.04375
0 0.01171875 0.359375 0.0234375 0.034375
0 0.14921875 0.63046875 0.0328125 0.0421875
0 0.06171875 0.58125 0.0453125 0.046875
0 0.3546875 0.39453125 0.0875 0.0953125
0 0.58828125 0.56328125 0.0328125 0.0453125
0 0.13984375 0.58984375 0.0265625 0.0421875
0 0.6984375 0.40859375 0.046875 0.0421875
0 0.15703125 0.27421875 0.0359375 0.0453125
0 0.76953125 0.40546875 0.0296875 0.0421875
0 0.51015625 0.4296875 0.0359375 0.046875
0 0.36015625 0.20546875 0.0328125 0.0421875
0 0.1359375 0.384375 0.03125 0.040625
0 0.303125 0.6671875 0.034375 0.05625
0 0.72578125 0.32109375 0.0328125 0.0484375
0 0.57890625 0.284375 0.0421875 0.06875
0 0.6421875 0.26796875 0.028125 0.0421875
0 0.24921875 0.0875 0.0328125 0.04375
0 0.11015625 0.5828125 0.0296875 0.040625
0 0.2171875 0.171875 0.034375 0.046875
0 0.43359375 0.39296875 0.0390625 0.0546875
0 0.64609375 0.1515625 0.0421875 0.053125
0 0.83046875 0.26015625 0.0390625 0.0578125
0 0.0796875 0.0890625 0.046875 0.046875
0 0.58046875 0.0734375 0.0421875 0.046875
0 0.9109375 0.5234375 0.04375 0.053125
0 0.16015625 0.1015625 0.0296875 0.0375
0 0.0828125 0.44921875 0.03125 0.0421875
0 0.15859375 0.3234375 0.0328125 0.040625
0 0.53828125 0.1125 0.0359375 0.046875
0 0.64765625 0.3328125 0.0359375 0.05625
0 0.2875 0.27890625 0.0375 0.0515625
0 0.75234375 0.62578125 0.0234375 0.0359375
0 0.68359375 0.14609375 0.0328125 0.0390625
0 0.80078125 0.6890625 0.0328125 0.04375
0 0.159375 0.49453125 0.03125 0.0390625
0 0.2453125 0.625 0.028125 0.0375
0 0.33515625 0.63203125 0.0265625 0.0484375
0 0.1625 0.56953125 0.028125 0.0515625
0 0.41328125 0.56640625 0.0296875 0.0359375
0 0.56953125 0.52109375 0.0265625 0.0390625
0 0.8484375 0.70234375 0.028125 0.0515625
0 0.090625 0.48828125 0.028125 0.0359375
0 0.83515625 0.09921875 0.0390625 0.0453125
0 0.584375 0.6125 0.025 0.040625
0 0.16171875 0.45625 0.0421875 0.04375
0 0.3953125 0.721875 0.040625 0.05
0 0.42109375 0.1984375 0.0390625 0.046875
0 0.11875 0.47890625 0.03125 0.0421875
0 0.33828125 0.14609375 0.0328125 0.0453125
0 0.66875 0.18359375 0.03125 0.0328125
0 0.95703125 0.12265625 0.0328125 0.0453125
0 0.0453125 0.11484375 0.034375 0.0359375
0 0.47109375 0.48984375 0.0328125 0.0515625
0 0.20703125 0.1328125 0.0265625 0.034375
0 0.49609375 0.50390625 0.0328125 0.0453125
0 0.4546875 0.5984375 0.028125 0.040625
0 0.19453125 0.32421875 0.0421875 0.0515625
0 0.8921875 0.13984375 0.04375 0.0453125
0 0.5921875 0.35 0.025 0.046875
0 0.0546875 0.228125 0.05625 0.046875
0 0.03984375 0.28671875 0.0359375 0.0390625
0 0.01328125 0.6172806291390728 0.0265625 0.04356374172185431
0 0.54921875 0.33203125 0.0421875 0.0703125
0 0.815625 0.15859375 0.04375 0.0671875
0 0.34453125 0.53125 0.0328125 0.04375
0 0.7125 0.2203125 0.053125 0.065625
0 0.36328125 0.13828125 0.0203125 0.0296875
0 0.7484375 0.66328125 0.025 0.0296875
0 0.628125 0.18203125 0.034375 0.0421875
0 0.3046875 0.50234375 0.0375 0.0359375
0 0.49765625 0.2859375 0.0328125 0.0375
0 0.40625 0.47109375 0.03125 0.0484375
0 0.115625 0.6296875 0.021875 0.05
0 0.35078125 0.3109375 0.0328125 0.059375
0 0.20390625 0.70625 0.0234375 0.034375
0 0.9625 0.35546875 0.03125 0.0453125
0 0.39765625 0.5875 0.0328125 0.040625
0 0.86796875 0.5296875 0.0359375 0.04375
0 0.68046875 0.44609375 0.0265625 0.0390625
0 0.66015625 0.38828125 0.0328125 0.0390625
0 0.3875 0.32421875 0.028125 0.0453125
0 0.375 0.52890625 0.05 0.0578125
0 0.9859375 0.0640625 0.025 0.059375
0 0.721875 0.67734375 0.0375 0.0671875
0 0.80625 0.3296875 0.028125 0.040625
0 0.3265625 0.26875 0.028125 0.04375
0 0.496875 0.68359375 0.04375 0.0609375
0 0.30078125 0.34921875 0.0421875 0.0453125
0 0.14765625 0.7 0.0328125 0.040625
0 0.11953125 0.6859375 0.0453125 0.040625
0 0.778125 0.6375 0.028125 0.053125
0 0.15546875 0.409375 0.0296875 0.034375
0 0.9875 0.190625 0.021875 0.04375
0 0.771875 0.70546875 0.025 0.0484375
0 0.4203125 0.1515625 0.040625 0.053125
0 0.27890625 0.7171875 0.0328125 0.0375
0 0.1984375 0.3875 0.05 0.06875
0 0.16640625 0.22421875 0.0265625 0.0453125
0 0.3359375 0.1 0.03125 0.0375
0 0.8703125 0.10078125 0.025 0.0359375
0 0.11328125 0.33984375 0.0390625 0.0515625
0 0.62734375 0.3890625 0.0296875 0.0625
0 0.3296875 0.5640625 0.01875 0.028125
0 0.09765625 0.27265625 0.0421875 0.0515625
0 0.35390625 0.46875 0.0609375 0.046875
0 0.5640625 0.696875 0.025 0.04375
0 0.9 0.35625 0.0375 0.0625
0 0.609375 0.59375 0.028125 0.040625
0 0.83984375 0.5625 0.0359375 0.046875
0 0.93125 0.4953125 0.034375 0.04375
0 0.75078125 0.7109375 0.0234375 0.059375
0 0.1 0.20859375 0.03125 0.0390625
0 0.03828125 0.63515625 0.0390625 0.0359375
0 0.503125 0.15 0.025 0.04375
0 0.3921875 0.42890625 0.0375 0.0390625
0 0.46015625 0.08828125 0.0296875 0.0484375
0 0.78359375 0.5640625 0.0234375 0.03125
0 0.28046875 0.75390625 0.0234375 0.0390625
0 0.04375 0.34921875 0.034375 0.0546875
0 0.834375 0.5 0.03125 0.0375
0 0.17578125 0.69765625 0.0203125 0.0359375
0 0.68828125 0.34609375 0.0265625 0.0671875
0 0.415625 0.60390625 0.025 0.0296875
0 0.80234375 0.6 0.0296875 0.0375
0 0.83125 0.31640625 0.025 0.0359375
0 0.63203125 0.49140625 0.0296875 0.0265625
0 0.04296875 0.68515625 0.0359375 0.0421875
0 0.46484375 0.14921875 0.0296875 0.0421875
0 0.67578125 0.06171875 0.0296875 0.0296875
0 0.534375 0.565625 0.0375 0.065625
0 0.4171875 0.090625 0.034375 0.0625
0 0.465625 0.5296875 0.01875 0.025
0 0.67734375 0.54140625 0.0328125 0.0546875
0 0.62109375 0.63125 0.0328125 0.046875
0 0.46953125 0.63671875 0.0265625 0.0421875
0 0.7796875 0.596875 0.021875 0.03125
0 0.30625 0.11328125 0.028125 0.0296875
0 0.0078125 0.32421875 0.015625 0.0296875
0 0.74921875 0.5671875 0.0390625 0.0375
0 0.6578125 0.22421875 0.03125 0.0421875
0 0.828125 0.67890625 0.034375 0.0609375
0 0.896875 0.09609375 0.025 0.0296875
0 0.721875 0.61796875 0.034375 0.0359375
0 0.740625 0.4109375 0.025 0.04375
0 0.275 0.68046875 0.025 0.0328125
0 0.5078125 0.46328125 0.025 0.0296875
0 0.78671875 0.34921875 0.0203125 0.0390625
