0 0.48203125 0.4171875 0.0421875 0.05625
0 0.29921875 0.8203125 0.0390625 0.040625
0 0.2921875 0.4015625 0.05625 0.059375
0 0.92734375 0.51640625 0.0359375 0.0546875
0 0.2125 0.17734375 0.04375 0.0640625
0 0.4109375 0.159375 0.0375 0.071875
0 0.0203125 0.8 0.040625 0.059375
0 0.265625 0.71953125 0.040625 0.0484375
0 0.3901179635761589 0.09820467715231787 0.04375 0.0421875
0 0.0328125 0.3828125 0.0375 0.05
0 0.3515625 0.42890625 0.0375 0.0484375
0 0.59453125 0.6453125 0.0453125 0.04375
0 0.64765625 0.2015625 0.0484375 0.053125
0 0.1015625 0.2609375 0.034375 0.0375
0 0.51171875 0.3796875 0.0359375 0.04375
0 0.775 0.3359375 0.04375 0.046875
0 0.12734375 0.42265625 0.0328125 0.0390625
0 0.11328125 0.17734375 0.0328125 0.0453125
0 0.2765625 0.78515625 0.0375 0.0453125
0 0.4859375 0.2875 0.04375 0.05
0 0.04609375 0.63984375 0.0421875 0.0640625
0 0.3984375 0.2625 0.059375 0.04375
0 0.6515625 0.546875 0.071875 0.08125
0 0.7625 0.59921875 0.034375 0.0546875
0 0.54921875 0.75625 0.0359375 0.053125
0 0.35 0.79765625 0.034375 0.0359375
0 0.896875 0.1546875 0.04375 0.059375
0 0.90859375 0.571875 0.0390625 0.065625
0 0.578125 0.13984375 0.04375 0.0515625
0 0.56640625 0.2421875 0.0484375 0.046875
0 0.1609375 0.2390625 0.0625 0.071875
0 0.209375 0.32109375 0.040625 0.0484375
0 0.3078125 0.73359375 0.04375 0.0546875
0 0.0921875 0.40625 0.040625 0.05
0 0.1609375 0.578125 0.04375 0.05
0 0.26171875 0.54296875 0.0328125 0.0390625
0 0.37890625 0.475 0.0390625 0.05625
0 0.15078125 0.17734375 0.0328125 0.0515625
0 0.4375 0.43125 0.040625 0.053125
0 0.54921875 0.1046875 0.0453125 0.046875
0 0.1890625 0.121875 0.0375 0.053125
0 0.121875 0.55859375 0.034375 0.0390625
0 0.3640625 0.8328125 0.034375 0.0375
0 0.20078125 0.2765625 0.0453125 0.04375
0 0.7 0.025 0.04375 0.05
0 0.30234375 0.3234375 0.0328125 0.05
0 0.65234375 0.41484375 0.0453125 0.0484375
0 0.3875 0.21953125 0.0375 0.0453125
0 0.1578125 0.31875 0.0375 0.053125
0 0.45 0.3765625 0.03125 0.04375
0 0.4046875 0.40234375 0.034375 0.0421875
0 0.4484375 0.71640625 0.046875 0.0890625
0 0.31875 0.25 0.0625 0.059375
0 0.09453125 0.6125 0.0515625 0.05625
0 0.8609375 0.50546875 0.034375 0.0515625
0 0.1484375 0.653125 0.034375 0.05625
0 0.6046875 0.5078125 0.03125 0.05
0 0.378125 0.7875 0.028125 0.04375
0 0.86015625 0.5640625 0.0390625 0.059375
0 0.840625 0.59375 0.03125 0.046875
0 0.56875 0.48984375 0.034375 0.0453125
0 0.46640625 0.23515625 0.0546875 0.0671875
0 0.30546875 0.45234375 0.0390625 0.0421875
0 0.26875 0.45078125 0.03125 0.0421875
0 0.07890625 0.459375 0.0359375 0.04375
0 0.79609375 0.07734375 0.0953125 0.0671875
0 0.29170115894039733 0.1484581953642384 0.065625 0.09687500000000007
0 0.61484375 0.46015625 0.0390625 0.0515625
0 0.18828125 0.728125 0.0265625 0.034375
0 0.35078125 0.54921875 0.0359375 0.0328125
0 0.7505691225165563 0.2703331953642384 0.05625 0.065625
0 0.85859375 0.334375 0.0453125 0.05
0 0.03515625 0.2515625 0.0328125 0.034375
0 0.41484375 0.68125 0.0265625 0.04375
0 0.16015625 0.43515625 0.0359375 0.0453125
0 0.52890625 0.20546875 0.0328125 0.0359375
0 0.1796875 0.6609375 0.025 0.034375
0 0.18046875 0.40703125 0.0390625 0.0453125
0 0.665625 0.475 0.053125 0.04375
0 0.29140625 0.496875 0.0390625 0.059375
0 0.54921875 0.05625 0.0453125 0.0375
0 0.809375 0.37265625 0.040625 0.0421875
0 0.45390625 0.07265625 0.0421875 0.0421875
0 0.87890625 0.65 0.0296875 0.046875
0 0.4359375 0.30390625 0.046875 0.0484375
0 0.090625 0.790625 0.034375 0.046875
0 0.07734375 0.3171875 0.0328125 0.040625
0 0.78671875 0.4921875 0.0421875 0.05625
0 0.39140625 0.30234375 0.0265625 0.0359375
0 0.15546875 0.7328125 0.0359375 0.0375
0 0.01015625 0.5515625 0.0203125 0.04375
0 0.209375 0.0703125 0.0375 0.05
0 0.4875 0.1625 0.034375 0.05
0 0.221875 0.6140625 0.03125 0.046875
0 0.2359375 0.12421875 0.03125 0.0546875
0 0.5015625 0.70390625 0.0375 0.0578125
0 0.16484375 0.47890625 0.0328125 0.0453125
0 0.41015625 0.36171875 0.0328125 0.0421875
0 0.3359375 0.38125 0.03125 0.040625
0 0.4359375 0.83359375 0.028125 0.0515625
0 0.63515625 0.11484375 0.0453125 0.0703125
0 0.71796875 0.22890625 0.0359375 0.0421875
0 0.27238203642384107 0.67421875 0.0375 0.0453125
0 0.10625 0.0125 0.034375 0.025
0 0.5828125 0.77578125 0.034375 0.0578125
0 0.97734375 0.13515625 0.0359375 0.0515625
0 0.4375 0.11484375 0.03125 0.0390625
0 0.23359375 0.4453125 0.0296875 0.0375
0 0.33984375 0.70234375 0.0359375 0.0390625
0 0.41328125 0.7828125 0.0421875 0.0625
0 0.83359375 0.4140625 0.0359375 0.046875
0 0.28125 0.2890625 0.03125 0.0375
0 0.79453125 0.79765625 0.0265625 0.0453125
0 0.0234375 0.86171875 0.034375 0.0515625
0 0.84609375 0.25859375 0.0578125 0.0609375
0 0.76171875 0.421875 0.0609375 0.05625
0 0.38203125 0.53359375 0.0359375 0.0453125
0 0.52734375 0.48125 0.0359375 0.053125
0 0.22578125 0.2453125 0.0359375 0.046875
0 0.134375 0.29765625 0.034375 0.0515625
0 0.3421875 0.659375 0.04375 0.04375
0 0.08046875 0.19765625 0.0390625 0.0421875
0 0.03046875 0.07734375 0.0578125 0.0453125
0 0.43671875 0.63515625 0.0328125 0.0453125
0 0.378125 0.3671875 0.0375 0.040625
0 0.53359375 0.15390625 0.0328125 0.0390625
0 0.57421875 0.45078125 0.0328125 0.0328125
0 0.64609375 0.35390625 0.0328125 0.0453125
0 0.03359375 0.20703125 0.0390625 0.0546875
0 0.1046875 0.671875 0.065625 0.065625
0 0.5046875 0.62578125 0.028125 0.0390625
0 0.396875 0.58671875 0.034375 0.0453125
0 0.0390625 0.53671875 0.034375 0.0359375
0 0.33984375 0.47578125 0.0296875 0.0390625
0 0.89609375 0.28046875 0.0296875 0.0328125
0 0.46328125 0.61328125 0.0421875 0.0859375
0 0.0171875 0.03125 0.03125 0.040625
0 0.09140625 0.06796875 0.0328125 0.0421875
0 0.92890625 0.3109375 0.0296875 0.040625
0 0.47421875 0.51796875 0.0390625 0.0421875
0 0.0140625 0.31796875 0.028125 0.0578125
0 0.21171875 0.49375 0.0296875 0.05
0 0.665625 0.69296875 0.025 0.0421875
0 0.3702918046357616 0.1650972682119205 0.034375 0.07187499999999998
0 0.68203125 0.7578125 0.0296875 0.04375
0 0.02734375 0.5859375 0.0390625 0.059375
0 0.9078125 0.35390625 0.034375 0.0484375
0 0.90703125 0.62421875 0.0265625 0.0328125
0 0.83203125 0.7484375 0.0359375 0.05625
0 0.39375 0.73046875 0.03125 0.0390625
0 0.30625 0.078125 0.0375 0.046875
0 0.5328125 0.70859375 0.03125 0.0421875
0 0.575 0.19765625 0.065625 0.0640625
0 0.5296875 0.58671875 0.034375 0.0671875
0 0.26328125 0.59296875 0.0453125 0.0609375
0 0.18828125 0.475 0.0234375 0.040625
0 0.4046875 0.446875 0.03125 0.046875
0 0.01171875 0.14453125 0.0234375 0.0640625
0 0.859375 0.7 0.03125 0.046875
0 0.709375 0.59765625 0.03125 0.0515625
0 0.8859375 0.5234375 0.028125 0.046875
0 0.23828125 0.38515625 0.0328125 0.0734375
0 0.0078125 0.45078125 0.015625 0.0484375
0 0.81328125 0.61328125 0.0265625 0.0453125
0 0.4953125 0.75 0.034375 0.053125
0 0.93046875 0.1390625 0.0296875 0.034375
0 0.725 0.31953125 0.040625 0.0421875
0 0.61015625 0.6171875 0.0296875 0.040625
0 0.61328125 0.7578125 0.0296875 0.0375
0 0.4296875 0.3421875 0.028125 0.03125
0 0.13671875 0.353125 0.0296875 0.028125
0 0.19921875 0.68359375 0.0296875 0.0359375
0 0.45234375 0.15859375 0.0296875 0.0421875
0 0.26875 0.346875 0.0375 0.053125
0 0.4453125 0.49140625 0.0375 0.0359375
0 0.76328125 0.53046875 0.0265625 0.0390625
0 0.62890625 0.80546875 0.0421875 0.0515625
0 0.515625 0.1234375 0.028125 0.03125
0 0.8453125 0.45625 0.021875 0.034375
0 0.221875 0.7296875 0.03125 0.05
0 0.1953125 0.6140625 0.021875 0.040625
0 0.1015625 0.84375 0.053125 0.046875
0 0.35 0.75078125 0.046875 0.0578125
0 0.51953125 0.75390625 0.0234375 0.0359375
0 0.16640625 0.534375 0.0359375 0.04375
0 0.5692570364238412 0.5591214817880795 0.025 0.0328125
0 0.80078125 0.66484375 0.0265625 0.0359375
0 0.378125 0.69921875 0.028125 0.0265625
0 0.06328125 0.51015625 0.0328125 0.0328125
0 0.1265625 0.49140625 0.04375 0.0484375
0 0.46796875 0.34765625 0.0296875 0.0453125
0 0.86328125 0.778125 0.0328125 0.04375
0 0.25390625 0.31328125 0.0359375 0.0515625
0 0.69375 0.72734375 0.025 0.0359375
0 0.4234375 0.56484375 0.046875 0.0765625
0 0.8171875 0.17109375 0.034375 0.0453125
0 0.0984375 0.53203125 0.028125 0.0515625
0 0.50390625 0.0609375 0.0328125 0.028125
0 0.6828125 0.60625 0.03125 0.053125
0 0.0578125 0.85 0.03125 0.04375
0 0.5682015728476821 0.3353838990066225 0.10422185430463574 0.18548220198675497
0 0.24296875 0.471875 0.0359375 0.03125
0 0.86875 0.41953125 0.025 0.0359375
0 0.66484375 0.72421875 0.0234375 0.0390625
0 0.89140625 0.2484375 0.0359375 0.034375
0 0.7359375 0.378125 0.025 0.03125
0 0.628125 0.5890625 0.034375 0.0375
0 0.8921875 0.20625 0.028125 0.040625
0 0.1421875 0.12265625 0.034375 0.0453125
0 0.7203125 0.68203125 0.028125 0.0453125
0 0.08125 0.11484375 0.03125 0.0390625
0 0.44140625 0.52421875 0.0265625 0.0359375
0 0.8671875 0.4546875 0.025 0.04375
0 0.67578125 0.37109375 0.0265625 0.0359375
0 0.13046875 0.3859375 0.0203125 0.028125
0 0.61953125 0.40078125 0.0234375 0.0328125
0 0.590625 0.31015625 0.028125 0.0328125
0 0.59140625 0.83359375 0.0453125 0.0453125
0 0.69453125 0.20703125 0.0359375 0.0390625
0 0.78046875 0.14296875 0.0296875 0.0390625
0 0.0265625 0.4296875 0.025 0.046875
0 0.76015625 0.375 0.0234375 0.034375
0 0.86328125 0.2046875 0.0265625 0.034375
0 0.69453125 0.546875 0.0265625 0.046875
0 0.56328125 0.6140625 0.0234375 0.034375
0 0.74765625 0.65234375 0.0296875 0.0484375
0 0.7859375 0.63515625 0.021875 0.0296875
0 0.5390625 0.81484375 0.034375 0.0484375
0 0.6203125 0.7140625 0.0375 0.034375
0 0.07265625 0.728125 0.0546875 0.046875
0 0.0484375 0.434375 0.025 0.059375
0 0.3609375 0.2859375 0.028125 0.025
0 0.009375 0.23828125 0.01875 0.0359375
0 0.0640625 0.54609375 0.021875 0.0328125
0 0.46171875 0.7984375 0.0234375 0.06875
0 0.49296875 0.5796875 0.0203125 0.034375
0 0.82578125 0.80078125 0.0390625 0.0421875
0 0.11328125 0.80703125 0.0234375 0.0359375
0 0.6171875 0.303125 0.034375 0.046875
0 0.83203125 0.13046875 0.0296875 0.0390625
0 0.1390625 0.46171875 0.021875 0.0265625
0 0.55625 0.65390625 0.028125 0.0359375
0 0.6942984271523178 0.1642953228476821 0.0375 0.03906249999999996
0 0.25 0.18828125 0.03125 0.0578125
0 0.809375 0.4640625 0.0375 0.034375
0 0.9234375 0.2140625 0.028125 0.040625
0 0.07109375 0.25078125 0.0265625 0.0296875
0 0.24921875 0.4984375 0.0390625 0.03125
0 0.80625 0.546875 0.028125 0.0375
0 0.521875 0.34140625 0.025 0.0390625
0 0.69453125 0.5140625 0.0328125 0.028125
0 0.0859375 0.35703125 0.025 0.0453125
0 0.82734375 0.69375 0.0234375 0.0375
0 0.3328125 0.8234375 0.025 0.028125
