0 0.2265625 0.75625 0.0375 0.046875
0 0.75546875 0.728125 0.0390625 0.046875
0 0.0359375 0.8515625 0.0375 0.046875
0 0.84765625 0.1515625 0.0421875 0.046875
0 0.62734375 0.77578125 0.0390625 0.0578125
0 0.8296875 0.31328125 0.059375 0.0609375
0 0.01640625 0.34140625 0.0328125 0.0453125
0 0.1015625 0.22421875 0.04375 0.0453125
0 0.31328125 0.69609375 0.0359375 0.0453125
0 0.86015625 0.49765625 0.0390625 0.0515625
0 0.19765625 0.42421875 0.0421875 0.0484375
0 0.42421875 0.4 0.0421875 0.05
0 0.3234375 0.2453125 0.040625 0.05
0 0.24609375 0.49453125 0.0453125 0.0484375
0 0.4625 0.61796875 0.0375 0.0484375
0 0.57421875 0.36640625 0.0359375 0.0421875
0 0.459375 0.48984375 0.034375 0.0421875
0 0.6703125 0.82421875 0.04375 0.0546875
0 0.23125 0.79921875 0.04375 0.0359375
0 0.471875 0.56796875 0.040625 0.0484375
0 0.65390625 0.42578125 0.0359375 0.0453125
0 0.41953125 0.45078125 0.0390625 0.0421875
0 0.66796875 0.16328125 0.0421875 0.0671875
0 0.25859375 0.74921875 0.0328125 0.0421875
0 0.60546875 0.340625 0.0359375 0.04375
0 0.140625 0.20390625 0.05 0.0578125
0 0.29140625 0.55546875 0.0296875 0.0359375
0 0.55078125 0.12421875 0.0328125 0.0453125
0 0.378125 0.4565242135761589 0.034375 0.0390625
0 0.01484375 0.44921875 0.0296875 0.0484375
0 0.51328125 0.10625 0.0453125 0.05
0 0.12109375 0.40390625 0.0484375 0.0546875
0 0.21015625 0.3875 0.0296875 0.034375
0 0.3734375 0.56875 0.05 0.059375
0 0.75078125 0.3828125 0.0328125 0.05
0 0.40546875 0.30859375 0.0421875 0.0546875
0 0.80078125 0.6109375 0.0421875 0.06875
0 0.1625 0.8265625 0.040625 0.053125
0 0.24453125 0.8421875 0.0390625 0.05
0 0.26875 0.5921875 0.028125 0.04375
0 0.12265625 0.88359375 0.0421875 0.0484375
0 0.50546875 0.3015625 0.0484375 0.06875
0 0.784375 0.3875 0.03125 0.040625
0 0.2171875 0.12109375 0.059375 0.0515625
0 0.47421875 0.7734375 0.0359375 0.05
0 0.0921875 0.9138089817880795 0.034375 0.0515625
0 0.55546875 0.7359375 0.0328125 0.040625
0 0.73984375 0.48671875 0.0328125 0.0421875
0 0.39609375 0.8578125 0.0296875 0.05
0 0.33203125 0.09296875 0.0359375 0.0390625
0 0.4109375 0.49921875 0.0375 0.0578125
0 0.7796875 0.428125 0.028125 0.0375
0 0.78515625 0.33515625 0.0328125 0.0453125
0 0.13984375 0.259375 0.0328125 0.040625
0 0.71640625 0.76171875 0.0484375 0.0828125
0 0.590625 0.13203125 0.03125 0.0359375
0 0.73125 0.67734375 0.034375 0.0546875
0 0.19140625 0.07578125 0.0453125 0.0453125
0 0.7234375 0.421875 0.0375 0.04375
0 0.3359375 0.73203125 0.04375 0.0546875
0 0.8203125 0.41015625 0.034375 0.0421875
0 0.203125 0.33671875 0.034375 0.0421875
0 0.16875 0.309375 0.034375 0.053125
0 0.3 0.64453125 0.03125 0.0453125
0 0.33125 0.53359375 0.034375 0.0359375
0 0.8398230546357617 0.6379863410596027 0.0359375 0.05
0 0.70390625 0.2953125 0.0328125 0.046875
0 0.52734375 0.16171875 0.0359375 0.0546875
0 0.0953125 0.18203125 0.034375 0.0390625
0 0.496875 0.53125 0.040625 0.05
0 0.1765625 0.38125 0.03125 0.04375
0 0.63203125 0.275 0.0390625 0.053125
0 0.534375 0.4859375 0.040625 0.046875
0 0.4640625 0.3734375 0.034375 0.0625
0 0.1703125 0.59609375 0.040625 0.0578125
0 0.3953125 0.0890625 0.040625 0.0375
0 0.83984375 0.02890625 0.0421875 0.0578125
0 0.41015625 0.78203125 0.0328125 0.0453125
0 0.5953125 0.18359375 0.04375 0.0484375
0 0.3109375 0.3046875 0.040625 0.053125
0 0.3078125 0.0234375 0.053125 0.046875
0 0.36328125 0.2625 0.0546875 0.071875
0 0.01484375 0.38359375 0.0296875 0.0421875
0 0.64921875 0.48515625 0.0453125 0.0640625
0 0.20546875 0.8515625 0.0359375 0.0375
0 0.2078125 0.47421875 0.034375 0.0484375
0 0.334375 0.66171875 0.03125 0.0359375
0 0.24140625 0.57578125 0.0296875 0.0296875
0 0.571875 0.509375 0.05 0.053125
0 0.56328125 0.45234375 0.0359375 0.0484375
0 0.9265625 0.1796875 0.040625 0.05
0 0.8953125 0.134375 0.0375 0.053125
0 0.7875 0.26484375 0.0625 0.0734375
0 0.89765625 0.03046875 0.0359375 0.0453125
0 0.3609375 0.6140625 0.03125 0.040625
0 0.88828125 0.2171875 0.0328125 0.040625
0 0.63359375 0.1765625 0.0296875 0.04375
0 0.10078125 0.28046875 0.0359375 0.0421875
0 0.63046875 0.4046875 0.0359375 0.0375
0 0.24453125 0.678125 0.0359375 0.040625
0 0.7546875 0.42578125 0.025 0.0328125
0 0.0125 0.12578125 0.025 0.0328125
0 0.8640625 0.43984375 0.040625 0.0546875
0 0.5640625 0.84765625 0.03125 0.0515625
0 0.03828125 0.56875 0.0390625 0.053125
0 0.10390625 0.82734375 0.0421875 0.0453125
0 0.08046875 0.4 0.0328125 0.04375
0 0.0171875 0.63984375 0.034375 0.0703125
0 0.41875 0.63984375 0.04375 0.0453125
0 0.6273230546357617 0.5906456953642383 0.0484375 0.08125
0 0.31875 0.17578125 0.034375 0.0515625
0 0.1328125 0.30390625 0.03125 0.0453125
0 0.7203125 0.33515625 0.03125 0.0390625
0 0.76796875 0.66796875 0.0359375 0.0421875
0 0.05234375 0.1953125 0.0515625 0.05
0 0.25859375 0.278125 0.0390625 0.0625
0 0.69765625 0.496875 0.0296875 0.05
0 0.5359375 0.37890625 0.028125 0.0703125
0 0.02421875 0.15546875 0.0390625 0.0328125
0 0.90703125 0.46796875 0.0421875 0.0421875
0 0.25234375 0.7109375 0.0296875 0.0375
0 0.065625 0.83828125 0.028125 0.0390625
0 0.44296875 0.8140625 0.0578125 0.053125
0 0.1421875 0.7140625 0.046875 0.0625
0 0.46328125 0.20234375 0.0421875 0.0515625
0 0.7890625 0.721875 0.03125 0.046875
0 0.79921875 0.17890625 0.0359375 0.0390625
0 0.8800031043046358 0.5520902317880794 0.0421875 0.05625
0 0.9625 0.1609375 0.0375 0.0625
0 0.26953125 0.33359375 0.0390625 0.0421875
0 0.01171875 0.271875 0.0234375 0.034375
0 0.3125 0.79296875 0.028125 0.0421875
0 0.01171875 0.1859375 0.0234375 0.053125
0 0.83203125 0.45625 0.0265625 0.04375
0 0.603632036423841 0.8208402317880795 0.03125 0.046875
0 0.2328125 0.303125 0.0375 0.05
0 0.46328125 0.45234375 0.0265625 0.0328125
0 0.5578125 0.57890625 0.034375 0.0390625
0 0.07421875 0.64140625 0.0453125 0.0546875
0 0.04453125 0.30546875 0.0453125 0.0515625
0 0.50625 0.2125 0.03125 0.034375
0 0.27734375 0.66640625 0.0390625 0.0484375
0 0.54453125 0.62109375 0.0546875 0.0421875
0 0.06875 0.80625 0.028125 0.04375
0 0.45078125 0.67578125 0.0390625 0.0453125
0 0.62734375 0.6921875 0.0421875 0.05
0 0.128125 0.0640625 0.034375 0.028125
0 0.2390625 0.60234375 0.028125 0.0421875
0 0.1859375 0.7625 0.03125 0.03125
0 0.0109375 0.70078125 0.021875 0.0421875
0 0.28125 0.19140625 0.028125 0.0453125
0 0.69609375 0.43828125 0.0359375 0.0484375
0 0.2890625 0.07578125 0.0375 0.0421875
0 0.43203125 0.35078125 0.0296875 0.0453125
0 0.72265625 0.3796875 0.0265625 0.040625
0 0.03828125 0.071875 0.0328125 0.034375
0 0.903125 0.50390625 0.034375 0.0390625
0 0.1078125 0.46875 0.034375 0.05625
0 0.36484375 0.78828125 0.0296875 0.0328125
0 0.66015625 0.303125 0.0359375 0.05
0 0.534375 0.78125 0.0375 0.0625
0 0.1703125 0.259375 0.025 0.034375
0 0.2296875 0.4421875 0.025 0.034375
0 0.07109375 0.33203125 0.0296875 0.0421875
0 0.415625 0.13515625 0.05 0.0484375
0 0.0078125 0.846875 0.015625 0.040625
0 0.10390625 0.32421875 0.0359375 0.0390625
0 0.20078125 0.60703125 0.0421875 0.0421875
0 0.396875 0.20390625 0.028125 0.0421875
0 0.24765625 0.36015625 0.0296875 0.0359375
0 0.10859375 0.69453125 0.0296875 0.0546875
0 0.4359375 0.225 0.028125 0.034375
0 0.19921875 0.53203125 0.0265625 0.0515625
0 0.3859375 0.69375 0.03125 0.05
0 0.784375 0.153125 0.03125 0.03125
0 0.04453125 0.3515625 0.0296875 0.0375
0 0.3703125 0.49453125 0.03125 0.0359375
0 0.86328125 0.05859375 0.0359375 0.0390625
0 0.61171875 0.43828125 0.0328125 0.0390625
0 0.041173427152317865 0.489817880794702 0.04375 0.0375
0 0.7296875 0.5828125 0.025 0.040625
0 0.19609375 0.72265625 0.0515625 0.0515625
0 0.025 0.809375 0.034375 0.040625
0 0.1828125 0.18125 0.034375 0.05
0 0.04683360927152318 0.5208402317880795 0.034375 0.040625
0 0.753125 0.3296875 0.028125 0.0375
0 0.2015625 0.6640625 0.034375 0.04375
0 0.10546875 0.5296875 0.0390625 0.046875
0 0.3578125 0.665625 0.025 0.034375
0 0.16796875 0.52265625 0.0328125 0.0515625
0 0.91875 0.2546875 0.04375 0.0625
0 0.865625 0.39921875 0.03125 0.0328125
0 0.775 0.48203125 0.0375 0.0359375
0 0.284375 0.25078125 0.0375 0.0609375
0 0.22578125 0.35 0.0234375 0.034375
0 0.5359375 0.84609375 0.028125 0.0421875
0 0.13671875 0.475 0.0296875 0.040625
0 0.52578125 0.69375 0.0265625 0.059375
0 0.29375 0.36484375 0.03125 0.0390625
0 0.015625 0.23125 0.03125 0.028125
0 0.3575382864238411 0.14947226821192053 0.0390625 0.034375
0 0.4140625 0.5875 0.025 0.05625
0 0.759375 0.54609375 0.034375 0.0859375
0 0.5875 0.6453125 0.021875 0.04375
0 0.74453125 0.63046875 0.0421875 0.0484375
0 0.69765625 0.2390625 0.0359375 0.0625
0 0.31953125 0.5703125 0.0296875 0.040625
0 0.671875 0.78046875 0.025 0.0328125
0 0.4390625 0.53125 0.028125 0.04375
0 0.7375 0.23203125 0.025 0.0484375
0 0.44140625 0.0609375 0.0296875 0.0625
0 0.90078125 0.3078125 0.0578125 0.065625
0 0.2203125 0.546875 0.028125 0.0375
0 0.4421875 0.74609375 0.034375 0.0609375
0 0.04765625 0.4375 0.0328125 0.0375
0 0.69296875 0.55625 0.0359375 0.053125
0 0.84453125 0.21953125 0.0265625 0.0421875
0 0.0453125 0.25625 0.05625 0.040625
0 0.590625 0.6859375 0.028125 0.0375
0 0.5763969370860927 0.29915666390728485 0.044039735099337916 0.05667425496688727
0 0.43203125 0.32265625 0.0265625 0.0296875
0 0.253125 0.06875 0.0375 0.05
0 0.5734375 0.765625 0.028125 0.0375
0 0.72734375 0.09609375 0.0328125 0.0359375
0 0.65390625 0.65390625 0.0265625 0.0453125
0 0.65078125 0.3734375 0.0390625 0.04375
0 0.11640625 0.14296875 0.0359375 0.0390625
0 0.0671875 0.584375 0.034375 0.04375
0 0.665625 0.7328125 0.053125 0.05
0 0.7125 0.15078125 0.040625 0.0609375
0 0.7703125 0.2046875 0.0375 0.05
0 0.85625 0.25546875 0.0375 0.0359375
0 0.11484375 0.63203125 0.0265625 0.0359375
0 0.53359375 0.4390625 0.0234375 0.0375
0 0.08203125 0.55703125 0.0359375 0.0453125
0 0.5078125 0.815625 0.021875 0.0375
0 0.33984375 0.80703125 0.0265625 0.0359375
0 0.74375 0.45625 0.025 0.03125
0 0.05 0.1265625 0.034375 0.04375
0 0.2125 0.17109375 0.028125 0.0390625
0 0.70859375 0.63359375 0.0203125 0.0390625
0 0.15703125 0.43984375 0.0453125 0.0328125
0 0.31015625 0.5125 0.0359375 0.040625
0 0.28203125 0.71328125 0.0296875 0.0328125
0 0.81875 0.5 0.028125 0.03125
0 0.69296875 0.36484375 0.0328125 0.0421875
0 0.29140625 0.5875 0.0171875 0.025
0 0.75859375 0.09921875 0.0265625 0.0546875
0 0.13359375 0.3640625 0.0296875 0.03125
0 0.47265625 0.32421875 0.0359375 0.0359375
0 0.2921875 0.48984375 0.028125 0.0296875
0 0.25859375 0.43671875 0.0296875 0.0453125
0 0.47421875 0.16328125 0.0265625 0.0328125
0 0.5890625 0.07578125 0.028125 0.0515625
0 0.12421875 0.56484375 0.0328125 0.0515625
0 0.98515625 0.0828125 0.0234375 0.059375
0 0.79453125 0.521875 0.0359375 0.04375
0 0.28203125 0.14921875 0.0359375 0.0421875
0 0.5703125 0.8 0.021875 0.040625
0 0.6359375 0.07879242549668874 0.053125 0.09241514900662251
0 0.6765625 0.6203125 0.03125 0.053125
0 0.0703125 0.059375 0.028125 0.025
0 0.15859375 0.76953125 0.0234375 0.0453125
0 0.80234375 0.459375 0.0265625 0.040625
0 0.9140625 0.0890625 0.028125 0.028125
0 0.15703125 0.1578125 0.0265625 0.03125
0 0.6390625 0.2140625 0.021875 0.034375
0 0.58671875 0.40390625 0.0296875 0.0359375
0 0.296875 0.73828125 0.03125 0.0359375
0 0.0671875 0.884375 0.025 0.034375
0 0.13203125 0.09921875 0.0265625 0.0328125
0 0.68984375 0.328125 0.0265625 0.040625
0 0.246875 0.54140625 0.021875 0.0359375
0 0.49324296357615893 0.3970353890728477 0.05625 0.10183153973509942
0 0.4359375 0.2609375 0.025 0.0375
0 0.55703125 0.22265625 0.0359375 0.0328125
0 0.1578125 0.41171875 0.021875 0.0296875
0 0.815625 0.72890625 0.01875 0.0328125
0 0.1390625 0.64921875 0.025 0.0515625
0 0.20078125 0.78984375 0.0234375 0.0296875
0 0.06328125 0.36640625 0.0203125 0.0234375
0 0.0453125 0.40390625 0.0375 0.0453125
0 0.29296875 0.42578125 0.0515625 0.0578125
0 0.93046875 0.125 0.0265625 0.03125
0 0.0859375 0.3625 0.01875 0.025
0 0.21015625 0.5703125 0.0265625 0.028125
0 0.08046875 0.6828125 0.0234375 0.034375
0 0.6609375 0.5953125 0.025 0.04375
0 0.03828125 0.74453125 0.0234375 0.0421875
0 0.65625 0.559375 0.028125 0.028125
0 0.73359375 0.0328125 0.0359375 0.0625
0 0.2734375 0.52265625 0.025 0.0328125
0 0.79453125 0.01171875 0.0265625 0.0234375
0 0.06328125 0.71953125 0.0515625 0.0609375
0 0.3375 0.478125 0.025 0.03125
