0 0.8328125 0.3734375 0.040625 0.05
0 0.32578125 0.221875 0.0390625 0.040625
0 0.55234375 0.325 0.0296875 0.05
0 0.1828125 0.55625 0.084375 0.065625
0 0.6484375 0.21171875 0.05625 0.0546875
0 0.71484375 0.70703125 0.0328125 0.0484375
0 0.0359375 0.6546875 0.034375 0.040625
0 0.2859375 0.5359375 0.03125 0.046875
0 0.02109375 0.54140625 0.0421875 0.0953125
0 0.7796875 0.2296875 0.040625 0.046875
0 0.16875 0.37265625 0.046875 0.0578125
0 0.59140625 0.57421875 0.0390625 0.0515625
0 0.41640625 0.47421875 0.0421875 0.0515625
0 0.475 0.47109375 0.040625 0.0546875
0 0.50078125 0.15625 0.0421875 0.040625
0 0.04609375 0.0625 0.0640625 0.046875
0 0.69296875 0.61875 0.0421875 0.06875
0 0.36796875 0.278125 0.0421875 0.046875
0 0.0125 0.21953125 0.025 0.0390625
0 0.9046875 0.1625 0.0375 0.04375
0 0.26171875 0.346875 0.0359375 0.046875
0 0.33046875 0.26328125 0.0359375 0.0421875
0 0.67109375 0.153125 0.0578125 0.059375
0 0.26328125 0.134375 0.0390625 0.04375
0 0.78828125 0.5859375 0.0421875 0.06875
0 0.25859375 0.58984375 0.0671875 0.0734375
0 0.5625 0.39296875 0.04375 0.0671875
0 0.71171875 0.75859375 0.0421875 0.0484375
0 0.63515625 0.63046875 0.0296875 0.0484375
0 0.77890625 0.82734375 0.0390625 0.0734375
0 0.765625 0.46796875 0.03125 0.0421875
0 0.52734375 0.49296875 0.0359375 0.0796875
0 0.834375 0.196875 0.03125 0.040625
0 0.6015625 0.48203125 0.065625 0.0828125
0 0.434375 0.28203125 0.0375 0.0421875
0 0.38515625 0.54765625 0.0453125 0.0546875
0 0.11015625 0.0875 0.0359375 0.0375
0 0.87265625 0.67890625 0.0390625 0.0453125
0 0.71875 0.10234375 0.040625 0.0578125
0 0.4390625 0.53671875 0.034375 0.0421875
0 0.246875 0.18515625 0.0375 0.0453125
0 0.321875 0.70546875 0.034375 0.0453125
0 0.7375 0.815625 0.034375 0.05625
0 0.94609375 0.26171875 0.0359375 0.0359375
0 0.13046875 0.2703125 0.0640625 0.071875
0 0.7359375 0.328125 0.046875 0.05
0 0.734375 0.2015625 0.053125 0.053125
0 0.71015625 0.25234375 0.0296875 0.0421875
0 0.10703125 0.6671875 0.0296875 0.04375
0 0.88125 0.20546875 0.0375 0.0421875
0 0.9796875 0.240625 0.034375 0.040625
0 0.69453125 0.47890625 0.0390625 0.0640625
0 0.09296875 0.56953125 0.0484375 0.0609375
0 0.9328125 0.30859375 0.034375 0.0515625
0 0.83984375 0.30859375 0.0421875 0.0765625
0 0.13984375 0.59375 0.0390625 0.040625
0 0.5125 0.115625 0.0375 0.0375
0 0.01015625 0.74921875 0.0203125 0.0546875
0 0.46953125 0.525 0.0421875 0.05
0 0.32421875 0.42578125 0.0359375 0.0578125
0 0.10703125 0.3890625 0.0671875 0.096875
0 0.74140625 0.24765625 0.0296875 0.0390625
0 0.42421875 0.08203125 0.0328125 0.0359375
0 0.321875 0.57109375 0.0375 0.0609375
0 0.21953125 0.353125 0.0421875 0.059375
0 0.5359375 0.36015625 0.028125 0.0390625
0 0.1078125 0.209375 0.034375 0.0375
0 0.74765625 0.7140625 0.0296875 0.05
0 0.859375 0.42890625 0.034375 0.0453125
0 0.56328125 0.2765625 0.0296875 0.04375
0 0.1890625 0.1890625 0.034375 0.034375
0 0.2657905629139073 0.03828125 0.07220612582781456 0.0765625
0 0.6921875 0.4046875 0.03125 0.05625
0 0.7421875 0.28515625 0.03125 0.0328125
0 0.3278714817880795 0.5036734271523178 0.0453125 0.059375
0 0.12265625 0.49296875 0.0578125 0.0640625
0 0.87421875 0.521875 0.0359375 0.05
0 0.8140625 0.634375 0.040625 0.071875
0 0.18515625 0.15 0.0265625 0.040625
0 0.7666597682119205 0.03462851821192052 0.0375 0.03906249999999999
0 0.25703125 0.5125 0.0359375 0.04375
0 0.45679842715231783 0.5817984271523179 0.06875 0.06875
0 0.63046875 0.32265625 0.0328125 0.0515625
0 0.2 0.06796875 0.034375 0.0484375
0 0.4890625 0.24453125 0.03125 0.0703125
0 0.4265625 0.42109375 0.04375 0.0421875
0 0.78359375 0.65390625 0.0296875 0.0421875
0 0.04140625 0.20546875 0.0296875 0.0515625
0 0.628125 0.15234375 0.025 0.0421875
0 0.29140625 0.65546875 0.0296875 0.0453125
0 0.0578125 0.6875 0.025 0.034375
0 0.140625 0.184375 0.03125 0.04375
0 0.96640625 0.11640625 0.0515625 0.0734375
0 0.63828125 0.440625 0.0328125 0.040625
0 0.7234375 0.5875 0.034375 0.06875
0 0.85546875 0.475 0.0390625 0.04375
0 0.25625 0.30078125 0.040625 0.0390625
0 0.1078125 0.14921875 0.053125 0.0484375
0 0.3625 0.16015625 0.025 0.0328125
0 0.7625 0.36953125 0.034375 0.0421875
0 0.5671875 0.1046875 0.05 0.046875
0 0.046875 0.26796875 0.053125 0.0578125
0 0.54375 0.159375 0.034375 0.046875
0 0.50234375 0.40859375 0.0296875 0.0453125
0 0.053125 0.15859375 0.034375 0.0453125
0 0.97265625 0.5379863410596026 0.0328125 0.04375
0 0.37109375 0.20703125 0.0328125 0.0484375
0 0.29140625 0.45234375 0.0359375 0.0421875
0 0.82578125 0.67578125 0.0328125 0.0421875
0 0.209375 0.41640625 0.040625 0.0578125
0 0.03203125 0.6953125 0.0265625 0.046875
0 0.90390625 0.10859375 0.0359375 0.0453125
0 0.2203125 0.140625 0.0375 0.071875
0 0.6608961092715233 0.7145695364238408 0.05625 0.10937499999999982
0 0.42265625 0.13828125 0.0265625 0.0296875
0 0.07890625 0.01015625 0.0359375 0.0203125
0 0.19375 0.30390625 0.034375 0.0484375
0 0.0875 0.61953125 0.03125 0.0421875
0 0.88359375 0.36875 0.0390625 0.05
0 0.96640625 0.34140625 0.0359375 0.0421875
0 0.453125 0.353125 0.040625 0.05
0 0.11328125 0.62421875 0.0234375 0.0359375
0 0.3234375 0.12578125 0.046875 0.0546875
0 0.0078125 0.69921875 0.015625 0.0453125
0 0.39609375 0.165625 0.0328125 0.034375
0 0.20546875 0.49140625 0.0359375 0.0484375
0 0.15625 0.4328125 0.046875 0.05625
0 0.3671875 0.47734375 0.034375 0.0578125
0 0.28984375 0.37890625 0.0234375 0.0359375
0 0.0171875 0.0203125 0.034375 0.034375
0 0.01171875 0.62109375 0.0234375 0.0453125
0 0.36484375 0.11640625 0.0296875 0.0359375
0 0.06328125 0.1 0.0296875 0.040625
0 0.79375 0.521875 0.03125 0.05
0 0.965625 0.62265625 0.03125 0.0484375
0 0.00859375 0.0890625 0.0171875 0.034375
0 0.3375 0.18359375 0.025 0.0421875
0 0.80859375 0.71953125 0.0296875 0.0453125
0 0.79375 0.3828125 0.028125 0.04375
0 0.846875 0.5359375 0.028125 0.040625
0 0.72421875 0.4125 0.0265625 0.034375
0 0.31015625 0.37109375 0.0296875 0.0453125
0 0.19296875 0.24140625 0.0328125 0.0453125
0 0.8921875 0.065625 0.034375 0.0375
0 0.7921875 0.29765625 0.028125 0.0390625
0 0.0421875 0.3859375 0.084375 0.19375
0 0.922930463576159 0.7229718543046358 0.028125 0.046875
0 0.70703125 0.8046875 0.0234375 0.0375
0 0.66875 0.0890625 0.034375 0.040625
0 0.290625 0.25234375 0.0375 0.0421875
0 0.66640625 0.25390625 0.0328125 0.0390625
0 0.078125 0.2 0.0375 0.05625
0 0.653125 0.3984375 0.03125 0.05
0 0.0640625 0.484375 0.04375 0.071875
0 0.5515625 0.66328125 0.028125 0.0453125
0 0.93515625 0.59375 0.0265625 0.04375
0 0.4953125 0.3265625 0.034375 0.065625
0 0.778125 0.74140625 0.03125 0.0546875
0 0.88515625 0.8140625 0.0296875 0.05
0 0.35390625 0.5546875 0.0203125 0.0375
0 0.42109375 0.228125 0.0640625 0.059375
0 0.82421875 0.81484375 0.0265625 0.0671875
0 0.37421875 0.4296875 0.0296875 0.046875
0 0.31953125 0.31953125 0.0328125 0.0453125
0 0.7890625 0.18203125 0.034375 0.0421875
0 0.8359375 0.10703125 0.06875 0.1453125
0 0.08203125 0.6703125 0.0234375 0.034375
0 0.259375 0.40546875 0.034375 0.0578125
0 0.490625 0.36484375 0.03125 0.0359375
0 0.6890625 0.56484375 0.025 0.0328125
0 0.16796875 0.4984375 0.0296875 0.046875
0 0.00546875 0.18515625 0.0078125 0.0234375
0 0.28828125 0.1828125 0.0453125 0.05
0 0.88515625 0.5890625 0.0390625 0.075
0 0.821875 0.4328125 0.03125 0.05625
0 0.75390625 0.503125 0.0265625 0.0375
0 0.85390625 0.79921875 0.0265625 0.0484375
0 0.7234375 0.49140625 0.025 0.0578125
0 0.00703125 0.16015625 0.0140625 0.0421875
0 0.60546875 0.23203125 0.0265625 0.0359375
0 0.15546875 0.08125 0.0359375 0.06875
0 0.58203125 0.2484375 0.0296875 0.040625
0 0.603125 0.1578125 0.021875 0.034375
0 0.521875 0.31171875 0.025 0.0296875
0 0.2359375 0.23046875 0.025 0.0453125
0 0.57890625 0.3265625 0.0234375 0.034375
0 0.9609375 0.39609375 0.028125 0.0515625
0 0.77421875 0.425 0.0296875 0.040625
0 0.52734375 0.6484375 0.0296875 0.04375
0 0.92734375 0.2203125 0.0390625 0.034375
0 0.3890625 0.36640625 0.028125 0.0328125
0 0.3625 0.24765625 0.028125 0.0296875
0 0.5953125 0.2921875 0.025 0.0375
0 0.659375 0.29609375 0.0375 0.0453125
0 0.15234375 0.68671875 0.0203125 0.0359375
0 0.44921875 0.15859375 0.0296875 0.0265625
0 0.053125 0.72578125 0.01875 0.0296875
0 0.8875 0.44765625 0.021875 0.0328125
0 0.378125 0.08984375 0.034375 0.0359375
0 0.11640625 0.32265625 0.0328125 0.0265625
0 0.13203125 0.65859375 0.0203125 0.0296875
0 0.27734375 0.22890625 0.0296875 0.0359375
0 0.484375 0.18984375 0.025 0.0296875
0 0.75859375 0.628125 0.0265625 0.034375
0 0.090625 0.24140625 0.034375 0.0328125
0 0.465625 0.1296875 0.040625 0.040625
0 0.45592404801324504 0.7084333609271523 0.0296875 0.04375
0 0.43520798841059605 0.6990997516556291 0.0296875 0.04375
0 0.41242239238410605 0.6835575331125827 0.0296875 0.04375
