0 0.578125 0.7015625 0.046875 0.059375
0 0.6671875 0.13125 0.04375 0.05
0 0.65546875 0.2734375 0.0359375 0.046875
0 0.234375 0.70859375 0.034375 0.0453125
0 0.21171875 0.3921875 0.0671875 0.084375
0 0.4 0.528125 0.0375 0.040625
0 0.39375 0.6296875 0.040625 0.046875
0 0.65703125 0.4546875 0.0296875 0.046875
0 0.41328125 0.69140625 0.0421875 0.0609375
0 0.5828125 0.28203125 0.040625 0.0484375
0 0.50703125 0.33828125 0.0359375 0.0515625
0 0.04609375 0.3453125 0.0515625 0.06875
0 0.7765625 0.628125 0.04375 0.04375
0 0.63515625 0.325 0.0390625 0.04375
0 0.7171875 0.48203125 0.0375 0.0546875
0 0.22578125 0.07109375 0.0453125 0.0578125
0 0.7875 0.30078125 0.046875 0.0484375
0 0.5828125 0.5515625 0.0375 0.05
0 0.05859375 0.48828125 0.0359375 0.0453125
0 0.60390625 0.33125 0.0328125 0.04375
0 0.61484375 0.85703125 0.0484375 0.0640625
0 0.37578125 0.43671875 0.0390625 0.0421875
0 0.6888089817880795 0.2085730546357616 0.0359375 0.0328125
0 0.31640625 0.4609375 0.0296875 0.034375
0 0.2796875 0.64921875 0.0375 0.0421875
0 0.0140625 0.55546875 0.028125 0.0453125
0 0.3359375 0.08828125 0.04375 0.0578125
0 0.7140625 0.8765625 0.040625 0.053125
0 0.0984375 0.4765625 0.0375 0.04375
0 0.93046875 0.4640625 0.0421875 0.065625
0 0.271875 0.71328125 0.0375 0.0578125
0 0.278125 0.09609375 0.04375 0.0640625
0 0.79453125 0.1296875 0.0359375 0.046875
0 0.2828125 0.234375 0.03125 0.040625
0 0.83828125 0.8578125 0.0640625 0.053125
0 0.49453125 0.2625 0.0453125 0.065625
0 0.93203125 0.0890625 0.0390625 0.053125
0 0.7234375 0.68203125 0.046875 0.0703125
0 0.6453125 0.5734375 0.034375 0.053125
0 0.84921875 0.796875 0.0390625 0.053125
0 0.359375 0.765625 0.034375 0.065625
0 0.08828125 0.51640625 0.0328125 0.0359375
0 0.1296875 0.48984375 0.03125 0.0390625
0 0.5640625 0.115625 0.03125 0.0375
0 0.0296875 0.6125 0.028125 0.034375
0 0.75390625 0.5390625 0.0390625 0.065625
0 0.446875 0.2046875 0.034375 0.059375
0 0.35390625 0.53515625 0.0390625 0.0421875
0 0.3109375 0.234375 0.028125 0.0375
0 0.740625 0.7390625 0.05625 0.065625
0 0.01484375 0.38984375 0.0296875 0.0390625
0 0.42421875 0.30625 0.0453125 0.046875
0 0.3078125 0.69765625 0.03125 0.0390625
0 0.85234375 0.528125 0.0578125 0.05
0 0.41875 0.22421875 0.034375 0.0453125
0 0.47265625 0.3125 0.0328125 0.04375
0 0.56328125 0.2046875 0.0421875 0.05
0 0.1703125 0.4109375 0.034375 0.040625
0 0.57734375 0.6421875 0.0359375 0.05
0 0.23828125 0.1640625 0.0359375 0.046875
0 0.3046875 0.33515625 0.040625 0.0390625
0 0.428125 0.103125 0.040625 0.04375
0 0.846875 0.46875 0.040625 0.05625
0 0.753125 0.90625 0.04375 0.04375
0 0.93671875 0.203125 0.0390625 0.059375
0 0.6890625 0.25546875 0.053125 0.0734375
0 0.47421875 0.40234375 0.0484375 0.0609375
0 0.07890625 0.3890625 0.0390625 0.040625
0 0.7046875 0.83359375 0.03125 0.0359375
0 0.44453125 0.2640625 0.0359375 0.040625
0 0.66953125 0.40703125 0.0359375 0.0515625
0 0.3453125 0.3390625 0.034375 0.034375
0 0.5609375 0.509375 0.03125 0.0375
0 0.90234375 0.53046875 0.0328125 0.0421875
0 0.37890625 0.1078125 0.0359375 0.04375
0 0.23359375 0.25234375 0.0484375 0.0421875
0 0.84921875 0.6328125 0.0546875 0.071875
0 0.7546875 0.0765625 0.04375 0.053125
0 0.19453125 0.7125 0.0296875 0.03125
0 0.08515625 0.56328125 0.0390625 0.0484375
0 0.28046875 0.76328125 0.0265625 0.0296875
0 0.91953125 0.40234375 0.0328125 0.0484375
0 0.67578125 0.85390625 0.0359375 0.0390625
0 0.39140625 0.36953125 0.0296875 0.0359375
0 0.175 0.6015625 0.04375 0.05
0 0.2109375 0.29140625 0.028125 0.0453125
0 0.234375 0.6609375 0.03125 0.040625
0 0.184375 0.46171875 0.034375 0.0328125
0 0.41484375 0.353125 0.0296875 0.0375
0 0.05 0.45390625 0.028125 0.0421875
0 0.31171875 0.27421875 0.0328125 0.0421875
0 0.51796875 0.190625 0.0390625 0.053125
0 0.73125 0.40234375 0.0375 0.0421875
0 0.20625 0.74453125 0.03125 0.0421875
0 0.24609375 0.2140625 0.0296875 0.034375
0 0.9578125 0.28125 0.0375 0.04375
0 0.86328125 0.22890625 0.0265625 0.0359375
0 0.01953125 0.51015625 0.0296875 0.0421875
0 0.47297185430463573 0.68046875 0.075 0.0546875
0 0.4125 0.59296875 0.03125 0.0484375
0 0.35 0.375 0.03125 0.0375
0 0.37890625 0.56953125 0.0328125 0.0421875
0 0.2109375 0.5703125 0.028125 0.028125
0 0.8828125 0.4125 0.028125 0.046875
0 0.91484375 0.040625 0.0421875 0.046875
0 0.6515625 0.36015625 0.028125 0.0328125
0 0.75546875 0.1953125 0.0359375 0.05625
0 0.35078125 0.19765625 0.0609375 0.0640625
0 0.5453125 0.54921875 0.034375 0.0359375
0 0.55234375 0.32421875 0.0265625 0.0390625
0 0.77421875 0.44140625 0.0328125 0.0578125
0 0.2203125 0.46171875 0.03125 0.0421875
0 0.0484375 0.54921875 0.0375 0.0578125
0 0.815625 0.4859375 0.025 0.04375
0 0.534375 0.1078125 0.028125 0.040625
0 0.37890625 0.3984375 0.0328125 0.0375
0 0.1546875 0.68984375 0.046875 0.0515625
0 0.84765625 0.2875 0.0453125 0.046875
0 0.5984375 0.1046875 0.03125 0.0375
0 0.325 0.653125 0.040625 0.04375
0 0.8921875 0.2828125 0.034375 0.040625
0 0.54765625 0.24921875 0.0359375 0.0390625
0 0.2859375 0.45390625 0.040625 0.0515625
0 0.024187706953642384 0.2527887003311258 0.04837541390728477 0.15067259933774835
0 0.346875 0.6828125 0.034375 0.04375
0 0.45078125 0.71171875 0.0359375 0.0390625
0 0.3890625 0.32734375 0.028125 0.0453125
0 0.53828125 0.4734375 0.0296875 0.05
0 0.45 0.7546875 0.046875 0.04375
0 0.09765625 0.7515625 0.0296875 0.04375
0 0.32109375 0.60546875 0.0296875 0.0359375
0 0.6203125 0.44140625 0.034375 0.0703125
0 0.02265625 0.44453125 0.0265625 0.0421875
0 0.16484375 0.2390625 0.0484375 0.053125
0 0.24765625 0.33828125 0.0359375 0.0421875
0 0.61328125 0.63828125 0.0328125 0.0453125
0 0.8640625 0.1796875 0.028125 0.04375
0 0.80546875 0.7359375 0.0453125 0.08125
0 0.428125 0.38984375 0.03125 0.0421875
0 0.33359375 0.7125 0.0296875 0.028125
0 0.46171875 0.0921875 0.0453125 0.0625
0 0.8296875 0.33046875 0.0375 0.0390625
0 0.38046875 0.671875 0.0328125 0.0375
0 0.4234375 0.440625 0.034375 0.0625
0 0.6515625 0.69296875 0.034375 0.0390625
0 0.47421875 0.35390625 0.0265625 0.0359375
0 0.53359375 0.66953125 0.0421875 0.0796875
0 0.11953125 0.25546875 0.0296875 0.0453125
0 0.621875 0.27421875 0.03125 0.0421875
0 0.0578125 0.60234375 0.028125 0.0546875
0 0.62109375 0.37421875 0.0390625 0.0390625
0 0.284375 0.284375 0.040625 0.053125
0 0.70546875 0.59296875 0.0296875 0.0390625
0 0.5765625 0.46796875 0.0375 0.0453125
0 0.14609375 0.5296875 0.0359375 0.05
0 0.81328125 0.36953125 0.0296875 0.0390625
0 0.85234375 0.05234375 0.0328125 0.0421875
0 0.62421875 0.08671875 0.0359375 0.0359375
0 0.121875 0.71640625 0.05 0.0484375
0 0.13359375 0.4125 0.0234375 0.034375
0 0.79375 0.39921875 0.0375 0.0640625
0 0.30703125 0.7859375 0.0328125 0.0375
0 0.6578125 0.078125 0.028125 0.040625
0 0.27109375 0.5890625 0.0421875 0.05625
0 0.71328125 0.0765625 0.0296875 0.040625
0 0.246875 0.1265625 0.03125 0.034375
0 0.44453125 0.33671875 0.0296875 0.0296875
0 0.896875 0.20625 0.034375 0.05
0 0.553125 0.42890625 0.0375 0.0484375
0 0.240625 0.29609375 0.021875 0.0359375
0 0.70546875 0.125 0.0296875 0.0375
0 0.63046875 0.16875 0.0359375 0.0625
0 0.89609375 0.10859375 0.0359375 0.0390625
0 0.5109375 0.14765625 0.028125 0.0359375
0 0.71015625 0.02421875 0.0328125 0.0453125
0 0.48671875 0.734375 0.0265625 0.03125
0 0.6609375 0.81171875 0.04375 0.0546875
0 0.1609375 0.1375 0.034375 0.046875
0 0.30078125 0.51796875 0.0296875 0.0578125
0 0.96953125 0.403125 0.0359375 0.040625
0 0.76015625 0.8640625 0.0265625 0.0375
0 0.36796875 0.25390625 0.0328125 0.0359375
0 0.41640625 0.759375 0.0421875 0.053125
0 0.96953125 0.16953125 0.0296875 0.0484375
0 0.5125 0.38359375 0.03125 0.0359375
0 0.03359375 0.1421875 0.0390625 0.04375
0 0.45859375 0.4546875 0.0296875 0.05
0 0.9046875 0.80625 0.06875 0.0875
0 0.58046875 0.34296875 0.0234375 0.0484375
0 0.7953125 0.02734375 0.0375 0.0453125
0 0.57109375 0.15546875 0.0390625 0.0484375
0 0.9171875 0.25625 0.03125 0.040625
0 0.6828125 0.72734375 0.0375 0.0421875
0 0.61875 0.2234375 0.053125 0.05625
0 0.03359375 0.6515625 0.0296875 0.046875
0 0.509375 0.7125 0.028125 0.03125
0 0.2625 0.05703125 0.025 0.0265625
0 0.5546875 0.60234375 0.034375 0.0453125
0 0.84140625 0.3984375 0.0296875 0.05625
0 0.125 0.3515625 0.05625 0.04375
0 0.3671875 0.05625 0.04375 0.034375
0 0.3625 0.284375 0.028125 0.040625
0 0.70390625 0.40390625 0.0234375 0.0390625
0 0.75859375 0.25859375 0.0265625 0.0546875
0 0.25859375 0.76640625 0.0203125 0.0328125
0 0.96953125 0.24140625 0.0328125 0.0390625
0 0.2078125 0.2109375 0.03125 0.053125
0 0.16796875 0.54921875 0.0234375 0.0328125
0 0.04140625 0.08828125 0.0421875 0.0359375
0 0.215625 0.11640625 0.025 0.0328125
0 0.09921875 0.62578125 0.0359375 0.0390625
0 0.70859375 0.79453125 0.0234375 0.0390625
0 0.19453125 0.53046875 0.0296875 0.0484375
0 0.66484375 0.76484375 0.0296875 0.0359375
0 0.2078125 0.684375 0.03125 0.0375
0 0.29140625 0.3890625 0.0515625 0.071875
0 0.27265625 0.79765625 0.0234375 0.0296875
0 0.73828125 0.46015625 0.0265625 0.0484375
0 0.2171875 0.33671875 0.025 0.0390625
0 0.0796875 0.21015625 0.025 0.0359375
0 0.34296875 0.49765625 0.0453125 0.0390625
0 0.18515625 0.12578125 0.0296875 0.0484375
0 0.32109375 0.37265625 0.0265625 0.0328125
0 0.815625 0.22890625 0.05625 0.0765625
0 0.11796875 0.5859375 0.0265625 0.034375
0 0.0453125 0.41953125 0.028125 0.0359375
0 0.25546875 0.640625 0.0203125 0.028125
0 0.00390625 0.4515625 0.0078125 0.025
0 0.3484375 0.44921875 0.025 0.0484375
0 0.95703125 0.3703125 0.0234375 0.034375
0 0.8890625 0.83984375 0.03125 0.0453125
0 0.42421875 0.559375 0.0265625 0.028125
0 0.89140625 0.153125 0.0265625 0.040625
0 0.734375 0.32421875 0.021875 0.0296875
0 0.83828125 0.20625 0.0296875 0.028125
0 0.671875 0.5953125 0.028125 0.05
0 0.28671875 0.61171875 0.0328125 0.0296875
0 0.1203125 0.5421875 0.021875 0.0375
0 0.07421875 0.271875 0.0484375 0.06875
0 0.40859375 0.46484375 0.0234375 0.0296875
0 0.10546875 0.071875 0.0828125 0.05
0 0.4703125 0.159375 0.0375 0.046875
0 0.15390625 0.475 0.0234375 0.03125
0 0.340625 0.57734375 0.021875 0.0359375
