0 0.309375 0.55078125 0.0375 0.0484375
0 0.4875 0.209375 0.078125 0.084375
0 0.5828125 0.71953125 0.04375 0.0640625
0 0.22421875 0.27890625 0.0515625 0.0515625
0 0.74609375 0.7453125 0.0515625 0.06875
0 0.5765625 0.328125 0.0375 0.046875
0 0.82890625 0.3453125 0.0359375 0.046875
0 0.25703125 0.42734375 0.0328125 0.0421875
0 0.834375 0.59296875 0.04375 0.0609375
0 0.67265625 0.10234375 0.0421875 0.0484375
0 0.4046875 0.365625 0.034375 0.040625
0 0.29375 0.4296875 0.034375 0.040625
0 0.790625 0.65625 0.0375 0.046875
0 0.24296875 0.47109375 0.0484375 0.0640625
0 0.1015625 0.8109375 0.0875 0.06875
0 0.2546875 0.8296875 0.0375 0.040625
0 0.85234375 0.740625 0.0359375 0.040625
0 0.56796875 0.2203125 0.0546875 0.05625
0 0.6234375 0.72890625 0.03125 0.0484375
0 0.375 0.56015625 0.040625 0.0484375
0 0.5390625 0.296875 0.034375 0.05
0 0.35234375 0.27734375 0.0453125 0.0546875
0 0.95234375 0.2453125 0.0328125 0.046875
0 0.15078125 0.73671875 0.0609375 0.0859375
0 0.334375 0.12890625 0.034375 0.0453125
0 0.89140625 0.28046875 0.0421875 0.0484375
0 0.69765625 0.36640625 0.0390625 0.0390625
0 0.171875 0.2171875 0.0375 0.0375
0 0.509375 0.32578125 0.03125 0.0453125
0 0.57578125 0.38671875 0.0453125 0.0484375
0 0.16171875 0.3203125 0.0390625 0.046875
0 0.21171875 0.0859375 0.0390625 0.040625
0 0.38671875 0.459375 0.0390625 0.046875
0 0.15 0.4359375 0.0375 0.040625
0 0.790625 0.02890625 0.04375 0.0515625
0 0.68359375 0.06171875 0.0296875 0.0296875
0 0.1875 0.36640625 0.04375 0.0453125
0 0.3390625 0.6703125 0.046875 0.06875
0 0.321875 0.3609375 0.034375 0.040625
0 0.3625 0.18125 0.04375 0.0625
0 0.553125 0.646875 0.04375 0.053125
0 0.24140625 0.39140625 0.0296875 0.0421875
0 0.3109375 0.17109375 0.0375 0.0484375
0 0.24921875 0.0890625 0.0328125 0.034375
0 0.871875 0.55625 0.0375 0.053125
0 0.3078125 0.7296875 0.034375 0.053125
0 0.703125 0.55703125 0.053125 0.0609375
0 0.43359375 0.48046875 0.0453125 0.0453125
0 0.4421875 0.23046875 0.0375 0.0546875
0 0.6171875 0.6515625 0.0375 0.0625
0 0.66875 0.16015625 0.0375 0.0453125
0 0.3515625 0.37890625 0.034375 0.0484375
0 0.34765625 0.0578125 0.0421875 0.046875
0 0.321875 0.5015625 0.034375 0.040625
0 0.621875 0.27578125 0.046875 0.0484375
0 0.70625 0.49765625 0.028125 0.0421875
0 0.21015625 0.871875 0.0453125 0.046875
0 0.49296875 0.55078125 0.0609375 0.0765625
0 0.78203125 0.88203125 0.0359375 0.0484375
0 0.81484375 0.14140625 0.0328125 0.0390625
0 0.55546875 0.4328125 0.0359375 0.040625
0 0.80625 0.096875 0.03125 0.046875
0 0.48671875 0.63984375 0.0390625 0.0640625
0 0.16875 0.02109375 0.046875 0.0421875
0 0.7171875 0.078125 0.0375 0.04375
0 0.66953125 0.33203125 0.0390625 0.0578125
0 0.2875 0.47421875 0.03125 0.0484375
0 0.62578125 0.47578125 0.0296875 0.0671875
0 0.19140625 0.428125 0.0390625 0.040625
0 0.28984375 0.06875 0.0453125 0.0625
0 0.6328125 0.76953125 0.028125 0.0421875
0 0.8453125 0.08203125 0.034375 0.0453125
0 0.09375 0.15234375 0.034375 0.0453125
0 0.73203125 0.30390625 0.0265625 0.0390625
0 0.08359375 0.21015625 0.0359375 0.0640625
0 0.34296875 0.9078125 0.0359375 0.05625
0 0.1703125 0.5546875 0.034375 0.0625
0 0.39375 0.25234375 0.03125 0.0421875
0 0.08046875 0.27421875 0.0453125 0.0484375
0 0.7265625 0.13125 0.059375 0.046875
0 0.909375 0.77421875 0.0375 0.0546875
0 0.7765625 0.70390625 0.03125 0.0421875
0 0.60703125 0.31796875 0.0359375 0.0421875
0 0.525 0.4734375 0.040625 0.040625
0 0.5125 0.80703125 0.028125 0.0515625
0 0.7734375 0.08359375 0.03125 0.0390625
0 0.93984375 0.30625 0.0578125 0.059375
0 0.175 0.1328125 0.05 0.08125
0 0.5703125 0.55234375 0.034375 0.0421875
0 0.11875 0.1140625 0.04375 0.0625
0 0.53125 0.24140625 0.034375 0.0390625
0 0.3640625 0.43203125 0.03125 0.0484375
0 0.821875 0.8578125 0.05 0.065625
0 0.06328125 0.9234375 0.0421875 0.05625
0 0.1640625 0.2609375 0.0375 0.05625
0 0.28125 0.6140625 0.028125 0.040625
0 0.3265625 0.21328125 0.034375 0.0421875
0 0.56640625 0.78359375 0.0296875 0.0484375
0 0.20703125 0.53125 0.0390625 0.05625
0 0.5640625 0.16953125 0.03125 0.0484375
0 0.53671875 0.825 0.0265625 0.053125
0 0.53359375 0.6953125 0.0328125 0.071875
0 0.13125 0.54453125 0.0375 0.0890625
0 0.07890625 0.87265625 0.0421875 0.0421875
0 0.275 0.28359375 0.034375 0.0515625
0 0.57109375 0.27265625 0.0359375 0.0453125
0 0.95390625 0.4890625 0.0421875 0.06875
0 0.734375 0.1984375 0.04375 0.05625
0 0.134375 0.4703125 0.025 0.0375
0 0.0421875 0.19296875 0.040625 0.0421875
0 0.76484375 0.3078125 0.0328125 0.053125
0 0.08515625 0.31640625 0.0453125 0.0453125
0 0.88125 0.4234375 0.028125 0.04375
0 0.0296875 0.2328125 0.03125 0.040625
0 0.22265625 0.12734375 0.0390625 0.0421875
0 0.2765625 0.5375 0.04375 0.05625
0 0.92890625 0.42578125 0.0328125 0.0640625
0 0.46484375 0.4078125 0.0265625 0.034375
0 0.8375 0.5109375 0.04375 0.053125
0 0.84375 0.13671875 0.025 0.0421875
0 0.82734375 0.271875 0.0453125 0.053125
0 0.50234375 0.934375 0.0390625 0.075
0 0.2734375 0.75859375 0.03125 0.0328125
0 0.78515625 0.578125 0.0390625 0.040625
0 0.4671875 0.70625 0.028125 0.0375
0 0.6546875 0.54375 0.025 0.040625
0 0.59296875 0.17109375 0.0296875 0.0359375
0 0.603125 0.60390625 0.028125 0.0421875
0 0.01171875 0.49609375 0.0234375 0.0609375
0 0.5921875 0.43203125 0.028125 0.0390625
0 0.41796875 0.18671875 0.0296875 0.0390625
0 0.3578125 0.74140625 0.034375 0.0546875
0 0.28984375 0.82890625 0.0234375 0.0453125
0 0.5625 0.596875 0.025 0.0375
0 0.51796875 0.37890625 0.0359375 0.0359375
0 0.7734375 0.271875 0.03125 0.0375
0 0.23046875 0.70859375 0.0734375 0.1390625
0 0.6265625 0.59609375 0.021875 0.0421875
0 0.86875 0.20859375 0.0375 0.0390625
0 0.28984375 0.33828125 0.0296875 0.0359375
0 0.52265625 0.98515625 0.0234375 0.0265625
0 0.6125 0.22734375 0.03125 0.0390625
0 0.9546875 0.15390625 0.040625 0.0515625
0 0.48125 0.84453125 0.034375 0.0453125
0 0.4625 0.8859375 0.034375 0.05
0 0.5375 0.76171875 0.028125 0.0484375
0 0.78984375 0.22734375 0.0265625 0.0578125
0 0.28828125 0.9765625 0.0265625 0.040625
0 0.28984375 0.671875 0.0359375 0.05625
0 0.14921875 0.1796875 0.0265625 0.0375
0 0.3890625 0.6875 0.05 0.071875
0 0.68671875 0.4203125 0.0296875 0.053125
0 0.79609375 0.6140625 0.0296875 0.03125
0 0.6 0.77890625 0.03125 0.0453125
0 0.22578125 0.3390625 0.0296875 0.059375
0 0.44609375 0.75546875 0.0328125 0.0453125
0 0.16328125 0.97734375 0.0234375 0.0359375
0 0.44296875 0.2984375 0.0359375 0.040625
0 0.021875 0.378125 0.0375 0.071875
0 0.43828125 0.8140625 0.0421875 0.053125
0 0.4859375 0.471875 0.03125 0.046875
0 0.415625 0.52109375 0.03125 0.0421875
0 0.3859375 0.515625 0.025 0.034375
0 0.19296875 0.48359375 0.0390625 0.0484375
0 0.6078125 0.83828125 0.025 0.0578125
0 0.20859375 0.62109375 0.0359375 0.0546875
0 0.528125 0.871875 0.021875 0.0375
0 0.49375 0.4125 0.025 0.03125
0 0.171875 0.46328125 0.03125 0.0296875
0 0.8546875 0.015625 0.021875 0.03125
0 0.90859375 0.68203125 0.0453125 0.0640625
0 0.8828125 0.97421875 0.0375 0.0484375
0 0.69140625 0.18203125 0.0234375 0.0296875
0 0.25625 0.8984375 0.028125 0.034375
0 0.2890625 0.88125 0.03125 0.059375
0 0.7375 0.61640625 0.0375 0.0609375
0 0.88125 0.07734375 0.03125 0.0390625
0 0.2609375 0.3625 0.03125 0.046875
0 0.25390625 0.18359375 0.0390625 0.0671875
0 0.44296875 0.35703125 0.0265625 0.0390625
0 0.52890625 0.43671875 0.0234375 0.0296875
0 0.5171875 0.2625 0.028125 0.025
0 0.296875 0.3765625 0.028125 0.03125
0 0.40390625 0.409375 0.0421875 0.046875
0 0.7828125 0.7703125 0.034375 0.040625
0 0.70234375 0.80703125 0.0359375 0.0546875
0 0.5609375 0.8921875 0.028125 0.065625
0 0.1140625 0.6796875 0.025 0.040625
0 0.9390625 0.62578125 0.025 0.0484375
0 0.7625 0.63671875 0.025 0.0359375
0 0.50078125 0.7484375 0.0453125 0.046875
0 0.359375 0.50078125 0.03125 0.0390625
0 0.62578125 0.5515625 0.0265625 0.04375
0 0.39765625 0.29296875 0.0328125 0.0421875
0 0.51015625 0.09765625 0.0328125 0.0390625
0 0.13515625 0.86796875 0.0265625 0.0359375
0 0.48125 0.3328125 0.021875 0.03125
0 0.378125 0.1 0.028125 0.034375
0 0.83984375 0.228125 0.0359375 0.046875
0 0.1453125 0.66015625 0.025 0.0359375
0 0.1 0.9484375 0.040625 0.059375
0 0.8734375 0.11328125 0.028125 0.0328125
0 0.34921875 0.5921875 0.0234375 0.0375
0 0.025 0.29609375 0.046875 0.0703125
0 0.06640625 0.12109375 0.0234375 0.0390625
0 0.253125 0.790625 0.028125 0.034375
0 0.1078125 0.728125 0.03125 0.04375
0 0.42109375 0.71953125 0.0234375 0.0359375
0 0.69296875 0.92265625 0.0328125 0.0640625
0 0.6265625 0.1578125 0.021875 0.034375
0 0.43515625 0.40625 0.0203125 0.03125
0 0.2515625 0.615625 0.025 0.03125
0 0.6609375 0.45703125 0.028125 0.0421875
0 0.6296875 0.828125 0.03125 0.05
0 0.3015625 0.1265625 0.025 0.03125
0 0.81171875 0.3984375 0.0328125 0.04375
0 0.678125 0.20546875 0.028125 0.0296875
0 0.28671875 0.23359375 0.0265625 0.0390625
0 0.2140625 0.2296875 0.04375 0.046875
0 0.13125 0.23671875 0.028125 0.0421875
0 0.68828125 0.46953125 0.0203125 0.0390625
0 0.93203125 0.0640625 0.0453125 0.046875
0 0.4109375 0.56953125 0.034375 0.0390625
0 0.81875 0.7671875 0.03125 0.040625
0 0.9140625 0.6046875 0.028125 0.0375
0 0.403125 0.13671875 0.025 0.0390625
0 0.65859375 0.98984375 0.0265625 0.0171875
0 0.46484375 0.1546875 0.0296875 0.034375
0 0.778125 0.140625 0.03125 0.06875
0 0.61328125 0.09140625 0.0265625 0.0296875
0 0.45625 0.43984375 0.0375 0.0328125
0 0.19921875 0.309375 0.0296875 0.04375
0 0.8640625 0.37578125 0.028125 0.0421875
0 0.078125 0.75859375 0.025 0.0390625
0 0.590625 0.47421875 0.028125 0.0328125
0 0.46875 0.35859375 0.021875 0.0359375
0 0.72265625 0.453125 0.0234375 0.040625
0 0.4890625 0.27890625 0.025 0.0484375
0 0.146875 0.36171875 0.034375 0.0421875
0 0.1078125 0.48203125 0.03125 0.0390625
0 0.65234375 0.5859375 0.0234375 0.03125
0 0.0203125 0.54921875 0.034375 0.0640625
0 0.4265625 0.3296875 0.01875 0.034375
0 0.4515625 0.609375 0.034375 0.059375
0 0.959375 0.57109375 0.028125 0.0453125
0 0.4171875 0.871875 0.040625 0.046875
0 0.34140625 0.5515625 0.0234375 0.034375
0 0.6671875 0.49921875 0.025 0.0484375
0 0.48203125 0.38359375 0.0234375 0.0296875
0 0.50390625 0.865625 0.0203125 0.0375
0 0.11875 0.2828125 0.025 0.040625
0 0.13359375 0.20078125 0.0234375 0.0359375
