0 0.325 0.17421875 0.053125 0.0515625
0 0.6546875 0.79921875 0.040625 0.0640625
0 0.85 0.675 0.040625 0.05625
0 0.3765625 0.18203125 0.053125 0.0640625
0 0.84765625 0.33203125 0.0546875 0.0671875
0 0.065625 0.1234375 0.04375 0.05625
0 0.68984375 0.27890625 0.0421875 0.0578125
0 0.565625 0.13203125 0.046875 0.0515625
0 0.8109375 0.2625 0.065625 0.071875
0 0.1734375 0.1046875 0.04375 0.046875
0 0.325 0.3015625 0.0375 0.04375
0 0.78125 0.146875 0.034375 0.04375
0 0.6671875 0.59375 0.046875 0.05625
0 0.3546875 0.2484375 0.034375 0.053125
0 0.9296875 0.66640625 0.040625 0.0484375
0 0.478125 0.76484375 0.046875 0.0734375
0 0.2265625 0.6234375 0.0375 0.0625
0 0.02734375 0.48046875 0.0359375 0.0484375
0 0.290625 0.63984375 0.034375 0.0515625
0 0.2703125 0.071875 0.06875 0.059375
0 0.028125 0.55546875 0.03125 0.0546875
0 0.55546875 0.2390625 0.0515625 0.08125
0 0.46015625 0.421875 0.0453125 0.059375
0 0.4703125 0.075 0.05 0.05625
0 0.7390625 0.1484375 0.040625 0.059375
0 0.2859375 0.54765625 0.034375 0.0390625
0 0.353125 0.3328125 0.03125 0.053125
0 0.18671875 0.30625 0.0296875 0.04375
0 0.75625 0.32109375 0.0375 0.0578125
0 0.178125 0.46015625 0.03125 0.0359375
0 0.2859375 0.23203125 0.040625 0.0546875
0 0.0796875 0.1890625 0.0625 0.075
0 0.28984375 0.79140625 0.0421875 0.0453125
0 0.25 0.78203125 0.034375 0.0359375
0 0.47421875 0.5953125 0.0390625 0.053125
0 0.7921875 0.52109375 0.046875 0.0546875
0 0.36015625 0.55703125 0.0328125 0.0515625
0 0.85 0.503125 0.046875 0.053125
0 0.35703125 0.62734375 0.0296875 0.0359375
0 0.10546875 0.578125 0.0328125 0.04375
0 0.6359375 0.4 0.03125 0.046875
0 0.0265625 0.128125 0.028125 0.046875
0 0.06640625 0.571875 0.0421875 0.04375
0 0.58828125 0.28125 0.0359375 0.04375
0 0.69609375 0.85 0.0390625 0.059375
0 0.2359375 0.68125 0.03125 0.04375
0 0.0390625 0.25234375 0.034375 0.0453125
0 0.4015625 0.23515625 0.05625 0.0484375
0 0.3406043046357616 0.8734581953642383 0.0625 0.06875
0 0.7484375 0.04140625 0.04375 0.0578125
0 0.7984375 0.1984375 0.034375 0.05
0 0.05 0.6171875 0.04375 0.0625
0 0.1359375 0.22734375 0.0375 0.0484375
0 0.0875 0.7125 0.03125 0.05
0 0.42421875 0.3828125 0.0390625 0.05
0 0.375 0.1296875 0.028125 0.040625
0 0.55234375 0.57890625 0.0359375 0.0546875
0 0.1890625 0.36484375 0.03125 0.0453125
0 0.0203125 0.36328125 0.03125 0.0484375
0 0.3203125 0.625 0.03125 0.040625
0 0.9015625 0.53359375 0.04375 0.0546875
0 0.671875 0.22578125 0.034375 0.0453125
0 0.51875 0.12265625 0.046875 0.0484375
0 0.33984375 0.11796875 0.0421875 0.0390625
0 0.2578125 0.8890625 0.05625 0.078125
0 0.79609375 0.31171875 0.0359375 0.0390625
0 0.58671875 0.8296875 0.0421875 0.05
0 0.0328125 0.3046875 0.028125 0.053125
0 0.87578125 0.25 0.0453125 0.05
0 0.08359375 0.6578125 0.0359375 0.04375
0 0.32265625 0.35 0.0296875 0.046875
0 0.21171875 0.33125 0.0296875 0.05
0 0.8390625 0.203125 0.05 0.053125
0 0.27734375 0.68828125 0.0359375 0.0421875
0 0.6328125 0.2765625 0.05 0.04375
0 0.75 0.53359375 0.03125 0.0421875
0 0.06875 0.4796875 0.03125 0.04375
0 0.2109375 0.453125 0.03125 0.0375
0 0.18359375 0.6 0.0421875 0.040625
0 0.13986961920529803 0.8907957367549668 0.06502483443708611 0.15650869205298007
0 0.2421875 0.17421875 0.028125 0.0421875
0 0.26953125 0.590625 0.0421875 0.05
0 0.7609375 0.19296875 0.028125 0.0421875
0 0.71171875 0.203125 0.0390625 0.053125
0 0.11015625 0.515625 0.0296875 0.04375
0 0.37578125 0.459375 0.0296875 0.046875
0 0.40546875 0.1109375 0.0296875 0.05625
0 0.153125 0.659375 0.034375 0.0375
0 0.61875 0.10625 0.04375 0.0625
0 0.7200589817880797 0.701288286423841 0.0359375 0.05468749999999982
0 0.0328125 0.1765625 0.0375 0.05
0 0.14609375 0.53125 0.0296875 0.04375
0 0.56875 0.44921875 0.04375 0.0578125
0 0.2984375 0.44296875 0.028125 0.0421875
0 0.2484375 0.1296875 0.0375 0.040625
0 0.28046875 0.50625 0.0390625 0.04375
0 0.66484375 0.1203125 0.0328125 0.04375
0 0.7484375 0.25859375 0.05 0.0640625
0 0.0296875 0.67265625 0.04375 0.0515625
0 0.08515625 0.534375 0.0328125 0.0375
0 0.04765625 0.44609375 0.0328125 0.0359375
0 0.21640625 0.1734375 0.0296875 0.040625
0 0.68671875 0.05546875 0.0515625 0.0578125
0 0.68359375 0.653125 0.0265625 0.040625
0 0.52578125 0.765625 0.0328125 0.075
0 0.16015625 0.33515625 0.0265625 0.0421875
0 0.31640625 0.4765625 0.0265625 0.046875
0 0.9453125 0.234375 0.0625 0.071875
0 0.484375 0.8421875 0.028125 0.046875
0 0.16171875 0.18828125 0.0640625 0.0359375
0 0.009375 0.240625 0.01875 0.0625
0 0.26015625 0.275 0.0359375 0.034375
0 0.4609375 0.5078125 0.04375 0.05625
0 0.52890625 0.89453125 0.0359375 0.0484375
0 0.634375 0.23828125 0.034375 0.0328125
0 0.3984375 0.51953125 0.034375 0.0484375
0 0.4296875 0.6046875 0.034375 0.05
0 0.57578125 0.3859375 0.0296875 0.053125
0 0.90625 0.29871171357615894 0.046875 0.0546875
0 0.32890625 0.69453125 0.0578125 0.0796875
0 0.178125 0.2328125 0.03125 0.0375
0 0.89453125 0.68984375 0.0390625 0.0421875
0 0.68515625 0.51484375 0.0328125 0.0546875
0 0.08984375 0.36640625 0.0359375 0.0609375
0 0.51796875 0.325 0.0296875 0.046875
0 0.64609375 0.17890625 0.0640625 0.0484375
0 0.3828125 0.8234375 0.03125 0.053125
0 0.23671875 0.22265625 0.0359375 0.0515625
0 0.24453125 0.73203125 0.0421875 0.0515625
0 0.51484375 0.190625 0.0328125 0.05625
0 0.28203125 0.46484375 0.0265625 0.0359375
0 0.23046875 0.5140625 0.0359375 0.08125
0 0.2609375 0.384375 0.028125 0.034375
0 0.384375 0.36875 0.03125 0.040625
0 0.7109375 0.59140625 0.028125 0.0390625
0 0.16640625 0.1515625 0.0359375 0.034375
0 0.36328125 0.51015625 0.0265625 0.0421875
0 0.521875 0.8390625 0.028125 0.05
0 0.45234375 0.80234375 0.0390625 0.0640625
0 0.34453125 0.790625 0.0546875 0.065625
0 0.753125 0.38671875 0.028125 0.0328125
0 0.13828125 0.46015625 0.0328125 0.0359375
0 0.70859375 0.32421875 0.0359375 0.0453125
0 0.20703125 0.215625 0.0234375 0.0375
0 0.1265625 0.32109375 0.04375 0.0609375
0 0.10859375 0.265625 0.0421875 0.046875
0 0.0359375 0.72265625 0.034375 0.0328125
0 0.17734375 0.5625 0.0234375 0.03125
0 0.51484375 0.4234375 0.0453125 0.096875
0 0.70234375 0.775 0.0296875 0.08125
0 0.69296875 0.38671875 0.0328125 0.0359375
0 0.21015625 0.08203125 0.0359375 0.0546875
0 0.66875 0.7109375 0.04375 0.071875
0 0.1015625 0.4578125 0.025 0.034375
0 0.2 0.6734375 0.028125 0.05
0 0.41875 0.33984375 0.028125 0.0359375
0 0.65703125 0.85703125 0.0265625 0.0421875
0 0.28046875 0.11484375 0.0359375 0.0328125
0 0.05234375 0.51875 0.0265625 0.0375
0 0.759375 0.4890625 0.025 0.028125
0 0.621875 0.48828125 0.03125 0.0453125
0 0.8921875 0.41484375 0.034375 0.0546875
0 0.27421875 0.40703125 0.0296875 0.0484375
0 0.47421875 0.3625 0.0328125 0.059375
0 0.46328125 0.19140625 0.0515625 0.0765625
0 0.15390625 0.39375 0.0328125 0.04375
0 0.878125 0.11796875 0.040625 0.0390625
0 0.55546875 0.3171875 0.0359375 0.059375
0 0.1453125 0.28515625 0.028125 0.0453125
0 0.0453125 0.34921875 0.028125 0.0359375
0 0.58515625 0.89375 0.0265625 0.05625
0 0.84765625 0.09140625 0.0484375 0.0421875
0 0.62421875 0.84375 0.0296875 0.059375
0 0.396875 0.59140625 0.025 0.0359375
0 0.26171875 0.30546875 0.0296875 0.0515625
0 0.81328125 0.41328125 0.0328125 0.0578125
0 0.05234375 0.415625 0.0328125 0.034375
0 0.4671875 0.12109375 0.028125 0.0421875
0 0.8828125 0.6 0.0625 0.059375
0 0.90546875 0.190625 0.0609375 0.0625
0 0.721875 0.63984375 0.053125 0.0546875
0 0.61015625 0.340625 0.0453125 0.053125
0 0.63984375 0.0109375 0.0265625 0.021875
0 0.17890625 0.41328125 0.0296875 0.0390625
0 0.0828125 0.071875 0.025 0.034375
0 0.2484375 0.83125 0.046875 0.05
0 0.61484375 0.78984375 0.0234375 0.0390625
0 0.6234375 0.7546875 0.025 0.040625
0 0.084375 0.31328125 0.028125 0.0328125
0 0.83515625 0.63046875 0.0328125 0.0390625
0 0.14921875 0.5828125 0.0265625 0.05
0 0.58984375 0.05703125 0.0265625 0.0390625
0 0.00625 0.5046875 0.0125 0.05
0 0.3265625 0.05418046357615895 0.034375 0.03750000000000001
0 0.21953125 0.25390625 0.0328125 0.0421875
0 0.39453125 0.62578125 0.0296875 0.0390625
0 0.31640625 0.39609375 0.0296875 0.0390625
0 0.80859375 0.5640625 0.0328125 0.05
0 0.28125 0.346875 0.034375 0.040625
0 0.78671875 0.44609375 0.0265625 0.0609375
0 0.071875 0.2546875 0.025 0.0375
0 0.3109375 0.2609375 0.0375 0.05625
0 0.834375 0.5953125 0.025 0.04375
0 0.48125 0.303125 0.034375 0.053125
0 0.6390625 0.54765625 0.021875 0.0421875
0 0.25 0.4640625 0.028125 0.04375
0 0.32421875 0.4296875 0.0234375 0.034375
0 0.16796875 0.26953125 0.0296875 0.0515625
0 0.271875 0.1671875 0.03125 0.059375
0 0.95078125 0.4671875 0.0296875 0.04375
0 0.7109375 0.5515625 0.028125 0.034375
0 0.121875 0.36875 0.025 0.040625
0 0.821875 0.13984375 0.03125 0.0578125
0 0.9109375 0.465625 0.028125 0.0375
0 0.28828125 0.31328125 0.0234375 0.0296875
0 0.2390625 0.365625 0.025 0.034375
0 0.33125 0.53515625 0.028125 0.0484375
0 0.07890625 0.440625 0.0203125 0.03125
0 0.60234375 0.41328125 0.0265625 0.0515625
0 0.14322226821192058 0.06587851821192053 0.025 0.0328125
0 0.059375 0.30546875 0.021875 0.0484375
0 0.940625 0.57109375 0.034375 0.0484375
0 0.38203125 0.3015625 0.0265625 0.040625
0 0.37497930463576157 0.010937499999999992 0.03125 0.021874999999999988
0 0.12421875 0.65703125 0.0265625 0.0390625
0 0.95078125 0.52265625 0.0359375 0.0484375
0 0.13125 0.11484375 0.03125 0.0546875
0 0.78515625 0.35859375 0.0265625 0.0484375
0 0.303125 0.13828125 0.025 0.0296875
