0 0.415625 0.14375 0.05625 0.0625
0 0.234375 0.6953125 0.040625 0.053125
0 0.39765625 0.7 0.0359375 0.04375
0 0.8578125 0.39609375 0.0375 0.0640625
0 0.85546875 0.20234375 0.0359375 0.0421875
0 0.72109375 0.028125 0.0796875 0.053125
0 0.575 0.28203125 0.03125 0.0453125
0 0.834375 0.6125 0.034375 0.053125
0 0.67890625 0.28515625 0.0328125 0.0484375
0 0.1828125 0.1234375 0.040625 0.05
0 0.14375 0.59140625 0.04375 0.0546875
0 0.8609375 0.52578125 0.040625 0.0578125
0 0.1078125 0.40859375 0.04375 0.0453125
0 0.528125 0.40859375 0.05 0.0796875
0 0.26171875 0.4015625 0.0328125 0.040625
0 0.13515625 0.4640625 0.0421875 0.046875
0 0.0125 0.3328125 0.025 0.04375
0 0.83046875 0.1078125 0.0734375 0.075
0 0.2515625 0.1921875 0.04375 0.04375
0 0.3984375 0.40625 0.053125 0.096875
0 0.01640625 0.475 0.0328125 0.040625
0 0.025 0.1140625 0.05 0.059375
0 0.33671875 0.4046875 0.0328125 0.0375
0 0.315625 0.53046875 0.028125 0.0390625
0 0.375 0.3375 0.03125 0.0375
0 0.20234375 0.28359375 0.0390625 0.0484375
0 0.03359375 0.5796875 0.0359375 0.059375
0 0.27421875 0.3203125 0.0359375 0.040625
0 0.20234375 0.43984375 0.0328125 0.0359375
0 0.81328125 0.1765625 0.0453125 0.04375
0 0.7640625 0.11640625 0.03125 0.0484375
0 0.62109375 0.678125 0.0328125 0.053125
0 0.3453125 0.3109375 0.034375 0.04375
0 0.16484375 0.40625 0.0515625 0.05
0 0.78984375 0.3359375 0.0515625 0.0625
0 0.3109375 0.2484375 0.08125 0.053125
0 0.70625 0.646875 0.03125 0.05
0 0.115625 0.26328125 0.071875 0.0765625
0 0.03671875 0.5140625 0.0359375 0.053125
0 0.18046875 0.25234375 0.0328125 0.0578125
0 0.7 0.45625 0.040625 0.065625
0 0.4578125 0.38203125 0.040625 0.0453125
0 0.26640625 0.36171875 0.0328125 0.0359375
0 0.6796875 0.75390625 0.025 0.0453125
0 0.865625 0.2375 0.025 0.034375
0 0.31875 0.70859375 0.0375 0.0453125
0 0.21015625 0.1859375 0.0265625 0.03125
0 0.4171875 0.525 0.03125 0.034375
0 0.1734375 0.5453125 0.03125 0.04375
0 0.70859375 0.5828125 0.0421875 0.059375
0 0.56171875 0.3375 0.0421875 0.05625
0 0.27421875 0.10703125 0.0484375 0.0546875
0 0.52734375 0.21484375 0.0421875 0.0421875
0 0.359375 0.20234375 0.034375 0.0421875
0 0.57890625 0.83359375 0.0359375 0.0515625
0 0.43671875 0.62890625 0.0359375 0.0453125
0 0.6515625 0.71015625 0.034375 0.0484375
0 0.559375 0.06640625 0.0375 0.0453125
0 0.425 0.66953125 0.034375 0.0453125
0 0.36484375 0.11328125 0.0328125 0.0421875
0 0.725 0.27421875 0.05 0.0609375
0 0.484375 0.55 0.034375 0.046875
0 0.68828125 0.3375 0.0359375 0.05
0 0.18359375 0.58359375 0.0328125 0.0390625
0 0.45 0.859375 0.046875 0.084375
0 0.34609375 0.44609375 0.0359375 0.0453125
0 0.596875 0.48984375 0.0375 0.0328125
0 0.4265625 0.7234375 0.03125 0.04375
0 0.3375 0.81015625 0.034375 0.0453125
0 0.54296875 0.56015625 0.0390625 0.0359375
0 0.31015625 0.490625 0.0390625 0.040625
0 0.78671875 0.26953125 0.0609375 0.0640625
0 0.30078125 0.57109375 0.0328125 0.0453125
0 0.265625 0.6875 0.025 0.034375
0 0.18828125 0.31640625 0.0296875 0.0359375
0 0.25859375 0.0578125 0.0421875 0.03125
0 0.2140625 0.15234375 0.025 0.0296875
0 0.2890625 0.53125 0.028125 0.04375
0 0.5265625 0.27109375 0.04375 0.0609375
0 0.85234375 0.15859375 0.0359375 0.0421875
0 0.39765625 0.57109375 0.0328125 0.0578125
0 0.565625 0.73125 0.040625 0.078125
0 0.43671875 0.58046875 0.0296875 0.0390625
0 0.59453125 0.37734375 0.0515625 0.0640625
0 0.30703125 0.3921875 0.0328125 0.040625
0 0.1859375 0.1734375 0.028125 0.040625
0 0.3796875 0.29921875 0.03125 0.0390625
0 0.3640625 0.56875 0.03125 0.040625
0 0.01328125 0.40078125 0.0265625 0.0421875
0 0.325 0.14296875 0.040625 0.0390625
0 0.1515625 0.021875 0.04375 0.04375
0 0.8416597682119205 0.6880070364238412 0.034375 0.06250000000000018
0 0.16875 0.81953125 0.04375 0.0703125
0 0.6515625 0.4046875 0.028125 0.040625
0 0.4140625 0.31015625 0.03125 0.0453125
0 0.828125 0.4453125 0.0375 0.090625
0 0.6484375 0.08515625 0.04375 0.0796875
0 0.325 0.18046875 0.028125 0.0359375
0 0.3703125 0.16015625 0.03125 0.0453125
0 0.30859375 0.3046875 0.0296875 0.034375
0 0.0859375 0.15 0.05625 0.05625
0 0.321875 0.75703125 0.04375 0.0578125
0 0.4890625 0.84375 0.03125 0.059375
0 0.25625 0.47734375 0.034375 0.0328125
0 0.27109375 0.74296875 0.0453125 0.0765625
0 0.6296875 0.53203125 0.0375 0.0640625
0 0.50234375 0.3046875 0.0390625 0.040625
0 0.45 0.06015625 0.04375 0.0359375
0 0.22421875 0.59375 0.0296875 0.034375
0 0.8875 0.18203125 0.03125 0.0359375
0 0.4 0.2578125 0.034375 0.04375
0 0.41015625 0.18984375 0.0328125 0.0359375
0 0.2859375 0.165625 0.03125 0.046875
0 0.0984375 0.4953125 0.034375 0.0375
0 0.521875 0.653125 0.03125 0.040625
0 0.3453125 0.49765625 0.028125 0.0390625
0 0.265625 0.6390625 0.028125 0.034375
0 0.0765625 0.43828125 0.034375 0.0234375
0 0.465625 0.503125 0.028125 0.0375
0 0.23359375 0.64765625 0.0265625 0.0390625
0 0.22578125 0.325 0.0421875 0.034375
0 0.29609375 0.353125 0.0328125 0.040625
0 0.06328125 0.2859375 0.0359375 0.0375
0 0.59453125 0.7484375 0.0296875 0.05625
0 0.2203125 0.54609375 0.046875 0.0546875
0 0.86015625 0.0453125 0.0359375 0.04375
0 0.38203125 0.79609375 0.0296875 0.0609375
0 0.71796875 0.3765625 0.0296875 0.0375
0 0.659375 0.4578125 0.0375 0.065625
0 0.46171875 0.12265625 0.0390625 0.0546875
0 0.5203125 0.821875 0.028125 0.046875
0 0.42109375 0.08671875 0.0359375 0.0390625
0 0.17578125 0.45390625 0.0296875 0.0390625
0 0.15103994205298008 0.6630225579470198 0.0265625 0.0359375
0 0.46484375 0.65234375 0.0296875 0.0453125
0 0.9015625 0.58203125 0.034375 0.0421875
0 0.2921875 0.6734375 0.028125 0.04375
0 0.890625 0.26171875 0.025 0.0296875
0 0.55390625 0.8046875 0.0265625 0.05
0 0.378125 0.6640625 0.0375 0.04375
0 0.009375 0.36796875 0.01875 0.0328125
0 0.753125 0.44921875 0.04375 0.0609375
0 0.02109375 0.65390625 0.0328125 0.0515625
0 0.30859375 0.45078125 0.0296875 0.0390625
0 0.37578125 0.06328125 0.0390625 0.0328125
0 0.34140625 0.5375 0.0265625 0.05
0 0.73515625 0.17734375 0.0359375 0.0609375
0 0.0375 0.43046875 0.03125 0.0359375
0 0.56640625 0.22890625 0.0328125 0.0390625
0 0.9796875 0.28515625 0.034375 0.0609375
0 0.93515625 0.03125 0.0328125 0.046875
0 0.24453125 0.45 0.0296875 0.03125
0 0.0125 0.27890625 0.025 0.0421875
0 0.1609375 0.34375 0.034375 0.0375
0 0.90078125 0.07578125 0.0390625 0.0609375
0 0.33828125 0.065625 0.0234375 0.034375
0 0.490625 0.475 0.025 0.040625
0 0.28046875 0.42578125 0.0265625 0.0328125
0 0.4546875 0.259375 0.053125 0.09375
0 0.29296875 0.2 0.0390625 0.040625
0 0.47265625 0.32265625 0.0296875 0.0453125
0 0.3546875 0.70390625 0.025 0.0390625
0 0.89609375 0.225 0.0296875 0.046875
0 0.86171875 0.5859375 0.0265625 0.040625
0 0.0859375 0.35078125 0.0375 0.0609375
0 0.46875 0.43359375 0.034375 0.0359375
0 0.59609375 0.45234375 0.0296875 0.0390625
0 0.671875 0.646875 0.03125 0.046875
0 0.2921875 0.065625 0.034375 0.034375
0 0.83515625 0.31015625 0.0328125 0.0640625
0 0.2953125 0.63359375 0.025 0.0359375
0 0.0375 0.31875 0.03125 0.040625
0 0.60703125 0.06015625 0.0265625 0.0296875
0 0.2109375 0.63203125 0.028125 0.0390625
0 0.82109375 0.7734375 0.0421875 0.059375
0 0.5203125 0.61328125 0.025 0.0359375
0 0.6265625 0.7546875 0.03125 0.05
0 0.4625 0.709375 0.028125 0.0375
0 0.56875 0.43671875 0.025 0.0296875
0 0.071875 0.2171875 0.053125 0.06875
0 0.240625 0.2875 0.028125 0.034375
0 0.18203125 0.61328125 0.0265625 0.0296875
0 0.32578125 0.634375 0.0296875 0.0375
0 0.58671875 0.896875 0.0234375 0.046875
0 0.57734375 0.5328125 0.0296875 0.034375
0 0.253125 0.59609375 0.028125 0.0515625
0 0.1046875 0.590625 0.025 0.028125
0 0.5265625 0.78671875 0.03125 0.0515625
0 0.73984375 0.49453125 0.0296875 0.0390625
0 0.59140625 0.6765625 0.0234375 0.040625
0 0.73359375 0.07421875 0.0421875 0.0390625
0 0.21171875 0.22265625 0.0296875 0.0453125
0 0.17734375 0.64296875 0.0234375 0.0296875
0 0.10625 0.52734375 0.03125 0.0390625
0 0.18046875 0.67578125 0.0234375 0.0328125
0 0.87265625 0.30859375 0.0296875 0.0578125
0 0.23515625 0.41015625 0.0265625 0.0453125
0 0.48046875 0.7921875 0.0265625 0.053125
0 0.74140625 0.58203125 0.0203125 0.0390625
0 0.2265625 0.09375 0.028125 0.034375
0 0.5921875 0.21796875 0.01875 0.0390625
0 0.13359375 0.1015625 0.0296875 0.040625
0 0.0796875 0.06328125 0.0375 0.0421875
0 0.253125 0.12734375 0.021875 0.0265625
0 0.3109375 0.6078125 0.028125 0.03125
0 0.790625 0.7046875 0.05 0.065625
0 0.78125 0.215625 0.021875 0.034375
0 0.88828125 0.46875 0.0328125 0.06875
0 0.4421875 0.18671875 0.021875 0.0328125
0 0.5921875 0.41328125 0.034375 0.0328125
0 0.99140625 0.1625 0.0140625 0.028125
0 0.00703125 0.5515625 0.0140625 0.040625
0 0.54921875 0.6171875 0.0265625 0.040625
0 0.5625 0.47734375 0.028125 0.0421875
0 0.3578125 0.36953125 0.040625 0.0421875
0 0.73359375 0.5390625 0.0390625 0.0375
0 0.44296875 0.5359375 0.0265625 0.0375
0 0.6203125 0.61875 0.03125 0.05
0 0.23203125 0.50078125 0.0265625 0.0265625
0 0.1375 0.52578125 0.025 0.0390625
0 0.14140625 0.2046875 0.0328125 0.04375
0 0.76953125 0.7703125 0.0234375 0.05
0 0.3625 0.41484375 0.01875 0.0359375
0 0.70390625 0.11796875 0.0390625 0.0390625
0 0.825 0.228125 0.046875 0.04375
0 0.971875 0.1828125 0.025 0.0375
0 0.66015625 0.584375 0.0296875 0.0625
0 0.80390625 0.56796875 0.0265625 0.0453125
0 0.46328125 0.47578125 0.0296875 0.0328125
0 0.10078125 0.0890625 0.0296875 0.040625
0 0.09609375 0.61953125 0.0265625 0.0296875
0 0.0203125 0.24140625 0.03125 0.0296875
0 0.2203125 0.471875 0.028125 0.03125
0 0.9565035182119207 0.48872620033112585 0.0265625 0.04531250000000009
0 0.42734375 0.4515625 0.0296875 0.04375
0 0.596875 0.0984375 0.040625 0.0375
0 0.40546875 0.4703125 0.0265625 0.034375
0 0.74609375 0.62578125 0.0265625 0.0453125
0 0.06953125 0.64453125 0.0265625 0.0390625
0 0.9636278973509933 0.39734064569536426 0.0320778145695364 0.06312086092715234
0 0.6500931291390729 0.2488514072847682 0.1252069536423841 0.24627483443708612
0 0.5067777317880794 0.1546875 0.07036423841059598 0.08899006622516555
