0 0.58125 0.77890625 0.034375 0.0484375
0 0.25546875 0.47265625 0.0359375 0.0421875
0 0.87734375 0.18046875 0.0421875 0.0640625
0 0.2390625 0.51953125 0.05625 0.0546875
0 0.340625 0.353125 0.0375 0.04375
0 0.63671875 0.52578125 0.0421875 0.0578125
0 0.353125 0.1765625 0.06875 0.05625
0 0.78125 0.07265625 0.0375 0.0484375
0 0.765625 0.22578125 0.040625 0.0421875
0 0.8703125 0.03046875 0.046875 0.0609375
0 0.33828125 0.22265625 0.0328125 0.0390625
0 0.2765625 0.21484375 0.034375 0.0453125
0 0.684375 0.0875 0.046875 0.059375
0 0.240625 0.07578125 0.05625 0.0609375
0 0.584375 0.13984375 0.04375 0.0453125
0 0.215625 0.3484375 0.040625 0.05
0 0.1421875 0.134375 0.034375 0.040625
0 0.3265625 0.66171875 0.0375 0.0484375
0 0.3421875 0.125 0.059375 0.05
0 0.840625 0.5953125 0.04375 0.09375
0 0.146875 0.5515625 0.040625 0.04375
0 0.89140625 0.559375 0.0359375 0.046875
0 0.25234375 0.284375 0.0359375 0.040625
0 0.753125 0.42265625 0.040625 0.0609375
0 0.90625 0.2484375 0.053125 0.065625
0 0.0984375 0.21640625 0.053125 0.0609375
0 0.6 0.4625 0.05 0.06875
0 0.725 0.925 0.040625 0.053125
0 0.1734375 0.20859375 0.034375 0.0390625
0 0.58125 0.728125 0.0375 0.046875
0 0.0203125 0.2078125 0.03125 0.05
0 0.80234375 0.62421875 0.0390625 0.0671875
0 0.19765625 0.546875 0.0359375 0.04375
0 0.03203125 0.4796875 0.0640625 0.096875
0 0.16875 0.60546875 0.0875 0.0765625
0 0.0140625 0.2546875 0.028125 0.0375
0 0.35390625 0.52421875 0.0390625 0.0578125
0 0.61953125 0.24140625 0.0296875 0.0421875
0 0.54609375 0.22265625 0.0359375 0.0484375
0 0.16640625 0.103125 0.0328125 0.053125
0 0.790625 0.7484375 0.03125 0.05625
0 0.28828125 0.340625 0.0421875 0.071875
0 0.0109375 0.321875 0.021875 0.05
0 0.22734375 0.63125 0.0390625 0.040625
0 0.02265625 0.3890625 0.0359375 0.0625
0 0.021875 0.66640625 0.034375 0.0453125
0 0.85390625 0.27421875 0.0328125 0.0484375
0 0.671875 0.921875 0.034375 0.053125
0 0.26015625 0.43359375 0.0328125 0.0390625
0 0.98046875 0.11484375 0.0328125 0.0390625
0 0.13828125 0.35546875 0.0328125 0.0421875
0 0.37265625 0.63515625 0.0609375 0.0671875
0 0.4953125 0.7984375 0.034375 0.046875
0 0.4625 0.46328125 0.03125 0.0484375
0 0.41171875 0.50390625 0.0296875 0.0421875
0 0.10546875 0.72578125 0.0390625 0.0578125
0 0.33203125 0.4671875 0.0484375 0.075
0 0.21875 0.7015625 0.046875 0.046875
0 0.92265625 0.7515625 0.0390625 0.053125
0 0.3515625 0.075 0.046875 0.04375
0 0.63671875 0.09921875 0.0359375 0.0390625
0 0.4078125 0.10390625 0.034375 0.0421875
0 0.17265625 0.79765625 0.0328125 0.0484375
0 0.46171875 0.20625 0.0359375 0.040625
0 0.59609375 0.5390625 0.0328125 0.05625
0 0.6 0.41015625 0.0375 0.0359375
0 0.8125 0.5234375 0.034375 0.0375
0 0.4359375 0.4984375 0.03125 0.040625
0 0.0671875 0.08515625 0.034375 0.0359375
0 0.146875 0.29921875 0.04375 0.0421875
0 0.26640625 0.56640625 0.0421875 0.0421875
0 0.3953125 0.821875 0.03125 0.05
0 0.85703125 0.72734375 0.0296875 0.0453125
0 0.4265625 0.62890625 0.053125 0.0484375
0 0.49375 0.50078125 0.040625 0.0421875
0 0.46796875 0.24765625 0.0359375 0.0515625
0 0.0125 0.57109375 0.025 0.0609375
0 0.95 0.1765625 0.046875 0.065625
0 0.628125 0.5984375 0.040625 0.05
0 0.88828125 0.43695157284768216 0.0671875 0.07812500000000008
0 0.51875 0.17734375 0.05 0.0421875
0 0.82578125 0.2890625 0.0359375 0.053125
0 0.228125 0.821875 0.046875 0.046875
0 0.68203125 0.321875 0.0421875 0.05
0 0.5078125 0.62734375 0.03125 0.0453125
0 0.2421875 0.31875 0.034375 0.040625
0 0.53125 0.66953125 0.028125 0.0453125
0 0.72578125 0.1890625 0.0328125 0.05
0 0.4046875 0.27109375 0.0375 0.0453125
0 0.39921875 0.221875 0.0328125 0.0375
0 0.1046875 0.484375 0.04375 0.059375
0 0.72265625 0.4 0.0296875 0.040625
0 0.7734375 0.128125 0.03125 0.059375
0 0.190625 0.45546875 0.034375 0.0640625
0 0.31875 0.55390625 0.0375 0.0578125
0 0.6578125 0.57265625 0.028125 0.0453125
0 0.59609375 0.67265625 0.0421875 0.0671875
0 0.423944536423841 0.920586713576159 0.040625 0.0640625
0 0.7703125 0.87734375 0.04375 0.0796875
0 0.53671875 0.50546875 0.0328125 0.0390625
0 0.59453125 0.3609375 0.0296875 0.040625
0 0.33984375 0.83203125 0.0234375 0.0421875
0 0.55078125 0.54140625 0.0328125 0.0515625
0 0.79296875 0.3953125 0.0453125 0.053125
0 0.3609375 0.5796875 0.03125 0.04375
0 0.7125 0.33671875 0.0375 0.0328125
0 0.10703125 0.596875 0.0359375 0.05
0 0.06875 0.525 0.046875 0.046875
0 0.425 0.72734375 0.040625 0.0515625
0 0.06640625 0.87109375 0.0265625 0.0421875
0 0.08671875 0.82734375 0.0265625 0.0421875
0 0.21640625 0.1296875 0.0421875 0.046875
0 0.72578125 0.5359375 0.0359375 0.059375
0 0.74453125 0.621875 0.0296875 0.05
0 0.953125 0.56484375 0.05 0.0515625
0 0.21640625 0.19296875 0.0453125 0.0671875
0 0.9106632864238412 0.6775972682119206 0.0296875 0.053125
0 0.51875 0.565625 0.0375 0.059375
0 0.7375 0.48046875 0.028125 0.0390625
0 0.9265625 0.08828125 0.046875 0.0640625
0 0.0109375 0.13125 0.021875 0.04375
0 0.08359375 0.275 0.0421875 0.05625
0 0.55078125 0.3375 0.0328125 0.04375
0 0.50859375 0.2234375 0.0390625 0.04375
0 0.071875 0.12265625 0.04375 0.0421875
0 0.71796875 0.58515625 0.0265625 0.0421875
0 0.2734375 0.696875 0.034375 0.05
0 0.29296875 0.6015625 0.0328125 0.05
0 0.43203125 0.2375 0.0296875 0.040625
0 0.02265625 0.80078125 0.0328125 0.0609375
0 0.7359375 0.80078125 0.03125 0.0515625
0 0.50625 0.69921875 0.034375 0.0390625
0 0.4328125 0.57734375 0.046875 0.0546875
0 0.6375 0.44921875 0.025 0.0453125
0 0.2578125 0.59609375 0.034375 0.0296875
0 0.06640625 0.39921875 0.0421875 0.0421875
0 0.47734375 0.42734375 0.0328125 0.0359375
0 0.190625 0.021875 0.0375 0.04375
0 0.3890625 0.709375 0.03125 0.0625
0 0.64296875 0.2203125 0.0328125 0.05
0 0.2890625 0.51640625 0.03125 0.0390625
0 0.4484375 0.6875 0.03125 0.053125
0 0.259375 0.6296875 0.03125 0.03125
0 0.0109375 0.7 0.021875 0.0375
0 0.30390625 0.17734375 0.0359375 0.0453125
0 0.821875 0.23515625 0.03125 0.0484375
0 0.91484375 0.1453125 0.0390625 0.04375
0 0.4421875 0.078125 0.0375 0.04375
0 0.05546875 0.7625 0.0328125 0.059375
0 0.3244722682119206 0.6125 0.028125 0.034375
0 0.3453125 0.27890625 0.034375 0.0484375
0 0.58125 0.290625 0.028125 0.03125
0 0.13125 0.4296875 0.040625 0.04375
0 0.9734375 0.4984375 0.04375 0.05625
0 0.60703125 0.31015625 0.0421875 0.0609375
0 0.4109375 0.3328125 0.065625 0.065625
0 0.36015625 0.6859375 0.0296875 0.0375
0 0.51640625 0.75 0.0359375 0.059375
0 0.5140625 0.1171875 0.0375 0.0625
0 0.83125 0.734375 0.025 0.04375
0 0.47265625 0.61328125 0.0296875 0.0390625
0 0.2546875 0.75703125 0.03125 0.0421875
0 0.6390625 0.66171875 0.03125 0.0484375
0 0.22890625 0.3984375 0.0640625 0.05
0 0.1 0.36953125 0.03125 0.0421875
0 0.59296875 0.0828125 0.0359375 0.05625
0 0.9515625 0.26015625 0.034375 0.0484375
0 0.815625 0.14765625 0.028125 0.0359375
0 0.11875 0.39609375 0.025 0.0359375
0 0.20390625 0.2953125 0.0421875 0.053125
0 0.86015625 0.221875 0.0328125 0.040625
0 0.05703125 0.0578125 0.0328125 0.025
0 0.70859375 0.28828125 0.0421875 0.0484375
0 0.1125 0.33515625 0.03125 0.0390625
0 0.95078125 0.72421875 0.0296875 0.0453125
0 0.73046875 0.83515625 0.0265625 0.0328125
0 0.16953125 0.3828125 0.0421875 0.053125
0 0.17421875 0.51640625 0.0265625 0.0328125
0 0.5625 0.2390625 0.025 0.0375
0 0.75625 0.33828125 0.03125 0.0328125
0 0.55859375 0.66875 0.0296875 0.040625
0 0.97734375 0.23203125 0.0328125 0.0359375
0 0.84609375 0.51640625 0.0296875 0.0484375
0 0.5728890728476822 0.9234168046357617 0.028125 0.059375
0 0.6953125 0.20390625 0.028125 0.0609375
0 0.7421875 0.2515625 0.040625 0.04375
0 0.059375 0.34296875 0.046875 0.0484375
0 0.840625 0.09296875 0.05625 0.0609375
0 0.9296875 0.0328125 0.040625 0.04375
0 0.3296875 0.7515625 0.034375 0.04375
0 0.146875 0.24375 0.034375 0.046875
0 0.88671875 0.765625 0.0265625 0.05
0 0.50078125 0.84375 0.0421875 0.046875
0 0.39140625 0.8765625 0.0234375 0.04375
0 0.0546875 0.81796875 0.028125 0.0453125
0 0.18515625 0.16171875 0.0296875 0.0453125
0 0.7828125 0.53515625 0.025 0.0390625
0 0.134375 0.090625 0.025 0.0375
0 0.5890625 0.259375 0.025 0.03125
0 0.4453125 0.5390625 0.028125 0.034375
0 0.81796875 0.84140625 0.0296875 0.0484375
0 0.22734375 0.57109375 0.0296875 0.0421875
0 0.57109375 0.3703125 0.0203125 0.034375
0 0.2234375 0.46796875 0.025 0.0359375
0 0.75234375 0.303125 0.0359375 0.05625
0 0.3671875 0.44609375 0.021875 0.0359375
0 0.68515625 0.5921875 0.0234375 0.05
0 0.32265625 0.31484375 0.0234375 0.0296875
0 0.6890625 0.45078125 0.0375 0.0421875
0 0.30703125 0.22578125 0.0234375 0.0328125
0 0.85546875 0.671875 0.0265625 0.05
0 0.6984375 0.3625 0.028125 0.034375
0 0.7828125 0.68203125 0.03125 0.0421875
0 0.04296875 0.5859375 0.0390625 0.078125
0 0.646875 0.1390625 0.028125 0.040625
0 0.41875 0.7765625 0.028125 0.034375
0 0.3921875 0.06484375 0.028125 0.0296875
0 0.3875 0.5140625 0.021875 0.03125
0 0.6640625 0.6671875 0.021875 0.0375
0 0.4828125 0.33984375 0.059375 0.0359375
0 0.79296875 0.19765625 0.0328125 0.0515625
0 0.85703125 0.32421875 0.0265625 0.0421875
0 0.74140625 0.14375 0.0234375 0.0375
0 0.39375 0.42421875 0.040625 0.0484375
0 0.690625 0.4140625 0.04375 0.059375
0 0.12578125 0.51484375 0.0328125 0.0390625
0 0.79296875 0.296875 0.0265625 0.04375
0 0.18046875 0.25078125 0.0296875 0.0390625
0 0.2078125 0.775 0.03125 0.065625
0 0.23203125 0.4359375 0.0234375 0.025
0 0.29296875 0.26796875 0.0296875 0.0453125
0 0.903125 0.315625 0.03125 0.05625
0 0.0703125 0.175 0.025 0.034375
0 0.365625 0.2203125 0.01875 0.025
0 0.828125 0.359375 0.04375 0.0625
0 0.84375 0.46640625 0.03125 0.0390625
0 0.159375 0.33359375 0.01875 0.0296875
0 0.02578125 0.74296875 0.0234375 0.0390625
0 0.69609375 0.1375 0.0265625 0.025
0 0.48046875 0.3890625 0.0328125 0.028125
0 0.58828125 0.17890625 0.0296875 0.0328125
0 0.27975475993377485 0.13505277317880796 0.05299048013245029 0.1013555463576159
0 0.83515625 0.196875 0.0234375 0.03125
0 0.2640625 0.83359375 0.025 0.0421875
