0 0.72890625 0.159375 0.0609375 0.05625
0 0.31796875 0.621875 0.0640625 0.053125
0 0.1265625 0.10703125 0.05 0.0578125
0 0.3734375 0.8 0.05 0.05625
0 0.24296875 0.39921875 0.0515625 0.0640625
0 0.68125 0.72578125 0.034375 0.0484375
0 0.1140625 0.38046875 0.04375 0.0484375
0 0.38125 0.40625 0.053125 0.05625
0 0.565625 0.3734375 0.0375 0.05
0 0.6109375 0.57578125 0.034375 0.0453125
0 0.14765625 0.671875 0.0953125 0.1
0 0.93671875 0.621875 0.0421875 0.053125
0 0.37734375 0.3 0.0390625 0.046875
0 0.209375 0.2078125 0.034375 0.053125
0 0.0515625 0.72578125 0.046875 0.0421875
0 0.2015625 0.434375 0.046875 0.046875
0 0.30078125 0.2 0.0734375 0.0625
0 0.2953125 0.4015625 0.046875 0.053125
0 0.0765625 0.69765625 0.04375 0.0515625
0 0.40390625 0.34375 0.0671875 0.071875
0 0.278125 0.09453125 0.0375 0.0546875
0 0.453125 0.7453125 0.034375 0.05625
0 0.4046875 0.6359375 0.04375 0.05
0 0.6734375 0.77890625 0.040625 0.0515625
0 0.80546875 0.2734375 0.0421875 0.05625
0 0.196875 0.7578125 0.053125 0.0875
0 0.05 0.19765625 0.046875 0.0484375
0 0.790625 0.7359375 0.04375 0.065625
0 0.534375 0.47578125 0.0375 0.0609375
0 0.22421875 0.34921875 0.0453125 0.0515625
0 0.22421875 0.8125 0.0515625 0.05
0 0.38046875 0.475 0.0296875 0.040625
0 0.65546875 0.259375 0.0703125 0.075
0 0.48828125 0.54140625 0.0328125 0.0484375
0 0.0171875 0.265625 0.034375 0.053125
0 0.01484375 0.62109375 0.0296875 0.0515625
0 0.42890625 0.68828125 0.0359375 0.0390625
0 0.65078125 0.3359375 0.0359375 0.05
0 0.13125 0.59921875 0.0375 0.0453125
0 0.21875 0.26875 0.040625 0.059375
0 0.1234375 0.23984375 0.0375 0.0453125
0 0.69296875 0.33125 0.0453125 0.05
0 0.8375 0.55 0.0625 0.0625
0 0.0828125 0.596875 0.0375 0.053125
0 0.353125 0.52578125 0.034375 0.0421875
0 0.5234375 0.52890625 0.0375 0.0421875
0 0.53046875 0.10703125 0.0328125 0.0578125
0 0.69921875 0.653125 0.0359375 0.046875
0 0.05 0.61484375 0.03125 0.0359375
0 0.64296875 0.7546875 0.0296875 0.04375
0 0.17734375 0.17578125 0.0390625 0.0453125
0 0.75546875 0.2734375 0.0546875 0.084375
0 0.21171875 0.6 0.0515625 0.05625
0 0.4 0.25546875 0.071875 0.0546875
0 0.20625 0.55234375 0.03125 0.0390625
0 0.25234375 0.31484375 0.0359375 0.0421875
0 0.446875 0.8125 0.0375 0.053125
0 0.59296875 0.65859375 0.0328125 0.0515625
0 0.62890625 0.40859375 0.0421875 0.0390625
0 0.44296875 0.55546875 0.0421875 0.0546875
0 0.15078125 0.21484375 0.0453125 0.0515625
0 0.0109375 0.578125 0.021875 0.046875
0 0.04453125 0.49921875 0.0328125 0.0484375
0 0.17265625 0.33828125 0.0390625 0.0453125
0 0.66796875 0.115625 0.0359375 0.040625
0 0.8140625 0.784375 0.053125 0.05
0 0.8390625 0.62265625 0.040625 0.0671875
0 0.26640625 0.61484375 0.0359375 0.0421875
0 0.9203125 0.45234375 0.03125 0.0453125
0 0.665625 0.17109375 0.0375 0.0515625
0 0.115625 0.5125 0.03125 0.046875
0 0.01875 0.128125 0.034375 0.0375
0 0.52421875 0.90390625 0.0453125 0.0578125
0 0.86328125 0.50625 0.0328125 0.05
0 0.04453125 0.57421875 0.0390625 0.0421875
0 0.4015625 0.7515625 0.046875 0.075
0 0.7953125 0.38828125 0.028125 0.0515625
0 0.484375 0.45078125 0.05 0.0484375
0 0.09140625 0.553125 0.0296875 0.0375
0 0.29375 0.5046875 0.04375 0.065625
0 0.6046875 0.36015625 0.05 0.0484375
0 0.32578125 0.45234375 0.0328125 0.0390625
0 0.06953125 0.3453125 0.1015625 0.10625
0 0.60546875 0.7484375 0.0359375 0.053125
0 0.33046875 0.72578125 0.0328125 0.0421875
0 0.2640625 0.6546875 0.025 0.04375
0 0.0984375 0.0640625 0.04375 0.034375
0 0.853125 0.73125 0.04375 0.065625
0 0.68828125 0.38359375 0.0359375 0.0390625
0 0.18515625 0.4875 0.0390625 0.04375
0 0.4578125 0.50390625 0.034375 0.0421875
0 0.346875 0.3703125 0.0375 0.040625
0 0.8484375 0.12890625 0.04375 0.0421875
0 0.475 0.8671875 0.0375 0.065625
0 0.809375 0.1015625 0.034375 0.040625
0 0.56171875 0.2859375 0.0671875 0.078125
0 0.67421875 0.42890625 0.0421875 0.0453125
0 0.4609375 0.64140625 0.034375 0.0546875
0 0.61953125 0.29765625 0.0328125 0.0453125
0 0.21640625 0.5125 0.0390625 0.04375
0 0.2359375 0.65234375 0.028125 0.0453125
0 0.51328125 0.40703125 0.0390625 0.0609375
0 0.67109375 0.4828125 0.0296875 0.0375
0 0.7484375 0.55390625 0.0375 0.0578125
0 0.71015625 0.1046875 0.0265625 0.040625
0 0.5265625 0.63828125 0.034375 0.0421875
0 0.2765625 0.82734375 0.034375 0.0421875
0 0.64296875 0.5875 0.0359375 0.05625
0 0.184375 0.52734375 0.028125 0.0359375
0 0.54453125 0.73125 0.0390625 0.046875
0 0.47734375 0.94375 0.0328125 0.05
0 0.54375 0.58046875 0.040625 0.0453125
0 0.14765625 0.2703125 0.0421875 0.053125
0 0.159375 0.50390625 0.03125 0.0328125
0 0.64921875 0.82421875 0.0453125 0.0578125
0 0.88125 0.08359375 0.040625 0.0453125
0 0.3703125 0.67421875 0.05 0.0484375
0 0.3046875 0.784375 0.03125 0.075
0 0.6953125 0.828125 0.028125 0.040625
0 0.728125 0.2375 0.034375 0.034375
0 0.9296875 0.25703125 0.0375 0.0578125
0 0.36953125 0.628125 0.0265625 0.0375
0 0.565625 0.10390625 0.03125 0.0390625
0 0.35390625 0.43671875 0.0328125 0.0484375
0 0.0875 0.215625 0.028125 0.034375
0 0.3921875 0.5234375 0.0375 0.05625
0 0.42734375 0.45859375 0.0328125 0.0453125
0 0.7796875 0.60625 0.03125 0.05
0 0.45078125 0.16953125 0.0421875 0.0546875
0 0.08125 0.65078125 0.028125 0.0390625
0 0.7578125 0.1109375 0.040625 0.05625
0 0.215625 0.1546875 0.028125 0.034375
0 0.92890625 0.503125 0.0265625 0.040625
0 0.8765625 0.1546875 0.040625 0.046875
0 0.6234375 0.6953125 0.03125 0.046875
0 0.24765625 0.47734375 0.0328125 0.0453125
0 0.84375 0.36953125 0.046875 0.0546875
0 0.57109375 0.471875 0.0265625 0.0375
0 0.7671875 0.67265625 0.028125 0.0515625
0 0.47890625 0.59765625 0.0265625 0.0484375
0 0.9234375 0.19296875 0.040625 0.0453125
0 0.259375 0.25390625 0.046875 0.0859375
0 0.4796875 0.2328125 0.04375 0.053125
0 0.30078125 0.8578125 0.0328125 0.04375
0 0.740625 0.6328125 0.034375 0.040625
0 0.52578125 0.24375 0.0390625 0.05
0 0.0140625 0.4484375 0.028125 0.096875
0 0.39921875 0.1046875 0.0390625 0.053125
0 0.459375 0.33984375 0.034375 0.0359375
0 0.13203125 0.42890625 0.0265625 0.0421875
0 0.4296875 0.9328125 0.040625 0.05
0 0.28984375 0.5609375 0.0296875 0.040625
0 0.33984375 0.2671875 0.0328125 0.040625
0 0.38125 0.1515625 0.03125 0.03125
0 0.65 0.39140625 0.034375 0.0453125
0 0.6140625 0.853125 0.025 0.0375
0 0.490625 0.10234375 0.03125 0.0421875
0 0.08515625 0.45234375 0.0390625 0.0390625
0 0.4703125 0.3890625 0.03125 0.034375
0 0.26875 0.146875 0.0375 0.05
0 0.68359375 0.528125 0.0515625 0.05625
0 0.31875 0.340625 0.034375 0.040625
0 0.8265625 0.44921875 0.0375 0.0484375
0 0.64765625 0.06875 0.0328125 0.0375
0 0.47109375 0.29296875 0.0484375 0.0484375
0 0.56875 0.68671875 0.025 0.0609375
0 0.27890625 0.45 0.0359375 0.040625
0 0.34140625 0.11953125 0.0640625 0.0734375
0 0.90859375 0.64609375 0.0296875 0.0484375
0 0.2453125 0.7046875 0.028125 0.0375
0 0.934375 0.1140625 0.034375 0.034375
0 0.796875 0.67734375 0.028125 0.0359375
0 0.8015625 0.1609375 0.0625 0.078125
0 0.06796875 0.25078125 0.0265625 0.0390625
0 0.89921875 0.55390625 0.0296875 0.0578125
0 0.3640625 0.0484375 0.03125 0.03125
0 0.85546875 0.4546875 0.0265625 0.040625
0 0.009375 0.18984375 0.01875 0.0484375
0 0.04296875 0.6515625 0.0421875 0.0375
0 0.0484375 0.4484375 0.028125 0.0375
0 0.9171875 0.3265625 0.03125 0.046875
0 0.209375 0.68203125 0.028125 0.0421875
0 0.07265625 0.13125 0.0421875 0.040625
0 0.140625 0.16328125 0.025 0.0390625
0 0.590625 0.22421875 0.0375 0.0421875
0 0.5561879139072847 0.16078228476821194 0.05949917218543046 0.08093956953642385
0 0.50703125 0.76640625 0.0265625 0.0484375
0 0.2140625 0.12578125 0.021875 0.0328125
0 0.45234375 0.103125 0.0265625 0.040625
0 0.378125 0.5796875 0.034375 0.040625
0 0.47578125 0.79296875 0.0296875 0.0484375
0 0.20234375 0.08671875 0.0328125 0.0296875
0 0.7203125 0.6 0.034375 0.05
0 0.70234375 0.428125 0.0203125 0.034375
0 0.96015625 0.4875 0.0296875 0.053125
0 0.8984375 0.746875 0.0375 0.053125
0 0.11796875 0.47109375 0.0484375 0.0390625
0 0.98515625 0.16953125 0.0265625 0.0390625
0 0.4390625 0.37734375 0.034375 0.0390625
0 0.8734375 0.2234375 0.03125 0.040625
0 0.59296875 0.07421875 0.0421875 0.0546875
0 0.30859375 0.1484375 0.0359375 0.040625
0 0.90859375 0.37734375 0.0296875 0.0359375
0 0.44921875 0.415625 0.0296875 0.03125
0 0.496875 0.6578125 0.0375 0.05625
0 0.8875 0.18984375 0.025 0.0296875
0 0.965625 0.25703125 0.028125 0.0546875
0 0.90703125 0.28046875 0.0296875 0.0359375
0 0.0078125 0.528125 0.015625 0.046875
0 0.0390625 0.2296875 0.0375 0.03125
0 0.190625 0.1265625 0.028125 0.040625
0 0.57421875 0.54375 0.0296875 0.040625
0 0.43203125 0.609375 0.0296875 0.0375
0 0.08125 0.403125 0.03125 0.03125
0 0.3578125 0.7578125 0.021875 0.0375
0 0.10546875 0.146875 0.0265625 0.03125
0 0.3359375 0.7984375 0.021875 0.034375
0 0.7328125 0.7984375 0.034375 0.05
0 0.1671875 0.58203125 0.028125 0.0546875
0 0.3375 0.57734375 0.040625 0.0359375
0 0.59453125 0.60703125 0.0296875 0.0453125
0 0.43203125 0.221875 0.0296875 0.034375
0 0.24140625 0.76171875 0.0265625 0.0359375
0 0.921875 0.15078125 0.025 0.0390625
0 0.38984375 0.88125 0.0234375 0.04375
0 0.75 0.69765625 0.03125 0.0453125
0 0.61171875 0.5328125 0.0265625 0.0375
0 0.94609375 0.68125 0.0328125 0.046875
0 0.7046875 0.7296875 0.025 0.040625
0 0.63515625 0.521875 0.0265625 0.05
0 0.41875 0.15390625 0.03125 0.0546875
0 0.84296875 0.23671875 0.0453125 0.0546875
0 0.16953125 0.3875 0.0421875 0.046875
0 0.040625 0.08984375 0.040625 0.0359375
0 0.50625 0.371875 0.025 0.028125
0 0.990625 0.21328125 0.015625 0.0421875
0 0.28203125 0.3578125 0.0328125 0.040625
0 0.10390625 0.18828125 0.0359375 0.0328125
0 0.43828125 0.65 0.0203125 0.034375
0 0.69609375 0.59765625 0.0265625 0.0484375
0 0.3890625 0.18671875 0.025 0.0265625
0 0.70703125 0.065625 0.0203125 0.034375
0 0.3390625 0.22421875 0.03125 0.0359375
0 0.70546875 0.7765625 0.0234375 0.0375
0 0.77109375 0.4390625 0.0296875 0.0375
0 0.1484375 0.53515625 0.03125 0.0421875
0 0.9546875 0.14921875 0.025 0.0453125
0 0.9796875 0.67109375 0.03125 0.0453125
0 0.69375 0.14140625 0.028125 0.0328125
0 0.90078125 0.5 0.0265625 0.040625
0 0.5140625 0.596875 0.021875 0.040625
0 0.1875 0.56328125 0.01875 0.0296875
0 0.33125 0.3109375 0.03125 0.0375
0 0.64765625 0.87734375 0.0234375 0.0328125
0 0.95703125 0.5546875 0.0359375 0.046875
0 0.35 0.47890625 0.021875 0.0328125
