0 0.38515625 0.571875 0.0359375 0.05
0 0.5984375 0.61875 0.046875 0.05
0 0.72109375 0.38984375 0.0421875 0.0578125
0 0.66171875 0.27578125 0.0484375 0.0546875
0 0.02421875 0.5765625 0.0484375 0.053125
0 0.40703125 0.38515625 0.0390625 0.0546875
0 0.6578125 0.57265625 0.040625 0.0546875
0 0.81640625 0.47421875 0.0390625 0.0578125
0 0.0234375 0.73046875 0.04375 0.0515625
0 0.35703125 0.53046875 0.0453125 0.0421875
0 0.39375 0.45234375 0.059375 0.0671875
0 0.7953125 0.38046875 0.071875 0.0609375
0 0.25390625 0.31796875 0.0390625 0.0578125
0 0.63984375 0.13046875 0.0546875 0.0578125
0 0.603125 0.5765625 0.0375 0.034375
0 0.02890625 0.81328125 0.0515625 0.0859375
0 0.64296875 0.5234375 0.0421875 0.05
0 0.60078125 0.496875 0.0453125 0.065625
0 0.46875 0.2453125 0.0625 0.046875
0 0.6875 0.08046875 0.04375 0.0578125
0 0.434375 0.484375 0.046875 0.059375
0 0.39609375 0.06484375 0.0421875 0.0421875
0 0.88046875 0.32109375 0.0421875 0.0515625
0 0.08203125 0.1828125 0.0484375 0.040625
0 0.5375 0.50703125 0.03125 0.0453125
0 0.38828125 0.653125 0.0359375 0.046875
0 0.059375 0.72265625 0.034375 0.0484375
0 0.0578125 0.6296875 0.05625 0.0625
0 0.77734375 0.33203125 0.0421875 0.0578125
0 0.6796875 0.6390625 0.04375 0.0625
0 0.3421875 0.3796875 0.05 0.059375
0 0.50390625 0.49453125 0.0359375 0.0390625
0 0.4515625 0.675 0.034375 0.04375
0 0.36484375 0.2875 0.0609375 0.0625
0 0.06484375 0.5515625 0.0296875 0.046875
0 0.271875 0.45703125 0.040625 0.0484375
0 0.35 0.75 0.053125 0.046875
0 0.07578125 0.3328125 0.0859375 0.1125
0 0.23203125 0.14453125 0.1078125 0.1140625
0 0.5109375 0.45546875 0.0375 0.0421875
0 0.37890625 0.33671875 0.0359375 0.0484375
0 0.47890625 0.0734375 0.0453125 0.04375
0 0.8234375 0.31171875 0.046875 0.0484375
0 0.503125 0.10703125 0.028125 0.0390625
0 0.1046875 0.53125 0.04375 0.053125
0 0.03125 0.6796875 0.03125 0.053125
0 0.1015625 0.72265625 0.034375 0.0546875
0 0.175 0.24765625 0.053125 0.0546875
0 0.70703125 0.29921875 0.0328125 0.0390625
0 0.95625 0.27421875 0.040625 0.0578125
0 0.70078125 0.5546875 0.0421875 0.078125
0 0.790625 0.16328125 0.046875 0.0640625
0 0.13125 0.2765625 0.034375 0.040625
0 0.52734375 0.15859375 0.0515625 0.0640625
0 0.234375 0.63203125 0.034375 0.0421875
0 0.27578125 0.71015625 0.0296875 0.0359375
0 0.3703125 0.22060740894039738 0.0375 0.0546875
0 0.46328125 0.51953125 0.0359375 0.0390625
0 0.31171875 0.7 0.0328125 0.04375
0 0.63515625 0.4109375 0.0421875 0.0625
0 0.0953125 0.24375 0.0375 0.04375
0 0.0328125 0.19375 0.065625 0.11875
0 0.43359375 0.70859375 0.0359375 0.0390625
0 0.475 0.33359375 0.075 0.0703125
0 0.51953125 0.38046875 0.0390625 0.0390625
0 0.65703125 0.3671875 0.0390625 0.053125
0 0.58046875 0.26484375 0.0328125 0.0484375
0 0.9429118377483443 0.7501241721854305 0.04031456953642376 0.044350165562913976
0 0.053125 0.0765625 0.0375 0.05
0 0.084375 0.80234375 0.03125 0.0609375
0 0.26875 0.65 0.0375 0.053125
0 0.51796875 0.23671875 0.0328125 0.0390625
0 0.3 0.5171875 0.0375 0.0375
0 0.62890625 0.321875 0.0296875 0.05
0 0.29296875 0.3640625 0.0328125 0.071875
0 0.2375 0.42734375 0.046875 0.0578125
0 0.64765625 0.62421875 0.0328125 0.0453125
0 0.26796875 0.4140625 0.0296875 0.034375
0 0.5671875 0.54375 0.040625 0.046875
0 0.27421875 0.53671875 0.0359375 0.0328125
0 0.25546875 0.21796875 0.0453125 0.0453125
0 0.84921875 0.4140625 0.0390625 0.053125
0 0.1484375 0.20078125 0.04375 0.0390625
0 0.62890625 0.07890625 0.0390625 0.0453125
0 0.1140625 0.48125 0.03125 0.046875
0 0.1546875 0.62890625 0.040625 0.0546875
0 0.68828125 0.46484375 0.0359375 0.0546875
0 0.7703125 0.46953125 0.03125 0.0453125
0 0.41171875 0.753125 0.0328125 0.04375
0 0.6453125 0.47109375 0.04375 0.0453125
0 0.5788855546357616 0.6734375 0.0328125 0.05624999999999991
0 0.15 0.81171875 0.034375 0.0515625
0 0.16171875 0.3046875 0.0296875 0.040625
0 0.5647247516556291 0.41182740066225165 0.07243377483443716 0.10451158940397351
0 0.03515625 0.28984375 0.0609375 0.0640625
0 0.76015625 0.553125 0.0578125 0.046875
0 0.15703125 0.5421875 0.0515625 0.09375
0 0.77734375 0.5078125 0.0265625 0.04375
0 0.71796875 0.6265625 0.0265625 0.04375
0 0.35234375 0.70703125 0.0328125 0.0390625
0 0.45390625 0.28671875 0.0359375 0.0328125
0 0.73046875 0.50078125 0.0390625 0.0515625
0 0.68828125 0.33515625 0.0359375 0.0484375
0 0.8624844784768211 0.1888710678807947 0.08121895695364234 0.10975786423841061
0 0.796875 0.42734375 0.040625 0.0359375
0 0.071875 0.48515625 0.0375 0.0578125
0 0.946875 0.4609375 0.046875 0.08125
0 0.90546875 0.46875 0.0359375 0.053125
0 0.3140625 0.63984375 0.03125 0.0578125
0 0.096875 0.096875 0.04375 0.040625
0 0.7563689983443709 0.11186879139072847 0.09976200331125824 0.15186258278145695
0 0.2328125 0.52421875 0.05625 0.0578125
0 0.39921875 0.6140625 0.0234375 0.03125
0 0.30686051324503316 0.24949813741721857 0.08112582781456953 0.10063120860927169
0 0.60234375 0.3375 0.0296875 0.04375
0 0.1375 0.759375 0.034375 0.040625
0 0.6642953228476822 0.426055463576159 0.0296875 0.034375
0 0.76484375 0.61171875 0.0359375 0.0546875
0 0.215625 0.05859375 0.040625 0.0265625
0 0.4203125 0.65078125 0.028125 0.0484375
0 0.14765625 0.35390625 0.0328125 0.0640625
0 0.4625 0.1859375 0.0375 0.040625
0 0.3328125 0.453125 0.05 0.053125
0 0.1078125 0.61875 0.0375 0.075
0 0.93203125 0.33046875 0.0578125 0.0484375
0 0.34921875 0.578125 0.0328125 0.05
0 0.08984375 0.5859375 0.0390625 0.040625
0 0.853125 0.38046875 0.028125 0.0328125
0 0.2234375 0.35390625 0.034375 0.0421875
0 0.73984375 0.3515625 0.0203125 0.046875
0 0.98828125 0.3765625 0.0203125 0.05
0 0.0078125 0.45625 0.015625 0.040625
0 0.4 0.71953125 0.025 0.0359375
0 0.721875 0.2453125 0.040625 0.059375
0 0.8930929221854305 0.7272506208609272 0.03862789735099348 0.06555256622516552
0 0.503125 0.54296875 0.046875 0.0515625
0 0.5717146109271524 0.08598923841059603 0.0356891556291389 0.03749999999999999
0 0.440625 0.1671875 0.0375 0.053125
0 0.58515625 0.17578125 0.0296875 0.0359375
0 0.28515625 0.60390625 0.0296875 0.0421875
0 0.25390625 0.37109375 0.0328125 0.0421875
0 0.16484375 0.06953125 0.0328125 0.0359375
0 0.11328125 0.4203125 0.0296875 0.059375
0 0.84453125 0.3453125 0.0359375 0.0375
0 0.9875 0.496875 0.021875 0.046875
0 0.8625 0.26875 0.046875 0.04375
0 0.46875 0.1125 0.03125 0.03125
0 0.521875 0.6171875 0.03125 0.034375
0 0.540625 0.56484375 0.021875 0.0359375
0 0.3150765728476821 0.5939828228476822 0.025 0.0359375
0 0.44765625 0.60625 0.0328125 0.0375
0 0.3453125 0.6421875 0.028125 0.034375
0 0.46875 0.5890625 0.034375 0.053125
0 0.184375 0.35234375 0.03125 0.0390625
0 0.41640625 0.5796875 0.0234375 0.034375
0 0.2265625 0.48125 0.034375 0.04375
0 0.484375 0.68828125 0.025 0.0609375
0 0.30390625 0.415625 0.0359375 0.034375
0 0.21015625 0.3328125 0.0328125 0.0375
0 0.54296875 0.30546875 0.0328125 0.0890625
0 0.55 0.5984375 0.028125 0.046875
0 0.37734375 0.409375 0.0296875 0.03125
0 0.753125 0.4296875 0.028125 0.040625
0 0.43671875 0.40625 0.0296875 0.04375
0 0.0046875 0.7296875 0.009375 0.0375
0 0.8699813741721855 0.06155836092715231 0.0931291390728477 0.10347682119205297
0 0.3287975993377484 0.10708816225165566 0.14486754966887413 0.1697019867549669
0 0.55546875 0.21875 0.0390625 0.059375
0 0.48515625 0.63359375 0.0296875 0.0421875
0 0.5109375 0.66171875 0.03125 0.0359375
0 0.18828125 0.40234375 0.0234375 0.0328125
0 0.1046875 0.04375 0.040625 0.065625
0 0.50546875 0.4171875 0.0328125 0.034375
0 0.49609375 0.596875 0.0171875 0.03125
0 0.0453125 0.4296875 0.0375 0.04375
0 0.4109375 0.5453125 0.03125 0.053125
0 0.6048375413907285 0.10616721854304637 0.0253207781456954 0.046875
0 0.50625 0.2015625 0.059375 0.034375
0 0.16171875 0.11015625 0.0453125 0.0453125
0 0.2078125 0.390625 0.028125 0.0375
0 0.6203125 0.1796875 0.03125 0.0375
0 0.21796875 0.29921875 0.0234375 0.0296875
0 0.1203125 0.83984375 0.028125 0.0765625
