0 0.3328125 0.82421875 0.0375 0.0453125
0 0.3796875 0.8203125 0.053125 0.05625
0 0.74921875 0.6390625 0.0546875 0.078125
0 0.25703125 0.10234375 0.0359375 0.0328125
0 0.6770902317880794 0.837225786423841 0.040625 0.0609375
0 0.1859375 0.67109375 0.040625 0.0484375
0 0.49765625 0.43828125 0.0453125 0.0765625
0 0.571875 0.63359375 0.0375 0.0484375
0 0.0640625 0.86171875 0.05 0.0671875
0 0.6390625 0.51015625 0.034375 0.0484375
0 0.35625 0.6828125 0.06875 0.0625
0 0.13828125 0.45 0.0359375 0.040625
0 0.053125 0.8046875 0.046875 0.053125
0 0.41796875 0.63125 0.0609375 0.059375
0 0.59453125 0.19296875 0.0421875 0.0421875
0 0.34140625 0.321875 0.0546875 0.053125
0 0.54296875 0.15703125 0.0484375 0.0609375
0 0.97265625 0.3609375 0.0453125 0.046875
0 0.159375 0.77734375 0.034375 0.0421875
0 0.19296875 0.8015625 0.0546875 0.0625
0 0.15546875 0.73671875 0.0421875 0.0421875
0 0.85859375 0.50078125 0.0390625 0.0390625
0 0.79453125 0.25703125 0.0484375 0.0546875
0 0.3171875 0.2796875 0.040625 0.04375
0 0.09765625 0.70703125 0.0421875 0.0484375
0 0.865625 0.38125 0.04375 0.0625
0 0.2953125 0.8609375 0.05625 0.05
0 0.609375 0.8 0.034375 0.040625
0 0.35703125 0.62265625 0.0359375 0.0453125
0 0.6328125 0.10390625 0.0375 0.0640625
0 0.78125 0.7109375 0.04375 0.053125
0 0.88203125 0.53984375 0.0421875 0.0453125
0 0.06875 0.1484375 0.040625 0.059375
0 0.5390625 0.66953125 0.0375 0.0515625
0 0.64453125 0.21875 0.0609375 0.1
0 0.4609375 0.2765625 0.03125 0.0375
0 0.5015625 0.72265625 0.04375 0.0546875
0 0.753125 0.7546875 0.0375 0.05625
0 0.12578125 0.790625 0.0328125 0.04375
0 0.20625 0.4359375 0.0375 0.034375
0 0.6859375 0.66015625 0.0375 0.0671875
0 0.11484375 0.27265625 0.0359375 0.0515625
0 0.046875 0.53671875 0.046875 0.0671875
0 0.8109375 0.31953125 0.046875 0.0578125
0 0.5140625 0.38046875 0.03125 0.0359375
0 0.2328125 0.38203125 0.03125 0.0359375
0 0.52734375 0.52734375 0.0421875 0.0609375
0 0.184375 0.3296875 0.0375 0.046875
0 0.39609375 0.44453125 0.0421875 0.0484375
0 0.06171875 0.6921875 0.0328125 0.046875
0 0.7815656043046358 0.45966990894039733 0.0828125 0.0578125
0 0.5453125 0.4109375 0.046875 0.0625
0 0.16171875 0.296875 0.0390625 0.05
0 0.015625 0.5859375 0.03125 0.053125
0 0.2390625 0.48203125 0.03125 0.0515625
0 0.12265625 0.12734375 0.0359375 0.0421875
0 0.2515625 0.590625 0.028125 0.0375
0 0.20073468543046355 0.2078125 0.1391556291390729 0.09375
0 0.33125 0.51484375 0.03125 0.0390625
0 0.89140625 0.48046875 0.0421875 0.0515625
0 0.14765625 0.5375 0.0359375 0.034375
0 0.37734375 0.58828125 0.0296875 0.0359375
0 0.0125 0.17890625 0.025 0.0421875
0 0.6546875 0.571875 0.05625 0.059375
0 0.52578125 0.27578125 0.0421875 0.0359375
0 0.51171875 0.63515625 0.0328125 0.0453125
0 0.0640625 0.38515625 0.053125 0.0765625
0 0.4390625 0.11328125 0.0625 0.0578125
0 0.7703125 0.10078125 0.059375 0.0859375
0 0.1828125 0.484375 0.06875 0.059375
0 0.91484375 0.38203125 0.0328125 0.0453125
0 0.640625 0.6875 0.040625 0.034375
0 0.61015625 0.5375 0.0359375 0.040625
0 0.35 0.3703125 0.034375 0.053125
0 0.3 0.4375 0.06875 0.08125
0 0.64140625 0.33359375 0.0390625 0.0390625
0 0.140625 0.16640625 0.034375 0.0390625
0 0.0296875 0.35546875 0.040625 0.0484375
0 0.3859375 0.16953125 0.0625 0.0609375
0 0.9734375 0.40390625 0.0375 0.0390625
0 0.171875 0.43828125 0.028125 0.0328125
0 0.1921875 0.74140625 0.034375 0.0484375
0 0.740625 0.365625 0.05 0.065625
0 0.396875 0.39296875 0.040625 0.0515625
0 0.27578125 0.3484375 0.0328125 0.040625
0 0.275 0.62109375 0.028125 0.0484375
0 0.8671875 0.4390625 0.034375 0.0375
0 0.859375 0.2328125 0.03125 0.040625
0 0.79609375 0.62109375 0.0359375 0.0578125
0 0.06015625 0.75078125 0.0296875 0.0484375
0 0.3828125 0.76015625 0.03125 0.0484375
0 0.57734375 0.07265625 0.0390625 0.0484375
0 0.628125 0.7515625 0.03125 0.046875
0 0.27109375 0.76875 0.0359375 0.046875
0 0.60390625 0.2609375 0.0390625 0.0875
0 0.8953125 0.3140625 0.034375 0.04375
0 0.60390625 0.6265625 0.0328125 0.05
0 0.68515625 0.28203125 0.0359375 0.0609375
0 0.09921875 0.62265625 0.0328125 0.0484375
0 0.35859375 0.25390625 0.0359375 0.0390625
0 0.33359375 0.76875 0.0296875 0.040625
0 0.41875 0.7734375 0.028125 0.046875
0 0.821875 0.72890625 0.034375 0.0453125
0 0.1125 0.315625 0.025 0.0375
0 0.490625 0.67421875 0.03125 0.0453125
0 0.8421875 0.55078125 0.028125 0.0453125
0 0.26484375 0.72109375 0.0265625 0.0421875
0 0.09453125 0.2140625 0.0578125 0.071875
0 0.85 0.19609375 0.028125 0.0359375
0 0.68515625 0.34140625 0.0359375 0.0453125
0 0.19296875 0.3921875 0.0390625 0.05
0 0.27578125 0.26796875 0.0328125 0.0390625
0 0.53984375 0.8359375 0.0328125 0.040625
0 0.31015625 0.37421875 0.0328125 0.0390625
0 0.3984375 0.24921875 0.03125 0.0359375
0 0.5984375 0.678125 0.028125 0.05
0 0.45625 0.45625 0.028125 0.040625
0 0.4796875 0.31171875 0.05 0.0453125
0 0.2359375 0.8125 0.034375 0.046875
0 0.45078125 0.67734375 0.0453125 0.0390625
0 0.98203125 0.11796875 0.0296875 0.0484375
0 0.58828125 0.41328125 0.0359375 0.0671875
0 0.684375 0.4109375 0.04375 0.071875
0 0.7109375 0.38203125 0.028125 0.0359375
0 0.89453125 0.19921875 0.0390625 0.0421875
0 0.2984375 0.084375 0.034375 0.04375
0 0.70625 0.16640625 0.053125 0.0609375
0 0.2984375 0.5109375 0.028125 0.04375
0 0.05 0.603125 0.040625 0.04375
0 0.215625 0.35546875 0.034375 0.0359375
0 0.40703125 0.515625 0.0671875 0.078125
0 0.10625 0.515625 0.040625 0.05
0 0.528125 0.35 0.03125 0.03125
0 0.18671875 0.11953125 0.0265625 0.0515625
0 0.3546875 0.72734375 0.028125 0.0328125
0 0.43828125 0.43203125 0.0296875 0.0328125
0 0.28125 0.3859375 0.025 0.03125
0 0.81875 0.1734375 0.034375 0.04375
0 0.38203125 0.3359375 0.0296875 0.034375
0 0.02265625 0.21484375 0.0296875 0.0265625
0 0.5578125 0.3296875 0.034375 0.040625
0 0.91796875 0.15703125 0.0609375 0.0671875
0 0.2828125 0.55 0.03125 0.040625
0 0.3125 0.54921875 0.028125 0.0421875
0 0.690625 0.059375 0.075 0.090625
0 0.23515625 0.26640625 0.0359375 0.0359375
0 0.47734375 0.23984375 0.0296875 0.0296875
0 0.1546875 0.4140625 0.025 0.034375
0 0.171875 0.62734375 0.025 0.0421875
0 0.1453125 0.678125 0.03125 0.06875
0 0.11953125 0.59296875 0.0359375 0.0453125
0 0.009375 0.68359375 0.01875 0.0484375
0 0.015625 0.47890625 0.03125 0.0703125
0 0.2640625 0.14375 0.040625 0.053125
0 0.18984375 0.525 0.0421875 0.0375
0 0.096875 0.8265625 0.03125 0.0375
0 0.2375 0.73515625 0.0375 0.0453125
0 0.36826365894039736 0.06484375 0.05409768211920527 0.0484375
0 0.19765625 0.56796875 0.0515625 0.0515625
0 0.31640625 0.6140625 0.0328125 0.034375
0 0.5203125 0.0578125 0.053125 0.040625
0 0.221875 0.11953125 0.034375 0.0453125
0 0.84453125 0.2734375 0.0265625 0.034375
0 0.26484375 0.31328125 0.0359375 0.0390625
0 0.759375 0.240625 0.03125 0.040625
0 0.85390625 0.3125 0.0296875 0.046875
0 0.50703125 0.21171875 0.0328125 0.0390625
0 0.465625 0.38984375 0.053125 0.0609375
0 0.25625 0.68046875 0.04375 0.0453125
0 0.8890625 0.09609375 0.0375 0.0484375
0 0.1 0.09453125 0.0375 0.0453125
0 0.125 0.41015625 0.03125 0.0328125
0 0.84296875 0.4671875 0.0265625 0.040625
0 0.61796875 0.83984375 0.0234375 0.0296875
0 0.525 0.478125 0.028125 0.034375
0 0.7390625 0.19765625 0.040625 0.0453125
0 0.01953125 0.05859375 0.0296875 0.0328125
0 0.4859375 0.16171875 0.040625 0.0546875
0 0.48515625 0.58828125 0.0265625 0.0390625
0 0.1296875 0.36484375 0.053125 0.0546875
0 0.0375 0.665625 0.03125 0.03125
0 0.10859375 0.75390625 0.0390625 0.0421875
0 0.32265625 0.57890625 0.0328125 0.0328125
0 0.0109375 0.25078125 0.021875 0.0734375
0 0.71484375 0.4375 0.0296875 0.046875
0 0.415625 0.27734375 0.021875 0.0328125
0 0.05078125 0.2375 0.0296875 0.034375
0 0.484375 0.34609375 0.034375 0.0296875
0 0.6394505380794702 0.82578125 0.02734892384105958 0.0546875
0 0.015625 0.6296875 0.021875 0.03125
0 0.075 0.325 0.0375 0.040625
0 0.303125 0.75546875 0.028125 0.0484375
0 0.06015625 0.28828125 0.0421875 0.0421875
0 0.74609375 0.27265625 0.0359375 0.0484375
0 0.646875 0.39921875 0.028125 0.0515625
0 0.44765625 0.20703125 0.0328125 0.0734375
0 0.753125 0.5453125 0.025 0.0375
0 0.821875 0.2265625 0.028125 0.034375
0 0.43203125 0.58359375 0.0296875 0.0390625
0 0.71328125 0.659375 0.0171875 0.040625
0 0.246875 0.065625 0.053125 0.0375
0 0.25078125 0.42578125 0.0296875 0.0484375
0 0.15703125 0.12265625 0.0234375 0.0390625
0 0.196875 0.2921875 0.028125 0.028125
0 0.08671875 0.54609375 0.0296875 0.0484375
0 0.82109375 0.3890625 0.0296875 0.046875
0 0.98359375 0.30390625 0.0265625 0.0453125
0 0.79609375 0.20078125 0.0328125 0.0453125
0 0.165625 0.0796875 0.028125 0.034375
0 0.1484375 0.64609375 0.028125 0.0296875
0 0.34296875 0.1265625 0.0359375 0.034375
0 0.2875 0.16171875 0.021875 0.0265625
0 0.5078125 0.565625 0.025 0.0375
0 0.8521212748344371 0.02578125 0.08638245033112586 0.0515625
0 0.590625 0.159375 0.03125 0.028125
0 0.2984375 0.5875 0.028125 0.028125
0 0.14921875 0.61484375 0.0234375 0.0296875
0 0.03125 0.11875 0.040625 0.040625
0 0.3125 0.2234375 0.028125 0.0375
0 0.11875 0.859375 0.034375 0.1
0 0.85078125 0.0765625 0.0359375 0.05
0 0.6109375 0.5890625 0.03125 0.040625
0 0.9421875 0.40859375 0.021875 0.0328125
0 0.825 0.121875 0.0375 0.04375
0 0.23515625 0.64140625 0.0265625 0.0421875
0 0.26875 0.50625 0.021875 0.028125
0 0.9265625 0.32421875 0.03125 0.0640625
0 0.6625 0.796875 0.025 0.034375
0 0.66875 0.1421875 0.034375 0.046875
0 0.06796875 0.4578125 0.0421875 0.053125
0 0.56171875 0.271875 0.0296875 0.034375
0 0.38359375 0.65078125 0.0265625 0.0265625
0 0.8125 0.55859375 0.028125 0.0671875
0 0.46328125 0.60234375 0.0265625 0.0328125
0 0.41328125 0.33125 0.0296875 0.046875
0 0.9359375 0.10390625 0.025 0.0359375
0 0.3265625 0.7171875 0.021875 0.028125
0 0.44140625 0.52890625 0.0234375 0.0453125
0 0.47421875 0.540625 0.0265625 0.05
0 0.9859375 0.18515625 0.021875 0.0390625
0 0.29375 0.1953125 0.028125 0.034375
0 0.00859375 0.33828125 0.0171875 0.0328125
0 0.59375 0.496875 0.025 0.04375
