0 0.51171875 0.53046875 0.0359375 0.0484375
0 0.521875 0.07578125 0.05625 0.0546875
0 0.02578125 0.1515625 0.0515625 0.05625
0 0.55390625 0.54765625 0.0421875 0.0640625
0 0.23125 0.2203125 0.040625 0.05625
0 0.30546875 0.1015625 0.0390625 0.04375
0 0.728125 0.4765625 0.034375 0.05
0 0.034375 0.45703125 0.040625 0.0515625
0 0.1078125 0.50625 0.034375 0.04375
0 0.57734375 0.5921875 0.0359375 0.04375
0 0.8546875 0.35703125 0.046875 0.0671875
0 0.3828125 0.2359375 0.03125 0.0375
0 0.34140625 0.15859375 0.0390625 0.0453125
0 0.3734375 0.12421875 0.040625 0.0484375
0 0.38125 0.55859375 0.05625 0.0828125
0 0.475 0.21875 0.04375 0.0625
0 0.42109375 0.25234375 0.0421875 0.0390625
0 0.546875 0.13203125 0.04375 0.0421875
0 0.7140625 0.14140625 0.0375 0.0390625
0 0.259375 0.6875 0.04375 0.065625
0 0.19140625 0.3796875 0.0390625 0.053125
0 0.63984375 0.17421875 0.0296875 0.0390625
0 0.1140625 0.75234375 0.0375 0.0453125
0 0.02890625 0.40546875 0.0328125 0.0484375
0 0.65 0.2484375 0.0375 0.053125
0 0.56953125 0.64609375 0.0390625 0.0609375
0 0.359375 0.82890625 0.03125 0.0484375
0 0.72890625 0.7015625 0.0359375 0.059375
0 0.43515625 0.665625 0.0359375 0.08125
0 0.61171875 0.58203125 0.0265625 0.0421875
0 0.5109375 0.18046875 0.034375 0.0453125
0 0.66484375 0.14375 0.0328125 0.046875
0 0.0109375 0.66171875 0.021875 0.0484375
0 0.14921875 0.72890625 0.0359375 0.0515625
0 0.3734375 0.19609375 0.04375 0.0484375
0 0.034375 0.678125 0.034375 0.05
0 0.0515625 0.59921875 0.034375 0.0484375
0 0.70390625 0.1828125 0.0328125 0.04375
0 0.1734375 0.25625 0.03125 0.05
0 0.3963886589403973 0.38331953642384115 0.0375 0.04062500000000009
0 0.2953125 0.38046875 0.046875 0.0421875
0 0.153125 0.56875 0.03125 0.053125
0 0.1671875 0.1890625 0.04375 0.08125
0 0.621875 0.35078125 0.034375 0.0484375
0 0.0125 0.60546875 0.025 0.0515625
0 0.44140625 0.4765625 0.0296875 0.0375
0 0.45390625 0.08359375 0.0421875 0.0390625
0 0.475 0.68828125 0.034375 0.0640625
0 0.9002535182119205 0.6950589817880795 0.0328125 0.0484375
0 0.30546875 0.2390625 0.0390625 0.046875
0 0.01328125 0.525 0.0265625 0.040625
0 0.77109375 0.48125 0.0359375 0.040625
0 0.3828125 0.87421875 0.06875 0.0640625
0 0.06015625 0.37421875 0.0390625 0.0546875
0 0.14609375 0.115625 0.0484375 0.065625
0 0.8012365480132451 0.1757864238410596 0.07747309602649004 0.11094784768211921
0 0.7484375 0.34765625 0.03125 0.0390625
0 0.4859375 0.596875 0.065625 0.109375
0 0.7265625 0.30703125 0.04375 0.0453125
0 0.096875 0.32265625 0.046875 0.0515625
0 0.0640625 0.2921875 0.03125 0.034375
0 0.88203125 0.628125 0.0515625 0.06875
0 0.1015625 0.2859375 0.0375 0.040625
0 0.71171875 0.7640625 0.0390625 0.075
0 0.68203125 0.60078125 0.0359375 0.0546875
0 0.0609375 0.8109375 0.03125 0.05625
0 0.27890625 0.28046875 0.0421875 0.0453125
0 0.690625 0.453125 0.0375 0.05
0 0.2625 0.16171875 0.05 0.0703125
0 0.23671875 0.390625 0.0390625 0.046875
0 0.82109375 0.09296875 0.0578125 0.0640625
0 0.578125 0.3984375 0.0375 0.046875
0 0.76328125 0.28984375 0.0328125 0.0421875
0 0.08828125 0.796875 0.0328125 0.059375
0 0.56015625 0.25703125 0.0328125 0.0484375
0 0.08671875 0.63671875 0.0359375 0.0671875
0 0.53203125 0.7390625 0.0609375 0.0875
0 0.603125 0.528125 0.0375 0.053125
0 0.38203125 0.67109375 0.0453125 0.0515625
0 0.01484375 0.76171875 0.0296875 0.0703125
0 0.2609375 0.33046875 0.0375 0.0453125
0 0.6515625 0.3015625 0.04375 0.053125
0 0.55859375 0.3546875 0.0328125 0.04375
0 0.6078125 0.64921875 0.03125 0.0515625
0 0.43203125 0.1609375 0.0328125 0.0375
0 0.73671875 0.178125 0.0296875 0.034375
0 0.5171875 0.22578125 0.034375 0.0453125
0 0.0625 0.25625 0.028125 0.04375
0 0.97265625 0.28203125 0.0421875 0.0640625
0 0.34921875 0.32578125 0.0328125 0.0421875
0 0.34296875 0.61015625 0.0359375 0.0515625
0 0.06484375 0.75 0.0453125 0.059375
0 0.7923220198675496 0.6447640728476821 0.03507864238410594 0.071875
0 0.2375 0.29453125 0.034375 0.0453125
0 0.884375 0.24921875 0.040625 0.0578125
0 0.73359375 0.6078125 0.0390625 0.071875
0 0.0703125 0.4546875 0.040625 0.05
0 0.27109375 0.63203125 0.0328125 0.0453125
0 0.0125 0.2265625 0.025 0.046875
0 0.67265625 0.18125 0.0328125 0.046875
0 0.6859375 0.31015625 0.028125 0.0328125
0 0.196875 0.6828125 0.040625 0.08125
0 0.9265625 0.146875 0.04375 0.065625
0 0.209375 0.3140625 0.03125 0.0375
0 0.93515625 0.4359375 0.0359375 0.04375
0 0.69296875 0.6765625 0.0296875 0.059375
0 0.74375 0.11484375 0.028125 0.0328125
0 0.54140625 0.178125 0.0296875 0.05
0 0.575 0.06484375 0.0375 0.0328125
0 0.51875 0.4421875 0.03125 0.053125
0 0.4171875 0.525 0.03125 0.05625
0 0.08203125 0.5890625 0.0265625 0.034375
0 0.1546875 0.48125 0.0375 0.08125
0 0.61171875 0.26953125 0.0296875 0.0453125
0 0.6078125 0.7078125 0.034375 0.0625
0 0.02734375 0.34296875 0.0359375 0.0484375
0 0.66796875 0.72421875 0.0421875 0.0484375
0 0.38515625 0.29609375 0.0328125 0.0453125
0 0.690625 0.26484375 0.028125 0.0515625
0 0.12421875 0.61875 0.0453125 0.109375
0 0.225 0.77265625 0.040625 0.1171875
0 0.1734375 0.5328125 0.03125 0.040625
0 0.9078125 0.46875 0.034375 0.040625
0 0.14765625 0.0109375 0.0328125 0.021875
0 0.81640625 0.4390625 0.0328125 0.05625
0 0.8859375 0.403125 0.040625 0.034375
0 0.3375 0.75546875 0.0375 0.0484375
0 0.4265625 0.58359375 0.034375 0.0703125
0 0.00859375 0.18515625 0.0171875 0.0296875
0 0.72109375 0.25625 0.0234375 0.04375
0 0.15703125 0.32421875 0.0453125 0.0828125
0 0.49609375 0.11953125 0.0421875 0.0703125
0 0.01953125 0.56484375 0.0234375 0.0359375
0 0.315625 0.32890625 0.028125 0.0421875
0 0.8765625 0.5125 0.034375 0.0375
0 0.659375 0.4578125 0.028125 0.046875
0 0.5390625 0.39453125 0.028125 0.0359375
0 0.84609375 0.478125 0.0296875 0.059375
0 0.1234375 0.171875 0.028125 0.040625
0 0.93984375 0.62421875 0.0359375 0.0640625
0 0.775 0.05546875 0.0375 0.0453125
0 0.496875 0.840625 0.04375 0.0875
0 0.4546875 0.12109375 0.034375 0.0359375
0 0.89609375 0.35234375 0.0296875 0.0578125
0 0.76484375 0.21875 0.0359375 0.053125
0 0.64765625 0.66171875 0.0421875 0.0609375
0 0.89453125 0.3046875 0.0421875 0.040625
0 0.67109375 0.0609375 0.0421875 0.034375
0 0.4125 0.203125 0.028125 0.053125
0 0.3109375 0.68671875 0.025 0.0296875
0 0.25625 0.09765625 0.04375 0.0359375
0 0.57109375 0.32578125 0.0296875 0.0453125
0 0.0125 0.08828125 0.025 0.0328125
0 0.59765625 0.4875 0.0265625 0.028125
0 0.2296875 0.3484375 0.025 0.0375
0 0.778125 0.71328125 0.028125 0.0515625
0 0.70703125 0.3625 0.0296875 0.06875
0 0.61328125 0.16953125 0.0203125 0.0390625
0 0.340625 0.68359375 0.025 0.0359375
0 0.321875 0.81015625 0.028125 0.0421875
0 0.00703125 0.296875 0.0140625 0.046875
0 0.1984375 0.284375 0.028125 0.034375
0 0.034375 0.6359375 0.025 0.034375
0 0.54921875 0.3140625 0.0203125 0.03125
0 0.93203125 0.365625 0.0265625 0.04375
0 0.6703125 0.33828125 0.034375 0.0265625
0 0.1875 0.32734375 0.025 0.0421875
0 0.28203125 0.21015625 0.0359375 0.0328125
0 0.6328125 0.2109375 0.025 0.028125
0 0.815625 0.66484375 0.028125 0.0421875
0 0.66640625 0.378125 0.0359375 0.046875
0 0.33828125 0.54765625 0.0296875 0.0390625
0 0.41015625 0.7140625 0.0296875 0.046875
0 0.45390625 0.740625 0.0296875 0.046875
0 0.17109375 0.89375 0.0328125 0.0625
0 0.64140625 0.55703125 0.0296875 0.0859375
0 0.12578125 0.24296875 0.0421875 0.1078125
0 0.1828125 0.78515625 0.03125 0.0828125
0 0.128125 0.80546875 0.028125 0.0515625
0 0.084375 0.23125 0.03125 0.059375
0 0.45703125 0.18125 0.0234375 0.03125
0 0.2921875 0.0125 0.04375 0.025
0 0.34375 0.278125 0.028125 0.0625
0 0.81015625 0.70625 0.0265625 0.046875
0 0.7625 0.4296875 0.053125 0.040625
0 0.5265625 0.359375 0.028125 0.0375
0 0.0078125 0.4296875 0.015625 0.046875
0 0.40859375 0.47421875 0.0265625 0.0265625
0 0.7625 0.0875 0.03125 0.034375
0 0.3203125 0.62578125 0.025 0.0578125
0 0.0794339817880795 0.12003828642384104 0.0328125 0.0484375
0 0.53671875 0.85 0.0265625 0.0625
0 0.85 0.25546875 0.040625 0.0421875
0 0.5375 0.00625 0.03125 0.0125
0 0.48671875 0.42890625 0.0265625 0.0859375
0 0.57265625 0.20234375 0.0265625 0.0359375
0 0.27265625 0.58828125 0.0296875 0.0359375
0 0.325 0.853125 0.025 0.04375
0 0.02734375 0.1125 0.0328125 0.021875
0 0.2953125 0.6125 0.021875 0.028125
0 0.06328125 0.50234375 0.0234375 0.0359375
0 0.6171875 0.309375 0.021875 0.03125
0 0.4375 0.21328125 0.01875 0.0328125
0 0.415625 0.12265625 0.028125 0.0390625
0 0.62890625 0.61328125 0.0234375 0.0296875
0 0.4137675910596026 0.793982822847682 0.0328125 0.06406249999999991
0 0.38984375 0.08359375 0.0296875 0.0390625
0 0.709375 0.62890625 0.01875 0.0328125
0 0.0453125 0.19921875 0.0375 0.0390625
0 0.2125 0.15234375 0.028125 0.0859375
0 0.00546875 0.38984375 0.0109375 0.0578125
0 0.1140625 0.37734375 0.034375 0.0484375
0 0.84140625 0.2953125 0.0296875 0.040625
0 0.11484375 0.44609375 0.0328125 0.0609375
0 0.03203125 0.2453125 0.0265625 0.040625
0 0.24296875 0.0609375 0.0234375 0.03125
0 0.33984375 0.10625 0.0203125 0.028125
0 0.090625 0.171875 0.0375 0.0375
0 0.11015625 0.0453125 0.0296875 0.034375
0 0.77890625 0.32578125 0.0296875 0.0359375
0 0.3078125 0.1734375 0.025 0.0375
0 0.77421875 0.36875 0.0265625 0.0375
0 0.0953125 0.56171875 0.025 0.0296875
0 0.19140625 0.60546875 0.0296875 0.0578125
0 0.07265625 0.528125 0.0296875 0.0375
0 0.47265625 0.88828125 0.0484375 0.0265625
0 0.315625 0.55859375 0.021875 0.0421875
0 0.48203125 0.5015625 0.0328125 0.05
0 0.471875 0.14921875 0.021875 0.0296875
0 0.39921875 0.1671875 0.0234375 0.021875
