0 0.76953125 0.4703125 0.0484375 0.0625
0 0.2328125 0.24140625 0.084375 0.0703125
0 0.5046875 0.2609375 0.0625 0.0625
0 0.71171875 0.77109375 0.0359375 0.0515625
0 0.4921875 0.20546875 0.034375 0.0453125
0 0.58828125 0.5 0.0328125 0.0375
0 0.74921875 0.73125 0.0328125 0.040625
0 0.56875 0.2703125 0.04375 0.05
0 0.6421875 0.18359375 0.04375 0.0578125
0 0.67890625 0.478125 0.0515625 0.06875
0 0.6109375 0.14609375 0.0375 0.0515625
0 0.725 0.32578125 0.034375 0.0390625
0 0.77421875 0.54609375 0.0515625 0.0546875
0 0.01171875 0.31328125 0.0234375 0.0390625
0 0.70625 0.28671875 0.0375 0.0515625
0 0.7671875 0.34609375 0.046875 0.0546875
0 0.10234375 0.40078125 0.0546875 0.0640625
0 0.4171875 0.17578125 0.04375 0.0578125
0 0.12578125 0.1171875 0.0546875 0.04375
0 0.49921875 0.3828125 0.0546875 0.0625
0 0.03984375 0.13046875 0.0765625 0.0921875
0 0.01484375 0.36171875 0.0296875 0.0578125
0 0.096875 0.284375 0.053125 0.04375
0 0.03671875 0.6546875 0.0421875 0.046875
0 0.26484375 0.61796875 0.0359375 0.0484375
0 0.13203125 0.228125 0.0359375 0.034375
0 0.18125 0.665625 0.0375 0.0375
0 0.371875 0.8265625 0.04375 0.04375
0 0.73125 0.06015625 0.0625 0.0640625
0 0.67890625 0.12578125 0.0359375 0.0453125
0 0.61328125 0.740625 0.0515625 0.05
0 0.8828125 0.584375 0.04375 0.08125
0 0.284375 0.4625 0.0375 0.0375
0 0.78828125 0.61875 0.0359375 0.04375
0 0.728125 0.69453125 0.03125 0.0390625
0 0.81875 0.47578125 0.040625 0.0453125
0 0.54296875 0.41015625 0.0359375 0.0421875
0 0.6671875 0.3953125 0.059375 0.078125
0 0.53203125 0.590625 0.0296875 0.04375
0 0.81484375 0.18984375 0.0671875 0.0671875
0 0.72265625 0.52265625 0.0421875 0.0640625
0 0.3203125 0.47109375 0.03125 0.0453125
0 0.4265625 0.7765625 0.034375 0.05625
0 0.76015625 0.159375 0.0453125 0.05625
0 0.61640625 0.33046875 0.0734375 0.0515625
0 0.2609375 0.76640625 0.03125 0.0390625
0 0.18203125 0.1125 0.0390625 0.034375
0 0.68203125 0.74453125 0.0390625 0.0546875
0 0.353125 0.375 0.040625 0.046875
0 0.2484375 0.50078125 0.034375 0.0421875
0 0.61640625 0.684375 0.0328125 0.05
0 0.39453125 0.24765625 0.0671875 0.0734375
0 0.81875 0.68125 0.034375 0.046875
0 0.70546875 0.57890625 0.0421875 0.0421875
0 0.22109375 0.575 0.0453125 0.04375
0 0.84375 0.65 0.034375 0.053125
0 0.340625 0.29453125 0.071875 0.0515625
0 0.2703125 0.303125 0.0375 0.05625
0 0.965625 0.4296875 0.040625 0.046875
0 0.6125 0.39453125 0.034375 0.0578125
0 0.48203125 0.3359375 0.0296875 0.034375
0 0.14609375 0.2625 0.0546875 0.04375
0 0.4703125 0.57890625 0.040625 0.0421875
0 0.61796875 0.478125 0.0296875 0.0375
0 0.9671875 0.5015625 0.03125 0.059375
0 0.60625 0.20625 0.034375 0.05625
0 0.43046875 0.121875 0.0390625 0.040625
0 0.97578125 0.27421875 0.0359375 0.0515625
0 0.9703125 0.57734375 0.04375 0.0734375
0 0.7578125 0.77578125 0.040625 0.0484375
0 0.84140625 0.54921875 0.0328125 0.0453125
0 0.02578125 0.2671875 0.0359375 0.065625
0 0.2734375 0.10625 0.0375 0.046875
0 0.221875 0.7078125 0.059375 0.065625
0 0.721875 0.47109375 0.03125 0.0390625
0 0.51640625 0.321875 0.0359375 0.05625
0 0.14140625 0.16171875 0.0359375 0.0390625
0 0.17265625 0.83984375 0.0328125 0.0484375
0 0.73828125 0.56484375 0.0265625 0.0359375
0 0.48828125 0.13125 0.0390625 0.059375
0 0.47265625 0.6734375 0.0390625 0.0375
0 0.275 0.1625 0.04375 0.046875
0 0.72734375 0.12734375 0.0328125 0.0421875
0 0.25703125 0.4265625 0.0421875 0.040625
0 0.57890625 0.5953125 0.0359375 0.05
0 0.0203125 0.5578125 0.034375 0.0375
0 0.53125 0.453125 0.04375 0.046875
0 0.42421875 0.31640625 0.0296875 0.0453125
0 0.134375 0.42421875 0.028125 0.0390625
0 0.3859375 0.478125 0.03125 0.040625
0 0.68671875 0.65234375 0.0359375 0.0703125
0 0.178125 0.52578125 0.05 0.0421875
0 0.01171875 0.503125 0.0234375 0.0375
0 0.353125 0.59609375 0.034375 0.0515625
0 0.77734375 0.396875 0.0359375 0.05625
0 0.1484375 0.59140625 0.040625 0.0734375
0 0.93046875 0.28125 0.0296875 0.046875
0 0.09609375 0.60859375 0.0359375 0.0609375
0 0.41015625 0.53359375 0.0359375 0.0453125
0 0.5484375 0.14453125 0.034375 0.0484375
0 0.09609375 0.05859375 0.0390625 0.0296875
0 0.446875 0.7015625 0.03125 0.05
0 0.5 0.52265625 0.078125 0.0953125
0 0.01171875 0.60703125 0.0234375 0.0546875
0 0.146875 0.6546875 0.0375 0.040625
0 0.05 0.325 0.040625 0.040625
0 0.16484375 0.3109375 0.0421875 0.040625
0 0.4796875 0.29921875 0.028125 0.0390625
0 0.7890625 0.77109375 0.025 0.0484375
0 0.91953125 0.15625 0.0578125 0.071875
0 0.259375 0.35546875 0.03125 0.0359375
0 0.825 0.0375 0.04375 0.053125
0 0.2140625 0.35859375 0.05 0.0453125
0 0.18046875 0.70234375 0.0265625 0.0359375
0 0.9203125 0.56640625 0.03125 0.0359375
0 0.58515625 0.54296875 0.0421875 0.0515625
0 0.28125 0.06171875 0.0375 0.0296875
0 0.175 0.07265625 0.040625 0.0484375
0 0.4015625 0.62890625 0.03125 0.0421875
0 0.58125 0.403125 0.034375 0.034375
0 0.89375 0.02578125 0.05 0.0421875
0 0.32265625 0.2484375 0.0578125 0.053125
0 0.03515625 0.74140625 0.0265625 0.0328125
0 0.5046875 0.59140625 0.025 0.0328125
0 0.93515625 0.6625 0.0609375 0.071875
0 0.34765625 0.66328125 0.0265625 0.0359375
0 0.23359375 0.80546875 0.0421875 0.0484375
0 0.728125 0.628125 0.04375 0.05625
0 0.34921875 0.51015625 0.0421875 0.0765625
0 0.3171875 0.56171875 0.05 0.0390625
0 0.05390625 0.38828125 0.0328125 0.0359375
0 0.13203125 0.8015625 0.0359375 0.046875
0 0.66953125 0.81953125 0.0359375 0.0515625
0 0.64375 0.63515625 0.040625 0.0546875
0 0.9328125 0.0828125 0.040625 0.0625
0 0.07421875 0.2453125 0.0453125 0.04375
0 0.9296875 0.475 0.03125 0.04375
0 0.31953125 0.37578125 0.0296875 0.0328125
0 0.5890625 0.6984375 0.021875 0.0375
0 0.51015625 0.16640625 0.0296875 0.0328125
0 0.771875 0.69765625 0.0375 0.0671875
0 0.18515625 0.63046875 0.0328125 0.0359375
0 0.55 0.4953125 0.03125 0.0375
0 0.9890625 0.36953125 0.01875 0.0765625
0 0.08203125 0.7640625 0.0296875 0.0375
0 0.32109375 0.7609375 0.0296875 0.03125
0 0.92109375 0.4 0.0515625 0.071875
0 0.00703125 0.0578125 0.0140625 0.0375
0 0.11015625 0.1890625 0.0359375 0.040625
0 0.39453125 0.79921875 0.0390625 0.0609375
0 0.67109375 0.17265625 0.0296875 0.0453125
0 0.07734375 0.2046875 0.0390625 0.046875
0 0.421875 0.721875 0.025 0.046875
0 0.79140625 0.25625 0.0328125 0.040625
0 0.240625 0.18125 0.028125 0.040625
0 0.81171875 0.575 0.0296875 0.06875
0 0.390625 0.72578125 0.025 0.0453125
0 0.015625 0.2 0.03125 0.046875
0 0.73046875 0.246875 0.0296875 0.040625
0 0.3734375 0.4265625 0.0375 0.05625
0 0.4296875 0.65078125 0.03125 0.0515625
0 0.01015625 0.53359375 0.0203125 0.0328125
0 0.16171875 0.4 0.0296875 0.040625
0 0.615625 0.51328125 0.025 0.0359375
0 0.4015625 0.85703125 0.028125 0.0484375
0 0.084375 0.340625 0.034375 0.04375
0 0.25625 0.81015625 0.021875 0.0328125
0 0.0625 0.59765625 0.034375 0.0453125
0 0.846875 0.5953125 0.028125 0.040625
0 0.1046875 0.49453125 0.0375 0.0703125
0 0.23359375 0.29765625 0.0296875 0.0359375
0 0.81484375 0.72890625 0.0296875 0.0390625
0 0.284375 0.39921875 0.053125 0.0578125
0 0.0203125 0.45546875 0.0375 0.0453125
0 0.43046875 0.575 0.0359375 0.046875
0 0.10234375 0.315625 0.0359375 0.01875
0 0.26796875 0.70703125 0.0265625 0.0453125
0 0.45078125 0.28046875 0.0328125 0.0640625
0 0.04296875 0.20546875 0.0234375 0.0421875
0 0.18125 0.3515625 0.025 0.046875
0 0.54609375 0.33984375 0.0359375 0.0640625
0 0.6484375 0.7140625 0.025 0.046875
0 0.34453125 0.33515625 0.0265625 0.0296875
0 0.19453125 0.3984375 0.0421875 0.0375
0 0.034375 0.496875 0.025 0.0375
0 0.20546875 0.4375 0.0265625 0.025
0 0.321875 0.72421875 0.0375 0.0390625
0 0.325 0.421875 0.028125 0.04375
0 0.115625 0.34296875 0.025 0.0359375
0 0.4875 0.62421875 0.025 0.0421875
0 0.7125 0.43046875 0.028125 0.0390625
0 0.19140625 0.15234375 0.0328125 0.0421875
0 0.85859375 0.48984375 0.0328125 0.0640625
0 0.640625 0.125 0.021875 0.05625
0 0.881524213576159 0.774492963576159 0.0296875 0.04687500000000018
0 0.76171875 0.2859375 0.0390625 0.053125
0 0.33984375 0.7015625 0.0265625 0.025
0 0.97265625 0.10234375 0.0359375 0.0484375
0 0.58828125 0.434375 0.0359375 0.03125
0 0.58125 0.075 0.028125 0.034375
0 0.28984375 0.5125 0.0296875 0.053125
0 0.15625 0.45546875 0.025 0.0328125
0 0.32578125 0.68828125 0.0234375 0.0328125
0 0.14609375 0.3390625 0.0328125 0.034375
0 0.37109375 0.08515625 0.0328125 0.0359375
0 0.16796875 0.21484375 0.0234375 0.0390625
0 0.38046875 0.6609375 0.0234375 0.03125
0 0.034375 0.06328125 0.028125 0.0328125
0 0.28515625 0.2234375 0.0390625 0.05625
0 0.60078125 0.25390625 0.0265625 0.0296875
0 0.434375 0.84296875 0.025 0.0515625
0 0.2234375 0.7609375 0.03125 0.034375
0 0.12578125 0.709375 0.0265625 0.034375
0 0.54296875 0.21015625 0.0296875 0.0390625
0 0.08671875 0.5546875 0.0296875 0.028125
0 0.4076210678807947 0.3898230546357616 0.0796875 0.07343750000000009
0 0.421875 0.490625 0.028125 0.0375
0 0.0828125 0.72421875 0.03125 0.0421875
0 0.67890625 0.07734375 0.0359375 0.0453125
0 0.725 0.2 0.04375 0.04375
0 0.228125 0.12421875 0.03125 0.0515625
0 0.75390625 0.0140625 0.0359375 0.028125
0 0.303125 0.34296875 0.0375 0.0390625
0 0.0515625 0.56015625 0.01875 0.0296875
0 0.38125 0.571875 0.03125 0.046875
0 0.5734375 0.46328125 0.025 0.0421875
0 0.9046875 0.5125 0.0375 0.046875
0 0.603125 0.28828125 0.01875 0.0265625
0 0.87890625 0.64765625 0.0265625 0.0421875
0 0.4625 0.7625 0.021875 0.03125
0 0.55625 0.10859375 0.021875 0.0359375
0 0.69296875 0.5234375 0.0203125 0.034375
0 0.51484375 0.08828125 0.0296875 0.0296875
0 0.1328125 0.615625 0.021875 0.034375
0 0.2265625 0.53203125 0.0375 0.0359375
0 0.62578125 0.275 0.0234375 0.040625
0 0.375 0.15703125 0.021875 0.0359375
0 0.05625 0.71875 0.025 0.04375
0 0.80703125 0.29609375 0.0296875 0.0359375
0 0.659375 0.275 0.0375 0.05625
0 0.16640625 0.7515625 0.0296875 0.0375
0 0.6859375 0.23828125 0.025 0.0265625
0 0.3 0.68359375 0.025 0.0390625
0 0.8523903145695364 0.33266763245033115 0.10554635761589407 0.23592715231788083
0 0.8285906456953643 0.11174461920529802 0.14072847682119213 0.09209437086092716
0 0.3287975993377484 0.16296564569536423 0.04966887417218544 0.05794701986754969
