0 0.4765625 0.403125 0.075 0.065625
0 0.79296875 0.603125 0.0390625 0.05
0 0.8109375 0.55703125 0.053125 0.0671875
0 0.084375 0.68359375 0.096875 0.0828125
0 0.58046875 0.21484375 0.0421875 0.0515625
0 0.3703125 0.528125 0.04375 0.05
0 0.515625 0.684375 0.084375 0.078125
0 0.228125 0.665625 0.04375 0.05625
0 0.5296875 0.2625 0.04375 0.04375
0 0.0296875 0.6265625 0.03125 0.040625
0 0.0828125 0.55546875 0.0375 0.0453125
0 0.37734375 0.46875 0.0390625 0.059375
0 0.4828125 0.28125 0.053125 0.046875
0 0.753125 0.16796875 0.04375 0.0515625
0 0.08515625 0.29765625 0.0328125 0.0453125
0 0.4640625 0.2265625 0.059375 0.059375
0 0.484375 0.5875 0.05625 0.06875
0 0.69765625 0.265625 0.0421875 0.05
0 0.0515625 0.296875 0.04375 0.05625
0 0.18984375 0.14140625 0.0390625 0.0453125
0 0.728125 0.8234375 0.040625 0.046875
0 0.4984375 0.4703125 0.05 0.05625
0 0.265625 0.8671875 0.053125 0.04375
0 0.72734375 0.56171875 0.0390625 0.0578125
0 0.2390625 0.48046875 0.04375 0.0546875
0 0.21875 0.15078125 0.03125 0.0390625
0 0.10859375 0.2609375 0.0421875 0.040625
0 0.115625 0.21953125 0.053125 0.0421875
0 0.15703125 0.6234375 0.0328125 0.04375
0 0.72421875 0.63671875 0.0453125 0.0640625
0 0.7609375 0.77421875 0.0375 0.0484375
0 0.5875 0.8046875 0.034375 0.04375
0 0.81640625 0.42734375 0.0390625 0.0578125
0 0.27890625 0.0765625 0.0453125 0.065625
0 0.14296875 0.17265625 0.0390625 0.0453125
0 0.021875 0.58046875 0.040625 0.0484375
0 0.71015625 0.44296875 0.0453125 0.0609375
0 0.4015625 0.67734375 0.040625 0.0421875
0 0.16171875 0.76015625 0.0484375 0.0703125
0 0.19140625 0.65078125 0.0359375 0.0453125
0 0.62734375 0.40859375 0.0359375 0.0453125
0 0.65390625 0.6703125 0.0484375 0.06875
0 0.0125 0.1828125 0.025 0.04375
0 0.30078125 0.77109375 0.0484375 0.0515625
0 0.35390625 0.7765625 0.0359375 0.04375
0 0.71171875 0.20078125 0.0421875 0.0453125
0 0.315625 0.34765625 0.0375 0.0515625
0 0.2791390728476822 0.6869722682119205 0.053125 0.065625
0 0.1734375 0.1890625 0.0375 0.040625
0 0.459375 0.77421875 0.034375 0.0390625
0 0.0640625 0.59296875 0.034375 0.0390625
0 0.365625 0.40234375 0.028125 0.0421875
0 0.73515625 0.69140625 0.0328125 0.0421875
0 0.0109375 0.65234375 0.021875 0.0359375
0 0.05078125 0.83828125 0.0671875 0.0984375
0 0.4515625 0.68125 0.034375 0.040625
0 0.33046875 0.23515625 0.0390625 0.0546875
0 0.56328125 0.55234375 0.0328125 0.0421875
0 0.496875 0.0859375 0.034375 0.046875
0 0.01640625 0.69140625 0.0328125 0.0453125
0 0.4109375 0.50546875 0.040625 0.0609375
0 0.02578125 0.7515625 0.0515625 0.05625
0 0.77109375 0.31640625 0.0421875 0.0421875
0 0.0765625 0.20078125 0.046875 0.0484375
0 0.1609375 0.2390625 0.04375 0.046875
0 0.92421875 0.44453125 0.0359375 0.0390625
0 0.33046875 0.8625 0.0484375 0.071875
0 0.8953125 0.1515625 0.034375 0.05
0 0.94375 0.23984375 0.0375 0.0421875
0 0.87109375 0.76875 0.0390625 0.053125
0 0.62734375 0.62734375 0.0296875 0.0359375
0 0.0640625 0.50859375 0.0375 0.0484375
0 0.265625 0.55703125 0.0375 0.0484375
0 0.59921875 0.36484375 0.0546875 0.0828125
0 0.9078125 0.59765625 0.0375 0.0421875
0 0.20859375 0.19140625 0.0328125 0.0390625
0 0.63671875 0.51796875 0.0390625 0.0453125
0 0.69140625 0.58359375 0.0296875 0.0453125
0 0.85859375 0.60078125 0.0359375 0.0390625
0 0.34609375 0.48984375 0.0390625 0.0359375
0 0.49453125 0.7953125 0.0328125 0.04375
0 0.43359375 0.5296875 0.0328125 0.04375
0 0.584375 0.72890625 0.0375 0.0359375
0 0.59765625 0.6109375 0.0328125 0.0375
0 0.4515625 0.09453125 0.040625 0.0453125
0 0.01875 0.265625 0.034375 0.03125
0 0.61484375 0.121875 0.0390625 0.046875
0 0.2515625 0.16328125 0.040625 0.0359375
0 0.10625 0.73203125 0.040625 0.0421875
0 0.796875 0.6578125 0.03125 0.05
0 0.3453125 0.8140625 0.034375 0.034375
0 0.40625 0.4375 0.028125 0.034375
0 0.94765625 0.559375 0.0453125 0.078125
0 0.11171875 0.5171875 0.0359375 0.05
0 0.1921875 0.36640625 0.040625 0.0453125
0 0.41953125 0.20546875 0.0359375 0.0390625
0 0.9640625 0.43828125 0.034375 0.0421875
0 0.2859375 0.82265625 0.0375 0.0578125
0 0.546875 0.83984375 0.028125 0.0421875
0 0.7625 0.2640625 0.053125 0.053125
0 0.39921875 0.85703125 0.0515625 0.0515625
0 0.63046875 0.8359375 0.0296875 0.034375
0 0.77265625 0.4546875 0.0515625 0.04375
0 0.796875 0.18671875 0.046875 0.0390625
0 0.45625 0.14140625 0.028125 0.0390625
0 0.45234375 0.178125 0.0359375 0.0375
0 0.628125 0.7984375 0.03125 0.0375
0 0.7203125 0.503125 0.0375 0.053125
0 0.71328125 0.14375 0.0453125 0.05625
0 0.1625 0.32734375 0.040625 0.0734375
0 0.3484375 0.159375 0.059375 0.053125
0 0.36171875 0.3625 0.0265625 0.0375
0 0.25625 0.2390625 0.034375 0.0375
0 0.78359375 0.13125 0.0390625 0.0375
0 0.83984375 0.140625 0.0484375 0.071875
0 0.146875 0.70703125 0.034375 0.0453125
0 0.48203125 0.13046875 0.0296875 0.0421875
0 0.8859375 0.3627535182119205 0.034375 0.0390625
0 0.71640625 0.3328125 0.0359375 0.05
0 0.5984375 0.6703125 0.053125 0.046875
0 0.6578125 0.75859375 0.046875 0.0515625
0 0.38203125 0.27109375 0.0328125 0.0484375
0 0.33125 0.28828125 0.021875 0.0359375
0 0.6375 0.184375 0.034375 0.04375
0 0.4390625 0.6125 0.046875 0.059375
0 0.675 0.38125 0.04375 0.1
0 0.84375 0.29375 0.040625 0.04375
0 0.7265625 0.7546875 0.034375 0.04375
0 0.19765625 0.2515625 0.0328125 0.034375
0 0.89375 0.21328125 0.04375 0.0484375
0 0.50078125 0.1890625 0.0359375 0.05
0 0.3078125 0.51875 0.034375 0.0375
0 0.18359375 0.5953125 0.0296875 0.046875
0 0.28984375 0.01484375 0.0296875 0.0296875
0 0.6640625 0.21171875 0.03125 0.0328125
0 0.52109375 0.61484375 0.0265625 0.0328125
0 0.23828125 0.60625 0.0359375 0.05625
0 0.37734375 0.578125 0.0328125 0.0375
0 0.02578125 0.22421875 0.0421875 0.0484375
0 0.50546875 0.346875 0.0390625 0.046875
0 0.32578125 0.55625 0.0484375 0.046875
0 0.61796875 0.22578125 0.0296875 0.0390625
0 0.38203125 0.18984375 0.0359375 0.0296875
0 0.45234375 0.43828125 0.0359375 0.0359375
0 0.12890625 0.3953125 0.0453125 0.04375
0 0.81640625 0.7125 0.0453125 0.0375
0 0.0671875 0.23828125 0.034375 0.0578125
0 0.396875 0.109375 0.03125 0.03125
0 0.0640625 0.00859375 0.034375 0.0171875
0 0.33359375 0.6296875 0.0390625 0.059375
0 0.34140625 0.43828125 0.0265625 0.0328125
0 0.1296875 0.61640625 0.028125 0.0390625
0 0.1203125 0.80078125 0.046875 0.0765625
0 0.21484375 0.5671875 0.0296875 0.053125
0 0.85625 0.55703125 0.028125 0.0421875
0 0.85 0.51328125 0.040625 0.0453125
0 0.00859375 0.309375 0.0171875 0.046875
0 0.5828125 0.85859375 0.03125 0.0453125
0 0.053125 0.4234375 0.034375 0.040625
0 0.2828125 0.6234375 0.028125 0.046875
0 0.06796875 0.77109375 0.0359375 0.0421875
0 0.1765625 0.5015625 0.040625 0.06875
0 0.1875 0.70390625 0.034375 0.0453125
0 0.40859375 0.578125 0.0328125 0.0375
0 0.2875 0.2015625 0.028125 0.040625
0 0.95625 0.10546875 0.04375 0.0609375
0 0.04375 0.17734375 0.028125 0.0390625
0 0.425 0.8015625 0.03125 0.046875
0 0.225 0.71328125 0.0375 0.0328125
0 0.04296875 0.38671875 0.0390625 0.0359375
0 0.56015625 0.61640625 0.0296875 0.0421875
0 0.50859375 0.5390625 0.0359375 0.05
0 0.36875 0.70078125 0.03125 0.0390625
0 0.21953125 0.78046875 0.0484375 0.0515625
0 0.04140625 0.0625 0.0515625 0.05
0 0.11484375 0.303125 0.0296875 0.034375
0 0.278125 0.425 0.034375 0.04375
0 0.56171875 0.3328125 0.0296875 0.034375
0 0.69921875 0.7 0.0328125 0.0375
0 0.90859375 0.5171875 0.0453125 0.04375
0 0.39296875 0.14609375 0.0296875 0.0515625
0 0.009375 0.36484375 0.01875 0.0359375
0 0.325 0.39921875 0.0375 0.0390625
0 0.52265625 0.79921875 0.0234375 0.0453125
0 0.7609375 0.57734375 0.03125 0.0578125
0 0.78828125 0.08984375 0.0390625 0.0390625
0 0.5828125 0.496875 0.046875 0.05625
0 0.9328125 0.18984375 0.028125 0.0453125
0 0.109375 0.3484375 0.040625 0.05
0 0.28515625 0.3 0.0484375 0.05625
0 0.2203125 0.27578125 0.03125 0.0390625
0 0.7625 0.6484375 0.03125 0.046875
0 0.1875 0.29375 0.034375 0.05
0 0.0984375 0.6 0.028125 0.034375
0 0.24296875 0.00625 0.0421875 0.0125
0 0.665625 0.6109375 0.025 0.034375
0 0.41015625 0.37265625 0.0328125 0.0453125
0 0.7421875 0.08125 0.03125 0.046875
0 0.66953125 0.5375 0.0296875 0.040625
0 0.61875 0.56640625 0.03125 0.0453125
0 0.05390625 0.5546875 0.0203125 0.034375
0 0.38359375 0.22265625 0.0328125 0.0421875
0 0.24453125 0.309375 0.0359375 0.034375
0 0.3265625 0.09609375 0.059375 0.0515625
0 0.68125 0.8171875 0.0375 0.040625
0 0.81484375 0.26484375 0.0328125 0.0984375
0 0.83828125 0.45390625 0.0265625 0.0328125
0 0.5640625 0.7625 0.034375 0.046875
0 0.53671875 0.315625 0.0234375 0.028125
0 0.06328125 0.134375 0.0296875 0.040625
0 0.596875 0.26484375 0.034375 0.0453125
0 0.09921875 0.1359375 0.0359375 0.046875
0 0.73125 0.3828125 0.03125 0.046875
0 0.16328125 0.0984375 0.0265625 0.040625
0 0.36875 0.0140625 0.03125 0.028125
0 0.13203125 0.1234375 0.0328125 0.05
0 0.06953125 0.35546875 0.0359375 0.0546875
0 0.63828125 0.58203125 0.0234375 0.0421875
0 0.8515625 0.39921875 0.03125 0.0421875
0 0.16171875 0.57265625 0.0203125 0.0546875
0 0.01484375 0.33828125 0.0203125 0.0234375
0 0.14140625 0.5109375 0.0421875 0.0625
0 0.45078125 0.48515625 0.0328125 0.0421875
0 0.51328125 0.7578125 0.0234375 0.040625
0 0.59375 0.55546875 0.025 0.0359375
0 0.45390625 0.32734375 0.0484375 0.0515625
0 0.67265625 0.1734375 0.0296875 0.034375
0 0.56484375 0.08097578642384107 0.1109375 0.1567984271523179
0 0.80859375 0.36953125 0.0296875 0.0390625
0 0.2375 0.2140625 0.025 0.034375
0 0.52265625 0.43359375 0.0234375 0.0296875
0 0.66015625 0.275 0.0234375 0.034375
0 0.215625 0.3265625 0.028125 0.03125
0 0.4828125 0.1625 0.025 0.021875
0 0.87890625 0.47109375 0.0328125 0.0421875
0 0.646875 0.2375 0.028125 0.034375
0 0.9859375 0.0578125 0.025 0.04375
0 0.00234375 0.59296875 0.0046875 0.0328125
0 0.346875 0.3234375 0.025 0.028125
0 0.37421875 0.09140625 0.0265625 0.0484375
0 0.63828125 0.2734375 0.0203125 0.034375
0 0.21796875 0.22421875 0.0171875 0.0296875
0 0.55703125 0.1796875 0.0390625 0.034375
0 0.7578125 0.40625 0.028125 0.040625
0 0.21015625 0.46796875 0.0234375 0.0328125
0 0.16796875 0.4328125 0.0328125 0.04375
0 0.36328125 0.61640625 0.0296875 0.0484375
0 0.784375 0.7140625 0.01875 0.028125
0 0.553125 0.29453125 0.025 0.0296875
0 0.35234375 0.278125 0.0171875 0.03125
0 0.540625 0.3953125 0.0375 0.04375
0 0.51015625 0.31171875 0.0265625 0.0265625
