0 0.28046875 0.57734375 0.0359375 0.0453125
0 0.23828125 0.325 0.0390625 0.05
0 0.39453125 0.5203125 0.0359375 0.046875
0 0.80234375 0.40859375 0.0328125 0.0453125
0 0.659375 0.48046875 0.071875 0.0796875
0 0.1 0.73515625 0.04375 0.0453125
0 0.60859375 0.35859375 0.0484375 0.0515625
0 0.6703125 0.653125 0.05 0.046875
0 0.69609375 0.53984375 0.0609375 0.0578125
0 0.83515625 0.44296875 0.0390625 0.0640625
0 0.50625 0.6078125 0.040625 0.040625
0 0.0125 0.4484375 0.025 0.04375
0 0.80859375 0.67734375 0.0296875 0.0453125
0 0.48984375 0.175 0.0328125 0.0375
0 0.015625 0.33984375 0.03125 0.0609375
0 0.1328125 0.57265625 0.040625 0.0578125
0 0.278125 0.35859375 0.05625 0.0453125
0 0.30703125 0.76015625 0.0359375 0.0390625
0 0.05234375 0.346875 0.0359375 0.04375
0 0.56015625 0.37578125 0.0515625 0.0671875
0 0.41796875 0.18515625 0.0453125 0.0484375
0 0.1578125 0.70078125 0.040625 0.0484375
0 0.090625 0.33046875 0.03125 0.0421875
0 0.775 0.6953125 0.0375 0.04375
0 0.28515625 0.47734375 0.0421875 0.0484375
0 0.64140625 0.303125 0.0609375 0.065625
0 0.63984375 0.0828125 0.0484375 0.053125
0 0.83359375 0.378125 0.0421875 0.04375
0 0.4828125 0.57734375 0.034375 0.0609375
0 0.740625 0.65390625 0.034375 0.0484375
0 0.059375 0.56875 0.03125 0.05
0 0.44921875 0.5578125 0.0359375 0.046875
0 0.07890625 0.52734375 0.0328125 0.0421875
0 0.70078125 0.09921875 0.0546875 0.0515625
0 0.57578125 0.2953125 0.0515625 0.0625
0 0.39921875 0.2609375 0.0546875 0.06875
0 0.821875 0.15625 0.059375 0.059375
0 0.16484375 0.58984375 0.0296875 0.0390625
0 0.92734375 0.38515625 0.0484375 0.0390625
0 0.6015625 0.18984375 0.046875 0.0515625
0 0.23125 0.3640625 0.03125 0.034375
0 0.83359375 0.10625 0.0390625 0.04375
0 0.1640625 0.3171875 0.0375 0.05
0 0.13359375 0.171875 0.0328125 0.0375
0 0.0125 0.7390625 0.025 0.059375
0 0.24453125 0.39921875 0.0359375 0.0453125
0 0.5359375 0.5671875 0.040625 0.0625
0 0.16953125 0.49140625 0.0421875 0.0421875
0 0.21484375 0.47578125 0.0359375 0.0421875
0 0.18515625 0.13125 0.0546875 0.046875
0 0.3171875 0.53046875 0.03125 0.0453125
0 0.5296875 0.1734375 0.059375 0.053125
0 0.440625 0.25234375 0.0375 0.0484375
0 0.43125 0.41171875 0.046875 0.0734375
0 0.290625 0.20625 0.08125 0.06875
0 0.8669339817880795 0.4070519453642384 0.0484375 0.0453125
0 0.38046875 0.59296875 0.0328125 0.0453125
0 0.83515625 0.0609375 0.0515625 0.04375
0 0.0734375 0.0859375 0.040625 0.04375
0 0.7625 0.38515625 0.040625 0.0578125
0 0.4921875 0.07578125 0.0625 0.0640625
0 0.5453125 0.259375 0.0375 0.046875
0 0.9875 0.1734375 0.021875 0.046875
0 0.11875 0.67890625 0.028125 0.0390625
0 0.09609375 0.2484375 0.0515625 0.05
0 0.35 0.59921875 0.03125 0.0421875
0 0.89296875 0.6265625 0.0359375 0.046875
0 0.24765625 0.5875 0.0296875 0.0375
0 0.71328125 0.446875 0.0359375 0.059375
0 0.12734375 0.76875 0.0359375 0.04375
0 0.1234375 0.12421875 0.040625 0.0453125
0 0.98515625 0.45625 0.0234375 0.040625
0 0.61953125 0.57421875 0.0328125 0.0421875
0 0.10234375 0.815625 0.0453125 0.046875
0 0.671875 0.178125 0.065625 0.05
0 0.19921875 0.35 0.0390625 0.040625
0 0.728125 0.25390625 0.03125 0.0390625
0 0.275 0.43359375 0.03125 0.0421875
0 0.78125 0.19765625 0.04375 0.0640625
0 0.07890625 0.609375 0.0296875 0.04375
0 0.61484375 0.42265625 0.0609375 0.0578125
0 0.24453125 0.503125 0.0328125 0.040625
0 0.7625 0.25390625 0.0375 0.0453125
0 0.4203125 0.5859375 0.028125 0.034375
0 0.7046875 0.7296875 0.0375 0.04375
0 0.490625 0.2125 0.034375 0.034375
0 0.034375 0.8265625 0.034375 0.046875
0 0.97109375 0.50078125 0.0453125 0.0578125
0 0.1921875 0.72734375 0.028125 0.0421875
0 0.3140625 0.57890625 0.028125 0.0453125
0 0.17265625 0.434375 0.0390625 0.034375
0 0.36484375 0.16640625 0.0515625 0.0703125
0 0.08046875 0.671875 0.0421875 0.0625
0 0.2609375 0.53515625 0.03125 0.0453125
0 0.4609375 0.19375 0.028125 0.046875
0 0.5453125 0.484375 0.0375 0.0375
0 0.390625 0.65078125 0.028125 0.0515625
0 0.125 0.49296875 0.040625 0.0703125
0 0.37734375 0.36171875 0.0328125 0.0328125
0 0.21796875 0.21953125 0.0390625 0.0453125
0 0.0640625 0.72578125 0.028125 0.0421875
0 0.1109375 0.38359375 0.046875 0.0515625
0 0.009375 0.4015625 0.01875 0.0375
0 0.971875 0.65546875 0.034375 0.0484375
0 0.81484375 0.55859375 0.0421875 0.0546875
0 0.209375 0.16953125 0.03125 0.0390625
0 0.08203125 0.47734375 0.0421875 0.0515625
0 0.796875 0.09609375 0.034375 0.0453125
0 0.41640625 0.5515625 0.0359375 0.034375
0 0.30703125 0.40546875 0.0359375 0.0640625
0 0.475 0.26328125 0.028125 0.0359375
0 0.83359375 0.21015625 0.0453125 0.0421875
0 0.759375 0.5015625 0.03125 0.04375
0 0.38359375 0.1 0.0671875 0.071875
0 0.028125 0.1328125 0.05625 0.13125
0 0.32265625 0.66953125 0.0515625 0.1078125
0 0.03671875 0.4140625 0.0328125 0.040625
0 0.44296875 0.63359375 0.0234375 0.0359375
0 0.76953125 0.57890625 0.0359375 0.0390625
0 0.72265625 0.3703125 0.0484375 0.053125
0 0.14296875 0.65078125 0.0296875 0.0453125
0 0.26796875 0.2421875 0.0390625 0.0375
0 0.61328125 0.53671875 0.0296875 0.0328125
0 0.234375 0.275 0.04375 0.04375
0 0.01875 0.2828125 0.034375 0.046875
0 0.740625 0.6078125 0.03125 0.0375
0 0.50078125 0.6515625 0.0484375 0.05
0 0.36171875 0.42421875 0.0359375 0.0484375
0 0.43046875 0.51953125 0.0296875 0.0296875
0 0.596875 0.0578125 0.034375 0.028125
0 0.090625 0.5640625 0.028125 0.0375
0 0.44296875 0.0859375 0.0546875 0.065625
0 0.2640625 0.78125 0.028125 0.04375
0 0.8984375 0.28125 0.053125 0.053125
0 0.475 0.528125 0.03125 0.0375
0 0.37265625 0.3078125 0.0453125 0.06875
0 0.6546875 0.359375 0.0375 0.046875
0 0.3546875 0.51328125 0.03125 0.0328125
0 0.353125 0.55625 0.040625 0.046875
0 0.8358961092715231 0.7236910182119206 0.0375 0.03906249999999982
0 0.009375 0.503125 0.01875 0.05625
0 0.03046875 0.54921875 0.0328125 0.0359375
0 0.19453125 0.60078125 0.0328125 0.0453125
0 0.11015625 0.296875 0.0328125 0.05625
0 0.35390625 0.225 0.0359375 0.04375
0 0.3140625 0.31953125 0.0375 0.0421875
0 0.203125 0.5171875 0.03125 0.0375
0 0.45659147350993373 0.3201572847682119 0.10865066225165565 0.07468956953642385
0 0.453125 0.60546875 0.028125 0.0390625
0 0.28984375 0.8 0.0265625 0.046875
0 0.30625 0.27421875 0.0375 0.0515625
0 0.11171875 0.43125 0.0296875 0.040625
0 0.5031560430463576 0.40610513245033114 0.0920943708609272 0.10341473509933774
0 0.2546875 0.66484375 0.03125 0.0515625
0 0.15625 0.39453125 0.03125 0.0484375
0 0.9453125 0.4375 0.034375 0.053125
0 0.28671875 0.65 0.0234375 0.040625
0 0.09375 0.19765625 0.034375 0.0421875
0 0.571875 0.09609375 0.046875 0.0546875
0 0.59375 0.48828125 0.03125 0.0578125
0 0.71953125 0.2171875 0.0421875 0.0375
0 0.0375 0.303125 0.034375 0.034375
0 0.50859375 0.52421875 0.0265625 0.0484375
0 0.72578125 0.775 0.0390625 0.034375
0 0.46796875 0.625 0.0234375 0.034375
0 0.17890625 0.08203125 0.0265625 0.0328125
0 0.63671875 0.25 0.0328125 0.0375
0 0.2 0.31328125 0.025 0.0296875
0 0.18671875 0.24921875 0.0359375 0.0484375
0 0.209375 0.09765625 0.028125 0.0328125
0 0.75859375 0.153125 0.0296875 0.0375
0 0.57265625 0.153125 0.0296875 0.0375
0 0.4588472682119205 0.14478476821192054 0.03125 0.040625
0 0.57734375 0.56640625 0.0296875 0.0484375
0 0.7484581953642384 0.30405629139072843 0.13129139072847681 0.07998758278145694
0 0.975 0.41015625 0.028125 0.0390625
0 0.115625 0.64453125 0.025 0.0328125
0 0.4 0.215625 0.03125 0.028125
0 0.33671875 0.759375 0.0234375 0.034375000000000086
0 0.5453125 0.128125 0.040625 0.04375
0 0.13984375 0.3640625 0.0265625 0.03125
0 0.69453125 0.33984375 0.0296875 0.0359375
0 0.88203125 0.2390625 0.0296875 0.034375
0 0.2890625 0.1390625 0.028125 0.0625
0 0.03984375 0.46796875 0.0328125 0.0453125
0 0.178125 0.37109375 0.021875 0.0328125
0 0.80078125 0.45 0.0234375 0.03125
0 0.57890625 0.221875 0.0453125 0.0375
0 0.734375 0.509375 0.021875 0.040625
0 0.6765625 0.4171875 0.025 0.040625
0 0.140625 0.271875 0.03125 0.053125
0 0.65390625 0.128125 0.0265625 0.0375
0 0.33125 0.38515625 0.028125 0.0359375
0 0.375 0.725 0.025 0.0375
0 0.16484375 0.165625 0.0296875 0.0375
0 0.71875 0.15 0.03125 0.0375
0 0.83046875 0.5078125 0.0296875 0.040625
0 0.6765625 0.1375 0.028125 0.034375
0 0.92421875 0.184375 0.0328125 0.0375
0 0.784375 0.53359375 0.028125 0.0359375
0 0.425 0.48828125 0.028125 0.0328125
0 0.86953125 0.49296875 0.0359375 0.0515625
0 0.184375 0.54375 0.025 0.034375
0 0.19375 0.2046875 0.021875 0.028125
0 0.90546875 0.44453125 0.0296875 0.0328125
0 0.73828125 0.709375 0.0265625 0.03125
0 0.73828125 0.11328125 0.0265625 0.0296875
0 0.11796875 0.35078125 0.0234375 0.0296875
0 0.29921875 0.615625 0.0296875 0.03125
0 0.7859375 0.7484375 0.028125 0.034375
0 0.675 0.24609375 0.0375 0.0359375
0 0.1453125 0.33828125 0.025 0.0296875
0 0.40859375 0.47109375 0.0328125 0.0421875
0 0.54296875 0.52265625 0.0296875 0.0265625
