0 0.2546875 0.14375 0.04375 0.053125
0 0.51015625 0.77109375 0.0390625 0.0484375
0 0.0703125 0.13828125 0.08125 0.0796875
0 0.484375 0.428125 0.05625 0.06875
0 0.3 0.0765625 0.05 0.05625
0 0.709375 0.85390625 0.040625 0.0453125
0 0.39609375 0.340625 0.0453125 0.053125
0 0.82734375 0.353125 0.0671875 0.06875
0 0.02578125 0.265625 0.0484375 0.05
0 0.68359375 0.7 0.0359375 0.046875
0 0.20546875 0.36328125 0.0890625 0.0671875
0 0.5703125 0.7703125 0.05625 0.0625
0 0.46484375 0.084375 0.0859375 0.075
0 0.28046875 0.59765625 0.0359375 0.0578125
0 0.3515625 0.3734375 0.05 0.065625
0 0.30546875 0.55078125 0.0359375 0.0515625
0 0.01640625 0.4421875 0.0328125 0.046875
0 0.67890625 0.24140625 0.0453125 0.0796875
0 0.19765625 0.25 0.0484375 0.05
0 0.6953125 0.35859375 0.046875 0.0703125
0 0.16484375 0.4640625 0.0359375 0.0375
0 0.2828125 0.25390625 0.05625 0.0578125
0 0.51640625 0.25625 0.0453125 0.05
0 0.6703125 0.53203125 0.04375 0.0453125
0 0.13125 0.22734375 0.0375 0.0421875
0 0.4203125 0.7015625 0.034375 0.04375
0 0.44765625 0.76484375 0.0703125 0.0765625
0 0.4546875 0.27890625 0.075 0.0703125
0 0.7546875 0.29453125 0.040625 0.0578125
0 0.31796875 0.50546875 0.0328125 0.0421875
0 0.5390625 0.6234375 0.034375 0.05
0 0.025 0.57578125 0.05 0.0515625
0 0.55234375 0.29140625 0.0359375 0.0421875
0 0.7 0.11328125 0.034375 0.0421875
0 0.26015625 0.86640625 0.0421875 0.0640625
0 0.3234375 0.59609375 0.034375 0.0390625
0 0.64296875 0.6546875 0.0328125 0.05
0 0.76640625 0.615625 0.0609375 0.0875
0 0.47109375 0.47890625 0.0359375 0.0453125
0 0.01484375 0.80703125 0.0296875 0.0546875
0 0.2625 0.40546875 0.0375 0.0453125
0 0.153125 0.8125 0.03125 0.034375
0 0.7734375 0.4765625 0.0375 0.053125
0 0.4828125 0.21171875 0.059375 0.0578125
0 0.53046875 0.1015625 0.0390625 0.053125
0 0.79453125 0.26484375 0.0359375 0.0421875
0 0.8 0.55703125 0.034375 0.0421875
0 0.83515625 0.296875 0.0390625 0.046875
0 0.85859375 0.7453125 0.0421875 0.071875
0 0.07578125 0.42421875 0.0515625 0.0578125
0 0.35234375 0.7765625 0.0453125 0.040625
0 0.0984375 0.27890625 0.05 0.0546875
0 0.29609375 0.434375 0.0421875 0.046875
0 0.16640625 0.3 0.0828125 0.06875
0 0.5453125 0.33671875 0.05 0.0609375
0 0.16796875 0.846875 0.0421875 0.053125
0 0.0703125 0.359375 0.034375 0.0625
0 0.2015625 0.115625 0.046875 0.046875
0 0.86953125 0.4203125 0.0421875 0.053125
0 0.3171875 0.86171875 0.05 0.0609375
0 0.01171875 0.12265625 0.0234375 0.0421875
0 0.2234375 0.56640625 0.040625 0.0734375
0 0.4125 0.5921875 0.0375 0.04375
0 0.73984375 0.83359375 0.0359375 0.0421875
0 0.440625 0.4828125 0.028125 0.04375
0 0.396875 0.4109375 0.034375 0.040625
0 0.7296875 0.23671875 0.040625 0.0578125
0 0.5953125 0.37578125 0.05 0.0578125
0 0.35390625 0.44453125 0.0296875 0.0484375
0 0.28515625 0.49921875 0.0296875 0.0390625
0 0.70078125 0.79921875 0.0515625 0.0484375
0 0.94453125 0.4046875 0.0421875 0.0375
0 0.3625 0.7171875 0.0375 0.040625
0 0.32265625 0.46796875 0.0328125 0.0359375
0 0.30703125 0.62734375 0.0265625 0.0359375
0 0.2515625 0.51484375 0.034375 0.0453125
0 0.35546875 0.06171875 0.0390625 0.0515625
0 0.71328125 0.475 0.0765625 0.071875
0 0.2828125 0.64765625 0.03125 0.0390625
0 0.296875 0.19296875 0.0375 0.0546875
0 0.92421875 0.6734375 0.0390625 0.046875
0 0.81015625 0.6046875 0.0296875 0.046875
0 0.009375 0.4015625 0.01875 0.034375
0 0.884375 0.0546875 0.03125 0.046875
0 0.50703125 0.478125 0.0328125 0.034375
0 0.90859375 0.44140625 0.0328125 0.0390625
0 0.17109375 0.58828125 0.0328125 0.0390625
0 0.2046875 0.73125 0.040625 0.040625
0 0.2125 0.85390625 0.028125 0.0390625
0 0.20546875 0.4578125 0.0390625 0.04375
0 0.42578125 0.4484375 0.0265625 0.0375
0 0.62890625 0.69765625 0.0265625 0.0421875
0 0.80390625 0.51015625 0.0265625 0.0421875
0 0.39765625 0.459375 0.0296875 0.034375
0 0.6125 0.228125 0.034375 0.0375
0 0.209375 0.6890625 0.025 0.040625
0 0.0921875 0.7546875 0.0375 0.04375
0 0.153125 0.68984375 0.06875 0.0859375
0 0.653125 0.71875 0.034375 0.040625
0 0.84296875 0.54140625 0.0328125 0.0421875
0 0.10703125 0.55390625 0.0421875 0.0703125
0 0.125 0.4484375 0.0375 0.04375
0 0.1921875 0.55078125 0.040625 0.0578125
0 0.11015625 0.8078125 0.0359375 0.046875
0 0.209375 0.1828125 0.034375 0.071875
0 0.58828125 0.50234375 0.0296875 0.0359375
0 0.25078125 0.1984375 0.0390625 0.053125
0 0.9828125 0.46328125 0.028125 0.0328125
0 0.11484375 0.4953125 0.0296875 0.034375
0 0.93046875 0.3515625 0.0390625 0.04375
0 0.79453125 0.30859375 0.0359375 0.0421875
0 0.9078125 0.53984375 0.028125 0.0359375
0 0.43515625 0.41328125 0.0265625 0.0296875
0 0.76328125 0.35625 0.0546875 0.059375
0 0.26796875 0.46796875 0.0296875 0.0484375
0 0.07578125 0.30703125 0.0296875 0.0390625
0 0.4109375 0.640625 0.028125 0.0375
0 0.26796875 0.73359375 0.0359375 0.0359375
0 0.540625 0.20234375 0.03125 0.0390625
0 0.12734375 0.38125 0.0421875 0.046875
0 0.0203125 0.3546875 0.0375 0.05625
0 0.37734375 0.15703125 0.1015625 0.0953125
0 0.64921875 0.57578125 0.0359375 0.0328125
0 0.3828125 0.55 0.03125 0.06875
0 0.97578125 0.296875 0.0453125 0.0625
0 0.95234375 0.18828125 0.0484375 0.0453125
0 0.9 0.60234375 0.034375 0.0484375
0 0.6609375 0.12890625 0.0375 0.0421875
0 0.51171875 0.14765625 0.0484375 0.0578125
0 0.2109375 0.7703125 0.04375 0.040625
0 0.69296875 0.17109375 0.0421875 0.0546875
0 0.7546875 0.11328125 0.040625 0.0453125
0 0.90546875 0.2046875 0.0328125 0.0375
0 0.6546875 0.4171875 0.04375 0.05
0 0.64296875 0.8015625 0.0296875 0.05625
0 0.00703125 0.746875 0.0140625 0.065625
0 0.6203125 0.45390625 0.040625 0.0640625
0 0.178125 0.15 0.04375 0.040625
0 0.04140625 0.37890625 0.0296875 0.0359375
0 0.64296875 0.05625 0.0265625 0.025
0 0.9484375 0.446875 0.0375 0.046875
0 0.61796875 0.31875 0.0328125 0.04375
0 0.43359375 0.653125 0.0296875 0.05
0 0.88125 0.10234375 0.028125 0.0421875
0 0.45625 0.5390625 0.03125 0.046875
0 0.390625 0.61953125 0.028125 0.0484375
0 0.1703125 0.415625 0.034375 0.040625
0 0.9671875 0.1296875 0.0375 0.053125
0 0.8984375 0.1625 0.03125 0.0375
0 0.54296875 0.4796875 0.0328125 0.059375
0 0.93515625 0.55234375 0.0265625 0.0390625
0 0.58125 0.225 0.028125 0.034375
0 0.70703125 0.65 0.0296875 0.040625
0 0.85859375 0.2296875 0.0390625 0.046875
0 0.7765625 0.0125 0.03125 0.025
0 0.7109375 0.2984375 0.028125 0.053125
0 0.67109375 0.309375 0.0296875 0.04375
0 0.18046875 0.78984375 0.0296875 0.0328125
0 0.61015625 0.1625 0.0578125 0.053125
0 0.67109375 0.75625 0.0296875 0.04375
0 0.609375 0.10859375 0.0375 0.0390625
0 0.5609375 0.43671875 0.046875 0.0640625
0 0.98828125 0.5109375 0.0203125 0.0625
0 0.20390625 0.628125 0.0421875 0.053125
0 0.175 0.50546875 0.028125 0.0390625
0 0.53046875 0.40390625 0.0296875 0.0328125
0 0.64453125 0.36796875 0.0328125 0.0453125
0 0.96015625 0.50625 0.0359375 0.059375
0 0.03359375 0.209375 0.0265625 0.04375
0 0.36015625 0.4953125 0.0328125 0.053125
0 0.8421875 0.590625 0.034375 0.040625
0 0.25234375 0.696875 0.0359375 0.04375
0 0.8484375 0.08671875 0.03125 0.0484375
0 0.10234375 0.0953125 0.0328125 0.034375
0 0.6890625 0.5734375 0.03125 0.040625
0 0.92265625 0.06953125 0.0328125 0.0515625
0 0.40859375 0.5078125 0.0328125 0.040625
0 0.73515625 0.56640625 0.0359375 0.0453125
0 0.0640625 0.80078125 0.028125 0.0421875
0 0.5578125 0.12890625 0.03125 0.0359375
0 0.2067777317880795 0.40559292218543047 0.034375 0.0359375
0 0.51328125 0.64921875 0.0234375 0.0328125
0 0.3234375 0.7296875 0.03125 0.040625
0 0.9765625 0.3796875 0.040625 0.046875
0 0.484375 0.52578125 0.03125 0.0359375
0 0.03984375 0.30390625 0.0296875 0.0328125
0 0.5890211092715232 0.5914942052980132 0.03125 0.0375
0 0.3338472682119205 0.6502535182119205 0.03125 0.06093749999999991
0 0.29296875 0.71953125 0.0265625 0.0390625
0 0.275 0.684375 0.028125 0.0375
0 0.43046875 0.521875 0.0234375 0.034375
0 0.14453125 0.115625 0.0390625 0.053125
0 0.61484375 0.80078125 0.0203125 0.0359375
0 0.28515625 0.2921875 0.0328125 0.028125
0 0.39609375 0.775 0.0265625 0.04375
0 0.45625 0.18359375 0.0375 0.0421875
0 0.87265625 0.17890625 0.0296875 0.0484375
0 0.5670788493377484 0.5811103062913907 0.0328125 0.0421875
0 0.896875 0.23515625 0.03125 0.0296875
0 0.65390625 0.60546875 0.0328125 0.0359375
0 0.93515625 0.2328125 0.0328125 0.04375
0 0.3546875 0.25078125 0.05 0.0578125
0 0.28671875 0.78984375 0.0265625 0.0328125
0 0.00703125 0.3140625 0.0140625 0.034375
0 0.75234375 0.18671875 0.0265625 0.0390625
0 0.83359375 0.18046875 0.0359375 0.0421875
0 0.1484375 0.4890625 0.021875 0.028125
0 0.55234375 0.71875 0.0296875 0.04375
0 0.98515625 0.42578125 0.0234375 0.0328125
0 0.6734375 0.65859375 0.025 0.0359375
0 0.35859375 0.29921875 0.0265625 0.0390625
0 0.46875 0.13828125 0.028125 0.0296875
0 0.83515625 0.0125 0.0265625 0.025
0 0.9484375 0.65 0.028125 0.03125
0 0.2421875 0.45859375 0.025 0.0640625
0 0.96640625 0.23125 0.0265625 0.0375
0 0.246875 0.30234375 0.034375 0.0703125
0 0.971875 0.5578125 0.028125 0.03125
0 0.61015625 0.534375 0.0296875 0.046875
0 0.8046875 0.03359375 0.034375 0.0359375
0 0.290625 0.3796875 0.025 0.03125
0 0.146875 0.58359375 0.01875 0.0296875
0 0.07734375 0.5015625 0.0296875 0.053125
0 0.9703125 0.07109375 0.034375 0.0546875
0 0.27265625 0.33515625 0.0359375 0.0390625
0 0.82109375 0.240625 0.0296875 0.0375
0 0.93203125 0.1203125 0.0359375 0.05
0 0.31875 0.68984375 0.034375 0.0328125
0 0.3296875 0.4265625 0.028125 0.040625
0 0.6578125 0.47109375 0.021875 0.0359375
0 0.1359375 0.52109375 0.025 0.0390625
0 0.80625 0.07890625 0.0375 0.0453125
0 0.51484375 0.52578125 0.0203125 0.0296875
0 0.43046875 0.603125 0.0171875 0.034375
