0 0.52578125 0.7046875 0.0359375 0.04375
0 0.5390625 0.10390625 0.075 0.0703125
0 0.73203125 0.8046875 0.0390625 0.065625
0 0.86875 0.6046875 0.040625 0.05625
0 0.48203125 0.16015625 0.0390625 0.0640625
0 0.85234375 0.48125 0.0390625 0.05
0 0.03828125 0.36484375 0.0421875 0.0421875
0 0.2328125 0.36796875 0.06875 0.0828125
0 0.6953125 0.625 0.046875 0.0625
0 0.80703125 0.6796875 0.0328125 0.053125
0 0.7890625 0.296875 0.040625 0.04375
0 0.859375 0.25546875 0.03125 0.0390625
0 0.77578125 0.0734375 0.0640625 0.059375
0 0.65390625 0.484375 0.0578125 0.084375
0 0.12578125 0.421875 0.0453125 0.046875
0 0.93359375 0.22265625 0.0421875 0.0578125
0 0.68359375 0.80859375 0.0453125 0.0546875
0 0.5265625 0.2578125 0.0625 0.090625
0 0.1078125 0.384375 0.03125 0.03125
0 0.91171875 0.4359375 0.0390625 0.075
0 0.6875 0.41171875 0.046875 0.0828125
0 0.128125 0.8484375 0.04375 0.046875
0 0.0296875 0.6015625 0.059375 0.0625
0 0.42421875 0.65234375 0.0421875 0.0453125
0 0.16640625 0.36875 0.0453125 0.08125
0 0.14609375 0.30546875 0.0484375 0.0515625
0 0.41171875 0.6015625 0.0390625 0.046875
0 0.696875 0.21171875 0.046875 0.0703125
0 0.18828125 0.25390625 0.0328125 0.0421875
0 0.93359375 0.49375 0.0421875 0.053125
0 0.621875 0.10546875 0.05 0.0578125
0 0.5765625 0.36484375 0.059375 0.0640625
0 0.459375 0.1 0.046875 0.053125
0 0.02265625 0.2546875 0.0390625 0.0375
0 0.7546875 0.653125 0.03125 0.04375
0 0.58046875 0.8203125 0.0390625 0.065625
0 0.09296875 0.15078125 0.0390625 0.0390625
0 0.0140625 0.3359375 0.028125 0.0375
0 0.18046875 0.6046875 0.0328125 0.05
0 0.37421875 0.6828125 0.0453125 0.06875
0 0.071875 0.44921875 0.046875 0.0515625
0 0.09296875 0.5 0.0359375 0.046875
0 0.0859375 0.07734375 0.040625 0.0390625
0 0.825 0.27109375 0.0375 0.0484375
0 0.403125 0.02265625 0.0375 0.0421875
0 0.46796875 0.5109375 0.0390625 0.05
0 0.26328125 0.57109375 0.0296875 0.0515625
0 0.5421875 0.46015625 0.040625 0.0484375
0 0.5921875 0.68359375 0.04375 0.0953125
0 0.9703125 0.60546875 0.05 0.0515625
0 0.90625 0.06484375 0.03125 0.0546875
0 0.24296875 0.43046875 0.0390625 0.0421875
0 0.25859375 0.51953125 0.0328125 0.0421875
0 0.7734375 0.47265625 0.04375 0.0859375
0 0.27890625 0.246875 0.0953125 0.1125
0 0.1953125 0.5484375 0.059375 0.05625
0 0.840625 0.31875 0.0375 0.053125
0 0.46953125 0.784375 0.0546875 0.06875
0 0.4015625 0.4796875 0.03125 0.046875
0 0.6953125 0.109375 0.034375 0.053125
0 0.7446502483443709 0.5771419701986755 0.07632450331125824 0.05740894039735096
0 0.2046875 0.21796875 0.040625 0.0484375
0 0.2953125 0.36875 0.040625 0.04375
0 0.43125 0.146875 0.040625 0.034375
0 0.01875 0.1921875 0.0375 0.08125
0 0.29765625 0.48125 0.0328125 0.046875
0 0.26015625 0.63046875 0.0296875 0.0359375
0 0.24609375 0.72421875 0.0390625 0.0828125
0 0.11796875 0.24375 0.0453125 0.046875
0 0.35703125 0.62734375 0.0453125 0.0515625
0 0.2390625 0.66484375 0.025 0.0359375
0 0.521875 0.34296875 0.040625 0.0515625
0 0.3921875 0.2890625 0.034375 0.040625
0 0.41015625 0.253125 0.0265625 0.040625
0 0.25390625 0.47265625 0.0421875 0.0546875
0 0.9296875 0.68125 0.0375 0.046875
0 0.58828125 0.609375 0.0296875 0.040625
0 0.653125 0.3171875 0.03125 0.04375
0 0.77890625 0.809375 0.0359375 0.065625
0 0.06484375 0.30859375 0.0265625 0.0390625
0 0.2875 0.615625 0.034375 0.05
0 0.07265625 0.346875 0.0328125 0.04375
0 0.3296875 0.1953125 0.0375 0.078125
0 0.740625 0.0359375 0.046875 0.059375
0 0.01640625 0.5125 0.0296875 0.04375
0 0.96875 0.653125 0.040625 0.0375
0 0.128125 0.09140625 0.03125 0.0296875
0 0.38828125 0.8546875 0.0453125 0.059375
0 0.31171875 0.4375 0.0328125 0.05625
0 0.72421875 0.3 0.0296875 0.046875
0 0.91015625 0.56328125 0.0484375 0.0734375
0 0.60390625 0.540625 0.0359375 0.05625
0 0.83828125 0.7234375 0.0578125 0.0875
0 0.68671875 0.97109375 0.0296875 0.0546875
0 0.83125 0.0890625 0.0375 0.04375
0 0.36953125 0.4390625 0.0421875 0.08125
0 0.1859375 0.31015625 0.028125 0.0390625
0 0.625 0.403125 0.0375 0.0625
0 0.32890625 0.48046875 0.0265625 0.0421875
0 0.64609375 0.96796875 0.0421875 0.0578125
0 0.85390625 0.01640625 0.0390625 0.0328125
0 0.175 0.05625 0.04375 0.040625
0 0.9125 0.15234375 0.03125 0.0421875
0 0.21484375 0.15859375 0.0234375 0.0421875
0 0.05859375 0.521875 0.0328125 0.046875
0 0.12578125 0.61328125 0.0296875 0.0609375
0 0.43125 0.4828125 0.03125 0.0375
0 0.74140625 0.4125 0.0296875 0.046875
0 0.1546875 0.08671875 0.028125 0.0296875
0 0.12421875 0.50078125 0.0296875 0.0484375
0 0.2171875 0.60234375 0.03125 0.0453125
0 0.65234375 0.228125 0.0328125 0.065625
0 0.1015625 0.66484375 0.034375 0.0578125
0 0.55625 0.678125 0.025 0.053125
0 0.5359375 0.9515625 0.04375 0.065625
0 0.4640625 0.2828125 0.03125 0.04375
0 0.084375 0.8265625 0.034375 0.05625
0 0.63984375 0.5890625 0.0359375 0.084375
0 0.8453125 0.19609375 0.0375 0.0421875
0 0.08828125 0.41796875 0.0296875 0.0359375
0 0.24296875 0.03828125 0.0921875 0.0765625
0 0.4640625 0.7046875 0.028125 0.0375
0 0.31171875 0.70234375 0.0296875 0.0453125
0 0.03515625 0.790625 0.0359375 0.05625
0 0.49765625 0.56015625 0.0390625 0.0359375
0 0.40703125 0.190625 0.0328125 0.059375
0 0.4390625 0.73359375 0.025 0.0390625
0 0.61796875 0.80859375 0.0265625 0.0421875
0 0.21171875 0.8734375 0.0296875 0.05
0 0.41953125 0.515625 0.0453125 0.0375
0 0.30078125 0.15078125 0.0328125 0.0390625
0 0.63359375 0.046875 0.0296875 0.053125
0 0.453125 0.60703125 0.03125 0.0515625
0 0.2171875 0.46875 0.03125 0.040625
0 0.9296875 0.6390625 0.028125 0.04375
0 0.36171875 0.75078125 0.0296875 0.0578125
0 0.03359375 0.30234375 0.0359375 0.0359375
0 0.06640625 0.6234375 0.0296875 0.040625
0 0.7046875 0.7390625 0.04375 0.0625
0 0.80546875 0.61875 0.0328125 0.046875
0 0.43515625 0.68984375 0.0234375 0.0390625
0 0.765625 0.24375 0.040625 0.053125
0 0.56171875 0.03828125 0.0359375 0.0546875
0 0.6890625 0.30390625 0.028125 0.0328125
0 0.18671875 0.153125 0.0265625 0.03125
0 0.45859375 0.05234375 0.0359375 0.0359375
0 0.58046875 0.27890625 0.0390625 0.0515625
0 0.178125 0.67578125 0.028125 0.0359375
0 0.9875 0.478125 0.021875 0.05
0 0.5671875 0.7578125 0.03125 0.046875
0 0.04375 0.0828125 0.03125 0.0375
0 0.27734375 0.403125 0.0265625 0.034375
0 0.35234375 0.3421875 0.0390625 0.075
0 0.54375 0.85546875 0.028125 0.0484375
0 0.48984375 0.7140625 0.0203125 0.028125
0 0.8078125 0.22421875 0.028125 0.0578125
0 0.01015625 0.4578125 0.0203125 0.059375
0 0.32890625 0.59140625 0.0296875 0.0390625
0 0.9421875 0.01953125 0.03125 0.0390625
0 0.5484375 0.59453125 0.028125 0.0671875
0 0.0546875 0.23359375 0.0375 0.0453125
0 0.32734375 0.5125 0.0296875 0.025
0 0.64453125 0.68828125 0.0421875 0.0796875
0 0.5578125 0.16015625 0.0375 0.0515625
0 0.096875 0.19375 0.025 0.040625
0 0.50625 0.034375 0.040625 0.05
0 0.46953125 0.39375 0.0671875 0.06875
0 0.07265625 0.3875 0.0265625 0.034375
0 0.57421875 0.43984375 0.0640625 0.0859375
0 0.053125 0.14375 0.0375 0.034375
0 0.50390625 0.6734375 0.0265625 0.0375
0 0.66171875 0.1 0.0265625 0.053125
0 0.13984375 0.4640625 0.0296875 0.028125
0 0.3390625 0.87265625 0.025 0.0421875
0 0.3953125 0.9421875 0.028125 0.0625
0 0.69609375 0.48984375 0.0265625 0.0453125
0 0.58828125 0.18984375 0.0328125 0.0421875
0 0.03828125 0.040625 0.0296875 0.040625
0 0.28984375 0.89375 0.0203125 0.040625
0 0.86796875 0.53828125 0.0265625 0.0515625
0 0.66484375 0.56796875 0.0234375 0.0390625
0 0.328125 0.7375 0.025 0.028125
0 0.46875 0.93125 0.03125 0.0625
0 0.2640625 0.31796875 0.034375 0.0390625
0 0.16328125 0.4390625 0.0265625 0.028125
0 0.11640625 0.04609375 0.0390625 0.0515625
0 0.896875 0.2515625 0.025 0.0375
0 0.696875 0.340625 0.03125 0.04375
0 0.21171875 0.2859375 0.0234375 0.03125
0 0.76015625 0.36640625 0.0265625 0.0359375
0 0.18359375 0.47265625 0.0296875 0.0359375
0 0.15 0.703125 0.025 0.0375
0 0.753125 0.128125 0.05625 0.05
0 0.5984375 0.9515625 0.040625 0.084375
0 0.16015625 0.8234375 0.0234375 0.04375
0 0.79140625 0.390625 0.0390625 0.071875
0 0.48828125 0.22109375 0.0234375 0.0359375
0 0.434375 0.44453125 0.021875 0.0359375
0 0.00703125 0.05 0.0140625 0.03125
0 0.10859375 0.54765625 0.0359375 0.0453125
0 0.53671875 0.7515625 0.0265625 0.046875
0 0.23359375 0.55703125 0.0265625 0.0421875
0 0.365625 0.228125 0.04375 0.065625
0 0.1265625 0.34375 0.028125 0.0375
0 0.88984375 0.328125 0.0203125 0.040625
0 0.23125 0.3125 0.034375 0.025
0 0.65234375 0.36328125 0.0265625 0.0390625
0 0.51796875 0.84375 0.0234375 0.046875
0 0.84921875 0.39375 0.0359375 0.059375
0 0.42109375 0.3140625 0.0359375 0.046875
0 0.5390625 0.51875 0.028125 0.053125
0 0.62890625 0.19140625 0.0265625 0.0484375
0 0.63125 0.890625 0.03125 0.05
0 0.24921875 0.16015625 0.0359375 0.0515625
0 0.77421875 0.334375 0.0234375 0.03125
0 0.15390625 0.53125 0.0328125 0.046875
0 0.1875 0.10078125 0.021875 0.0296875
0 0.97109375 0.1234375 0.0296875 0.040625
0 0.09296875 0.3609375 0.0234375 0.025
0 0.28828125 0.32890625 0.0265625 0.0328125
0 0.80859375 0.575 0.0296875 0.040625
0 0.51328125 0.51640625 0.0234375 0.0484375
