0 0.509375 0.4390625 0.0875 0.075
0 0.9640625 0.49609375 0.046875 0.0578125
0 0.3875 0.59453125 0.08125 0.0671875
0 0.6453125 0.1109375 0.05625 0.0625
0 0.259375 0.62109375 0.04375 0.0484375
0 0.41875 0.646875 0.04375 0.0625
0 0.596875 0.08984375 0.034375 0.0390625
0 0.23671875 0.746875 0.0390625 0.059375
0 0.01484375 0.6296875 0.0296875 0.059375
0 0.52421875 0.17734375 0.0515625 0.0546875
0 0.33828125 0.35625 0.0359375 0.04375
0 0.15625 0.325 0.040625 0.05625
0 0.6953125 0.35234375 0.034375 0.0453125
0 0.140625 0.63203125 0.04375 0.0609375
0 0.50625 0.365625 0.04375 0.065625
0 0.60234375 0.14921875 0.0390625 0.0578125
0 0.7171875 0.525 0.05 0.0625
0 0.29140625 0.49140625 0.0359375 0.0421875
0 0.40546875 0.34140625 0.0390625 0.0671875
0 0.3515625 0.7890625 0.0375 0.046875
0 0.978125 0.3828125 0.0375 0.0625
0 0.61953125 0.50859375 0.0640625 0.0828125
0 0.8984375 0.19921875 0.05 0.0546875
0 0.5546875 0.6328125 0.0375 0.05
0 0.05078125 0.52578125 0.0359375 0.0546875
0 0.86484375 0.3140625 0.0296875 0.0375
0 0.11015625 0.128125 0.0328125 0.040625
0 0.0421875 0.28515625 0.0375 0.0453125
0 0.1046875 0.66328125 0.04375 0.0609375
0 0.2875 0.234375 0.034375 0.05
0 0.1390625 0.21171875 0.065625 0.0484375
0 0.21015625 0.50546875 0.0515625 0.0734375
0 0.29453125 0.415625 0.0328125 0.040625
0 0.73125 0.27109375 0.053125 0.0609375
0 0.74296875 0.7234375 0.0359375 0.05625
0 0.8171875 0.4484375 0.040625 0.040625
0 0.45625 0.72265625 0.034375 0.0484375
0 0.23125 0.56015625 0.040625 0.0453125
0 0.7921875 0.7234375 0.040625 0.04375
0 0.875 0.45 0.05625 0.08125
0 0.20078125 0.721875 0.0390625 0.071875
0 0.703125 0.20546875 0.04375 0.0609375
0 0.534375 0.303125 0.040625 0.046875
0 0.10546875 0.78515625 0.0296875 0.0421875
0 0.01796875 0.83125 0.0359375 0.046875
0 0.11484375 0.434375 0.0328125 0.0375
0 0.834375 0.10859375 0.046875 0.0703125
0 0.40078125 0.83515625 0.0328125 0.0421875
0 0.81796875 0.58515625 0.0390625 0.0421875
0 0.034375 0.12890625 0.040625 0.0546875
0 0.77578125 0.5 0.0609375 0.0625
0 0.203125 0.40234375 0.04375 0.0546875
0 0.1 0.71484375 0.0375 0.0453125
0 0.30390625 0.29375 0.0515625 0.0625
0 0.24921875 0.34765625 0.0421875 0.0484375
0 0.9015625 0.2546875 0.040625 0.04375
0 0.34765625 0.63046875 0.0421875 0.0328125
0 0.9328125 0.35390625 0.053125 0.0453125
0 0.3796875 0.665625 0.03125 0.05
0 0.58359375 0.69296875 0.0390625 0.0703125
0 0.196875 0.6671875 0.028125 0.040625
0 0.7390625 0.35078125 0.040625 0.0703125
0 0.8377328228476821 0.20808671357615896 0.0390625 0.0515625
0 0.75703125 0.01796875 0.0484375 0.0359375
0 0.1515625 0.49296875 0.0375 0.0609375
0 0.91640625 0.50546875 0.0359375 0.0421875
0 0.559375 0.57265625 0.034375 0.0484375
0 0.253125 0.4984375 0.03125 0.0375
0 0.05 0.21171875 0.040625 0.0421875
0 0.4125 0.40859375 0.053125 0.0671875
0 0.57421875 0.23125 0.0390625 0.059375
0 0.66015625 0.2109375 0.0359375 0.05
0 0.5578125 0.15078125 0.0375 0.0546875
0 0.08203125 0.440625 0.0359375 0.04375
0 0.77578125 0.171875 0.0515625 0.059375
0 0.44765625 0.209375 0.0640625 0.06875
0 0.27421875 0.57421875 0.0328125 0.0390625
0 0.41796875 0.73203125 0.0328125 0.0421875
0 0.03203125 0.3953125 0.0359375 0.040625
0 0.51328125 0.2359375 0.0515625 0.053125
0 0.69453125 0.43203125 0.0390625 0.0515625
0 0.46953125 0.77890625 0.0296875 0.0421875
0 0.07890625 0.75546875 0.0296875 0.0421875
0 0.63203125 0.321875 0.0359375 0.040625
0 0.98203125 0.2046875 0.0296875 0.04375
0 0.09140625 0.08046875 0.0453125 0.0328125
0 0.31484375 0.8109375 0.0359375 0.040625
0 0.390625 0.27578125 0.034375 0.0484375
0 0.7078125 0.0140625 0.034375 0.028125
0 0.51640625 0.634375 0.0328125 0.05
0 0.2859375 0.73828125 0.034375 0.0765625
0 0.64140625 0.16875 0.0390625 0.05625
0 0.02421875 0.4328125 0.0359375 0.04375
0 0.2109375 0.2828125 0.04375 0.046875
0 0.47265625 0.62734375 0.0421875 0.0453125
0 0.04921875 0.47421875 0.0296875 0.0421875
0 0.47734375 0.309375 0.0421875 0.059375
0 0.3359375 0.21875 0.053125 0.059375
0 0.3921875 0.75078125 0.034375 0.0515625
0 0.53125 0.09140625 0.05625 0.0765625
0 0.6671875 0.31328125 0.028125 0.0484375
0 0.85546875 0.66328125 0.0421875 0.0765625
0 0.22890625 0.5984375 0.0328125 0.0375
0 0.52265625 0.578125 0.0328125 0.05625
0 0.92734375 0.159375 0.0421875 0.053125
0 0.0578125 0.38828125 0.034375 0.0453125
0 0.759375 0.42578125 0.046875 0.0671875
0 0.371875 0.3953125 0.04375 0.053125
0 0.284375 0.540625 0.028125 0.040625
0 0.60859375 0.62734375 0.0296875 0.0578125
0 0.52734375 0.51640625 0.0390625 0.0609375
0 0.00859375 0.1578125 0.0171875 0.05
0 0.01796875 0.23203125 0.0328125 0.0453125
0 0.65 0.63984375 0.03125 0.0421875
0 0.7234375 0.15546875 0.040625 0.0453125
0 0.378125 0.0796875 0.065625 0.078125
0 0.14609375 0.3875 0.0515625 0.05625
0 0.02890625 0.340625 0.0359375 0.06875
0 0.23984375 0.44609375 0.0390625 0.0515625
0 0.40625 0.69375 0.028125 0.040625
0 0.8390625 0.28671875 0.025 0.0390625
0 0.6109375 0.44453125 0.034375 0.0421875
0 0.79765625 0.6453125 0.0328125 0.084375
0 0.20625 0.3640625 0.03125 0.03125
0 0.134375 0.77421875 0.028125 0.0359375
0 0.47109375 0.56015625 0.0421875 0.0390625
0 0.9078125 0.6421875 0.04375 0.084375
0 0.40625 0.1515625 0.034375 0.046875
0 0.08671875 0.5453125 0.0359375 0.05
0 0.34296875 0.55390625 0.0515625 0.0390625
0 0.43515625 0.26015625 0.0390625 0.0390625
0 0.3375 0.49375 0.04375 0.06875
0 0.63828125 0.7109375 0.0328125 0.078125
0 0.79609375 0.1140625 0.0359375 0.065625
0 0.48828125 0.5046875 0.0359375 0.05
0 0.44609375 0.05703125 0.0296875 0.0390625
0 0.07890625 0.28984375 0.0296875 0.0390625
0 0.13828125 0.81015625 0.0421875 0.0515625
0 0.36875 0.3546875 0.025 0.034375
0 0.31875 0.38671875 0.034375 0.0453125
0 0.096875 0.17890625 0.034375 0.0390625
0 0.09765625 0.40625 0.0359375 0.03125
0 0.95546875 0.66640625 0.0390625 0.0609375
0 0.19375 0.31796875 0.025 0.0390625
0 0.0421875 0.72421875 0.028125 0.0484375
0 0.31796875 0.65390625 0.0234375 0.0359375
0 0.22016763245033114 0.19640418046357616 0.03721026490066226 0.0428083609271523
0 0.8890625 0.11953125 0.040625 0.0515625
0 0.93203125 0.303125 0.0359375 0.04375
0 0.321875 0.71796875 0.034375 0.0609375
0 0.16953125 0.6734375 0.0234375 0.040625
0 0.615625 0.2328125 0.040625 0.059375
0 0.54375 0.34921875 0.03125 0.0390625
0 0.1203125 0.74296875 0.028125 0.0390625
0 0.15625 0.5609375 0.04375 0.05
0 0.84921875 0.06015625 0.0328125 0.0359375
0 0.4625 0.4140625 0.0375 0.040625
0 0.05 0.5921875 0.034375 0.04375
0 0.65078125 0.38125 0.0328125 0.078125
0 0.0109375 0.07890625 0.021875 0.0453125
0 0.1875 0.60078125 0.0375 0.0671875
0 0.89609375 0.06328125 0.0484375 0.0515625
0 0.346875 0.29765625 0.046875 0.0703125
0 0.1015625 0.04765625 0.04375 0.0390625
0 0.08125 0.2640625 0.028125 0.03125
0 0.009375 0.29140625 0.01875 0.0453125
0 0.18203125 0.45234375 0.0296875 0.0453125
0 0.646875 0.2734375 0.028125 0.046875
0 0.63671875 0.60546875 0.0328125 0.0421875
0 0.75234375 0.66015625 0.0328125 0.0515625
0 0.371875 0.1828125 0.04375 0.040625
0 0.390625 0.80390625 0.03125 0.0265625
0 0.44765625 0.8046875 0.0328125 0.05
0 0.9921875 0.48671875 0.0125 0.0484375
0 0.3257605546357616 0.10260761589403974 0.06402110927152319 0.10209023178807948
0 0.39375 0.5359375 0.025 0.0375
0 0.1484375 0.1328125 0.028125 0.040625
0 0.26953125 0.3015625 0.0359375 0.04375
0 0.25078125 0.25390625 0.0328125 0.0484375
0 0.58359375 0.53671875 0.0328125 0.0609375
0 0.82265625 0.25 0.0328125 0.03125
0 0.42265625 0.53515625 0.0265625 0.0421875
0 0.3609375 0.7046875 0.0375 0.04375
0 0.17890625 0.13203125 0.0265625 0.0359375
0 0.95078125 0.11015625 0.0359375 0.0390625
0 0.6828125 0.58359375 0.0375 0.0984375
0 0.890625 0.39609375 0.034375 0.0359375
0 0.2125 0.33359375 0.021875 0.0265625
0 0.27109375 0.3765625 0.0296875 0.040625
0 0.83515625 0.33046875 0.0234375 0.0296875
0 0.2578125 0.5328125 0.01875 0.03125
0 0.2875 0.6640625 0.0375 0.0375
0 0.80859375 0.41328125 0.0234375 0.0296875
0 0.72890625 0.47421875 0.0328125 0.0390625
0 0.30703125 0.453125 0.0296875 0.0375
0 0.0765625 0.1171875 0.028125 0.046875
0 0.24296875 0.16484375 0.0265625 0.0328125
0 0.69296875 0.0453125 0.0296875 0.04375
0 0.703125 0.309375 0.021875 0.0375
0 0.88671875 0.2859375 0.0234375 0.03125
