0 0.734375 0.503125 0.04375 0.059375
0 0.35390625 0.328125 0.0390625 0.040625
0 0.609375 0.70078125 0.034375 0.0390625
0 0.01796875 0.90234375 0.0359375 0.0640625
0 0.7390625 0.1859375 0.046875 0.046875
0 0.0421875 0.14609375 0.059375 0.0546875
0 0.40859375 0.30859375 0.0421875 0.0640625
0 0.78125 0.22578125 0.040625 0.0578125
0 0.50703125 0.15625 0.0453125 0.071875
0 0.2359375 0.55078125 0.040625 0.0453125
0 0.11796875 0.16640625 0.0578125 0.0453125
0 0.20703125 0.61171875 0.0515625 0.0703125
0 0.27890625 0.2359375 0.0328125 0.040625
0 0.73046875 0.3953125 0.0390625 0.05625
0 0.1125 0.33046875 0.0625 0.0484375
0 0.66015625 0.57578125 0.0453125 0.0546875
0 0.08671875 0.50546875 0.0421875 0.0484375
0 0.53984375 0.478125 0.0515625 0.059375
0 0.3859375 0.42734375 0.034375 0.0421875
0 0.209375 0.81015625 0.046875 0.0609375
0 0.03671875 0.49453125 0.0453125 0.0546875
0 0.14296875 0.121875 0.0390625 0.04375
0 0.7018160182119205 0.29869101821192057 0.0484375 0.0609375
0 0.1859375 0.121875 0.0375 0.046875
0 0.2484375 0.35625 0.075 0.075
0 0.4375 0.209375 0.0375 0.046875
0 0.46484375 0.2578125 0.0421875 0.046875
0 0.8997464817880795 0.6453331953642384 0.0421875 0.05625
0 0.40859375 0.81796875 0.0265625 0.0546875
0 0.4578125 0.9140625 0.03125 0.05
0 0.2921875 0.86484375 0.0625 0.0515625
0 0.2515625 0.76953125 0.078125 0.0796875
0 0.346875 0.284375 0.046875 0.05
0 0.671875 0.72734375 0.034375 0.0453125
0 0.29921875 0.56796875 0.0390625 0.0578125
0 0.8484375 0.13125 0.04375 0.059375
0 0.75859375 0.76328125 0.0390625 0.0578125
0 0.42734375 0.2546875 0.0328125 0.04375
0 0.3875 0.23671875 0.034375 0.0421875
0 0.33203125 0.16640625 0.0421875 0.0640625
0 0.2125 0.50390625 0.03125 0.0390625
0 0.115625 0.5359375 0.034375 0.046875
0 0.30859375 0.79921875 0.0328125 0.0390625
0 0.6421875 0.70703125 0.034375 0.0515625
0 0.47265625 0.43984375 0.0703125 0.0765625
0 0.3265625 0.51484375 0.053125 0.0671875
0 0.2640625 0.6296875 0.053125 0.065625
0 0.1859375 0.20078125 0.04375 0.0421875
0 0.51640625 0.065625 0.0453125 0.040625
0 0.875 0.71015625 0.05 0.0734375
0 0.4453125 0.30078125 0.028125 0.0390625
0 0.06796875 0.63828125 0.0359375 0.0484375
0 0.18515625 0.30390625 0.0390625 0.0359375
0 0.3046875 0.3015625 0.046875 0.046875
0 0.8390625 0.2 0.040625 0.059375
0 0.9203125 0.190625 0.034375 0.04375
0 0.2390625 0.846875 0.040625 0.046875
0 0.31171875 0.19765625 0.0328125 0.0515625
0 0.31484375 0.45859375 0.0296875 0.0515625
0 0.03203125 0.56875 0.0390625 0.040625
0 0.34453125 0.2265625 0.0390625 0.040625
0 0.3109375 0.35234375 0.0375 0.0421875
0 0.11875 0.5921875 0.0375 0.05
0 0.54765625 0.32421875 0.0390625 0.0421875
0 0.14453125 0.4578125 0.0328125 0.040625
0 0.58359375 0.40625 0.0390625 0.06875
0 0.62734375 0.821875 0.0296875 0.059375
0 0.55703125 0.4359375 0.0296875 0.0375
0 0.3875 0.11171875 0.040625 0.0796875
0 0.9734375 0.48671875 0.0375 0.0390625
0 0.871875 0.30390625 0.034375 0.0421875
0 0.40390625 0.190625 0.0296875 0.046875
0 0.66875 0.2328125 0.046875 0.065625
0 0.26796875 0.078125 0.0359375 0.04375
0 0.4984375 0.3078125 0.034375 0.053125
0 0.57109375 0.703125 0.0359375 0.04375
0 0.7421875 0.55703125 0.0375 0.0453125
0 0.7765625 0.4578125 0.053125 0.05
0 0.07578125 0.578125 0.0484375 0.046875
0 0.77890625 0.10390625 0.0453125 0.0484375
0 0.8046875 0.14453125 0.034375 0.0453125
0 0.83984375 0.2953125 0.0265625 0.046875
0 0.4765625 0.5296875 0.05 0.075
0 0.0171875 0.3734375 0.034375 0.05
0 0.7046875 0.46328125 0.03125 0.0421875
0 0.2765625 0.5 0.034375 0.0375
0 0.034375 0.30234375 0.034375 0.0453125
0 0.70078125 0.53515625 0.0328125 0.0359375
0 0.71875 0.70625 0.05 0.065625
0 0.5265625 0.22578125 0.0375 0.0484375
0 0.30703125 0.084375 0.0390625 0.053125
0 0.746875 0.34921875 0.0375 0.0484375
0 0.56484375 0.7796875 0.0359375 0.05
0 0.41875 0.6703125 0.040625 0.05
0 0.42734375 0.1671875 0.0296875 0.0375
0 0.19140625 0.03359375 0.0421875 0.0546875
0 0.6875 0.38203125 0.040625 0.0578125
0 0.725 0.61484375 0.046875 0.0640625
0 0.92265625 0.73359375 0.0421875 0.0515625
0 0.48671875 0.7609375 0.0328125 0.034375
0 0.75 0.24609375 0.03125 0.0484375
0 0.5984375 0.75078125 0.040625 0.0546875
0 0.53125 0.63828125 0.03125 0.0359375
0 0.44296875 0.63671875 0.0421875 0.0578125
0 0.0578125 0.3359375 0.0375 0.053125
0 0.80546875 0.7046875 0.0328125 0.05
0 0.2046875 0.40234375 0.03125 0.0578125
0 0.8671875 0.615625 0.034375 0.0375
0 0.83515625 0.53359375 0.1328125 0.1203125
0 0.2671875 0.15078125 0.04375 0.0484375
0 0.540625 0.5453125 0.034375 0.071875
0 0.2015625 0.55078125 0.028125 0.0484375
0 0.7125 0.15703125 0.034375 0.0359375
0 0.21328125 0.69765625 0.0296875 0.0421875
0 0.05703125 0.18515625 0.0515625 0.0484375
0 0.0109375 0.275 0.021875 0.03125
0 0.38203125 0.54140625 0.0421875 0.0359375
0 0.43984375 0.8203125 0.0296875 0.04375
0 0.13671875 0.7578125 0.0328125 0.040625
0 0.52578125 0.77578125 0.0328125 0.0484375
0 0.55703125 0.15 0.0296875 0.03125
0 0.16875 0.70546875 0.040625 0.0453125
0 0.68671875 0.90703125 0.0265625 0.0453125
0 0.075 0.28203125 0.05 0.0484375
0 0.6171875 0.51875 0.053125 0.059375
0 0.265625 0.53671875 0.025 0.0328125
0 0.53125 0.36328125 0.0375 0.0421875
0 0.596875 0.35859375 0.034375 0.0359375
0 0.25390625 0.70234375 0.0421875 0.0515625
0 0.5765625 0.46484375 0.025 0.0359375
0 0.4796875 0.19921875 0.028125 0.0453125
0 0.4625 0.57265625 0.034375 0.0453125
0 0.15546875 0.378125 0.0546875 0.04375
0 0.17421875 0.50234375 0.0359375 0.0359375
0 0.159375 0.56640625 0.04375 0.0796875
0 0.9 0.59765625 0.034375 0.0421875
0 0.234375 0.65703125 0.028125 0.0359375
0 0.71953125 0.2359375 0.0296875 0.05
0 0.6671875 0.52890625 0.021875 0.0390625
0 0.34921875 0.67734375 0.0515625 0.0453125
0 0.65390625 0.6375 0.0359375 0.059375
0 0.2859375 0.409375 0.034375 0.040625
0 0.409375 0.375 0.040625 0.0625
0 0.24921875 0.2703125 0.0296875 0.046875
0 0.12109375 0.08984375 0.0421875 0.0390625
0 0.921875 0.290625 0.034375 0.040625
0 0.0125 0.41953125 0.025 0.0515625
0 0.1734375 0.453125 0.034375 0.065625
0 0.246875 0.88671875 0.028125 0.0390625
0 0.08046875 0.678125 0.0390625 0.0375
0 0.43046875 0.0890625 0.0390625 0.053125
0 0.31796875 0.25390625 0.0296875 0.0359375
0 0.45625 0.36171875 0.03125 0.0328125
0 0.58359375 0.62109375 0.0328125 0.0515625
0 0.2359375 0.4765625 0.0375 0.034375
0 0.59375 0.25078125 0.034375 0.0515625
0 0.21484375 0.27890625 0.0296875 0.0359375
0 0.728125 0.08046875 0.04375 0.0421875
0 0.47265625 0.30078125 0.0265625 0.0390625
0 0.83828125 0.4 0.0234375 0.0375
0 0.18828125 0.1640625 0.0265625 0.03125
0 0.37734375 0.83984375 0.0234375 0.0359375
0 0.303125 0.70625 0.028125 0.034375
0 0.55703125 0.84296875 0.0671875 0.0609375
0 0.78359375 0.0171875 0.0328125 0.03125
0 0.9609375 0.18359375 0.03125 0.0359375
0 0.4125 0.5046875 0.053125 0.0625
0 0.39765625 0.740625 0.0265625 0.040625
0 0.959375 0.08984375 0.040625 0.0453125
0 0.6875 0.17734375 0.028125 0.0421875
0 0.58359375 0.31015625 0.0359375 0.0546875
0 0.86640625 0.23359375 0.0359375 0.0421875
0 0.55546875 0.11171875 0.0296875 0.0359375
0 0.64453125 0.434375 0.0453125 0.05
0 0.403125 0.7703125 0.021875 0.040625
0 0.8703125 0.384375 0.028125 0.040625
0 0.81953125 0.0421875 0.0390625 0.046875
0 0.44296875 0.87421875 0.0328125 0.0390625
0 0.2875 0.52578125 0.025 0.0296875
0 0.290625 0.271875 0.025 0.034375
0 0.8140625 0.08359375 0.0375 0.0421875
0 0.3984375 0.62890625 0.034375 0.0484375
0 0.1734375 0.84609375 0.03125 0.0453125
0 0.821875 0.3734375 0.03125 0.05
0 0.66953125 0.87578125 0.0234375 0.0328125
0 0.94765625 0.675 0.0296875 0.05625
0 0.4625 0.11640625 0.03125 0.0328125
0 0.18984375 0.671875 0.0234375 0.040625
0 0.528125 0.91640625 0.025 0.0640625
0 0.23671875 0.51328125 0.0203125 0.0296875
0 0.765625 0.71640625 0.028125 0.0328125
0 0.3859375 0.271875 0.03125 0.034375
0 0.65078125 0.17578125 0.0453125 0.0484375
0 0.12890625 0.63671875 0.0234375 0.0265625
0 0.6984375 0.56796875 0.028125 0.0390625
0 0.03929532284768209 0.6573054635761589 0.0265625 0.021875
0 0.1484375 0.2640625 0.0375 0.053125
0 0.734375 0.82734375 0.03125 0.0734375
0 0.66640625 0.1234375 0.0359375 0.040625
0 0.259375 0.1953125 0.03125 0.0375
0 0.9109375 0.22890625 0.028125 0.0328125
0 0.29921875 0.678125 0.0359375 0.03125
0 0.2328125 0.08828125 0.034375 0.0578125
0 0.15859375 0.64453125 0.0296875 0.0484375
0 0.53984375 0.2671875 0.0234375 0.0375
0 0.09375 0.37421875 0.025 0.0546875
0 0.61171875 0.4703125 0.0359375 0.05
0 0.16171875 0.1578125 0.0265625 0.034375
0 0.67421875 0.77890625 0.0234375 0.0421875
0 0.671875 0.8109375 0.028125 0.0375
0 0.41875 0.553125 0.025 0.040625
0 0.7 0.84140625 0.040625 0.0578125
0 0.3734375 0.203125 0.03125 0.034375
0 0.10546875 0.62734375 0.0234375 0.0296875
0 0.51875 0.10078125 0.028125 0.0328125
0 0.71640625 0.77421875 0.0296875 0.0484375
0 0.7859375 0.35078125 0.03125 0.0421875
0 0.55234375 0.4015625 0.0203125 0.028125
0 0.62421875 0.60703125 0.0265625 0.0453125
0 0.83359375 0.7359375 0.0265625 0.034375
0 0.81875 0.58125 0.0375 0.04375
0 0.34765625 0.4421875 0.0296875 0.04375
0 0.5890625 0.2015625 0.01875 0.034375
0 0.02730235927152318 0.09195985099337749 0.04835471854304636 0.05045529801324503
0 0.04611444536423841 0.8968543046357615 0.0234375 0.03125
0 0.3578125 0.60078125 0.021875 0.0328125
0 0.49296875 0.8984375 0.0296875 0.046875
0 0.08515625 0.20859375 0.0296875 0.0296875
0 0.71484375 0.8875 0.0234375 0.040625
0 0.4046875 0.8703125 0.025 0.040625
0 0.84921875 0.65546875 0.0296875 0.0390625
0 0.64375 0.77578125 0.021875 0.0296875
0 0.4703125 0.078125 0.0375 0.04375
0 0.68359375 0.6125 0.0203125 0.03125
0 0.11171875 0.4078125 0.0265625 0.028125
0 0.13828125 0.40078125 0.0265625 0.0359375
0 0.15078125 0.2171875 0.0390625 0.040625
0 0.0778714817880795 0.8470871274834438 0.0203125 0.0296875
0 0.2265625 0.23359375 0.025 0.0421875
0 0.05390625 0.53203125 0.0265625 0.0328125
0 0.9203125 0.4453125 0.04375 0.06875
