0 0.11171875 0.1796875 0.0359375 0.05
0 0.83671875 0.4765625 0.0421875 0.053125
0 0.47578125 0.3265625 0.0390625 0.05
0 0.47734375 0.6671875 0.0390625 0.046875
0 0.96015625 0.396875 0.0328125 0.046875
0 0.9203125 0.54140625 0.046875 0.0609375
0 0.39609375 0.15 0.0484375 0.04375
0 0.7046875 0.30703125 0.0375 0.0578125
0 0.171875 0.12109375 0.059375 0.0609375
0 0.33828125 0.15625 0.0390625 0.053125
0 0.296875 0.37421875 0.05625 0.0578125
0 0.45 0.11875 0.046875 0.05
0 0.56328125 0.3203125 0.0265625 0.046875
0 0.30703125 0.53046875 0.0421875 0.0484375
0 0.56328125 0.55078125 0.0390625 0.0421875
0 0.84921875 0.67265625 0.0359375 0.0515625
0 0.43828125 0.3890625 0.0421875 0.065625
0 0.12109375 0.1359375 0.0453125 0.0375
0 0.22890625 0.30859375 0.0359375 0.0359375
0 0.1953125 0.39140625 0.040625 0.0484375
0 0.35234375 0.53125 0.0328125 0.046875
0 0.88515625 0.4859375 0.0421875 0.0625
0 0.403125 0.52265625 0.034375 0.0515625
0 0.90859375 0.1640625 0.0390625 0.0375
0 0.1515625 0.30390625 0.040625 0.0515625
0 0.61640625 0.565625 0.0453125 0.075
0 0.46015625 0.28671875 0.0390625 0.0359375
0 0.384375 0.3515625 0.0375 0.0375
0 0.8140625 0.6328125 0.03125 0.05
0 0.10625 0.41015625 0.04375 0.0546875
0 0.7453125 0.02578125 0.053125 0.0484375
0 0.62265625 0.74609375 0.0390625 0.0546875
0 0.05859375 0.45703125 0.0703125 0.0734375
0 0.2125 0.3484375 0.03125 0.04375
0 0.58671875 0.07421875 0.0296875 0.0421875
0 0.03046875 0.38359375 0.0609375 0.0828125
0 0.4359375 0.5234375 0.03125 0.04375
0 0.8515625 0.72890625 0.040625 0.0578125
0 0.4171875 0.33359375 0.04375 0.0453125
0 0.3375 0.3546875 0.040625 0.053125
0 0.64296875 0.51796875 0.0359375 0.0546875
0 0.62578125 0.34296875 0.0828125 0.0921875
0 0.1265625 0.47578125 0.0375 0.0546875
0 0.38046875 0.390625 0.0421875 0.046875
0 0.77109375 0.55078125 0.0390625 0.0484375
0 0.13203125 0.5796875 0.0328125 0.040625
0 0.890625 0.29609375 0.05 0.0515625
0 0.346875 0.08984375 0.053125 0.0453125
0 0.34296875 0.40703125 0.0359375 0.0359375
0 0.43828125 0.64765625 0.0328125 0.0546875
0 0.25625 0.7234375 0.05 0.05
0 0.09140625 0.50234375 0.0453125 0.0546875
0 0.95703125 0.215625 0.0359375 0.053125
0 0.10078125 0.29609375 0.0390625 0.0484375
0 0.509375 0.66640625 0.03125 0.0421875
0 0.75234375 0.4796875 0.0390625 0.075
0 0.79765625 0.13671875 0.0578125 0.0640625
0 0.58203125 0.68359375 0.0328125 0.0703125
0 0.7421875 0.2859375 0.04375 0.059375
0 0.8671875 0.18046875 0.034375 0.0484375
0 0.7046875 0.14609375 0.053125 0.0515625
0 0.18671875 0.57890625 0.0765625 0.0859375
0 0.56484375 0.48203125 0.0671875 0.0703125
0 0.48515625 0.38828125 0.0328125 0.0609375
0 0.01875 0.18984375 0.0375 0.0796875
0 0.26328125 0.678125 0.0296875 0.0375
0 0.3046875 0.26796875 0.0375 0.0515625
0 0.88984375 0.678125 0.0390625 0.053125
0 0.51640625 0.5375 0.0453125 0.065625
0 0.2546875 0.3890625 0.0375 0.053125
0 0.35546875 0.27109375 0.0453125 0.0453125
0 0.25390625 0.54296875 0.0421875 0.0484375
0 0.06484375 0.628125 0.0359375 0.04375
0 0.51640625 0.2671875 0.0296875 0.046875
0 0.88984375 0.103125 0.0390625 0.053125
0 0.3546875 0.31171875 0.034375 0.0359375
0 0.43125 0.1875 0.034375 0.040625
0 0.54296875 0.1734375 0.0328125 0.040625
0 0.74765625 0.36015625 0.0359375 0.0453125
0 0.7100838162251655 0.22488100165562913 0.04858236754966896 0.08726200331125829
0 0.8007398592715231 0.38544081125827817 0.06397971854304636 0.08692052980132452
0 0.968475786423841 0.4453331953642383 0.0296875 0.04687499999999991
0 0.33125 0.57109375 0.034375 0.0390625
0 0.3234375 0.475 0.0375 0.04375
0 0.91953125 0.3890625 0.0359375 0.046875
0 0.25 0.20078125 0.04375 0.0453125
0 0.40703125 0.72265625 0.0328125 0.0515625
0 0.075 0.34453125 0.0375 0.0484375
0 0.79453125 0.32890625 0.0328125 0.0390625
0 0.26015625 0.49921875 0.0296875 0.0421875
0 0.428125 0.44921875 0.040625 0.0578125
0 0.81953125 0.28828125 0.0359375 0.0515625
0 0.353125 0.69453125 0.034375 0.0515625
0 0.38359375 0.2171875 0.0296875 0.040625
0 0.61953125 0.63984375 0.0328125 0.0515625
0 0.69140625 0.02421875 0.0359375 0.0484375
0 0.0515625 0.23828125 0.0625 0.0734375
0 0.01875 0.2859375 0.034375 0.040625
0 0.71328125 0.36328125 0.0265625 0.0390625
0 0.8640625 0.42734375 0.0375 0.0453125
0 0.8140625 0.0796875 0.0375 0.04375
0 0.63125 0.1375 0.028125 0.040625
0 0.21484375 0.13515625 0.0296875 0.0359375
0 0.73515625 0.60234375 0.0296875 0.0515625
0 0.8625 0.13828125 0.028125 0.0390625
0 0.26875 0.2515625 0.034375 0.05625
0 0.621875 0.459375 0.03125 0.059375
0 0.94375 0.50546875 0.040625 0.0671875
0 0.628125 0.18125 0.03125 0.034375
0 0.34765625 0.20859375 0.0359375 0.0515625
0 0.60546875 0.2546875 0.0296875 0.034375
0 0.2953125 0.20078125 0.0375 0.0484375
0 0.50859375 0.22421875 0.0328125 0.0390625
0 0.02578125 0.53125 0.0390625 0.04375
0 0.67109375 0.715625 0.0328125 0.046875
0 0.21875 0.259375 0.034375 0.05
0 0.471875 0.5375 0.0375 0.1
0 0.07265625 0.11875 0.0453125 0.046875
0 0.75078125 0.23203125 0.0359375 0.0390625
0 0.83046875 0.4328125 0.0265625 0.034375
0 0.90859375 0.221875 0.0359375 0.0625
0 0.04140625 0.66796875 0.0359375 0.0421875
0 0.190625 0.19296875 0.0375 0.0734375
0 0.17890625 0.25390625 0.0359375 0.0359375
0 0.59375 0.1828125 0.034375 0.0375
0 0.3203125 0.65859375 0.028125 0.0703125
0 0.67734375 0.640625 0.0296875 0.0625
0 0.15078125 0.50625 0.0328125 0.040625
0 0.30625 0.58046875 0.025 0.0390625
0 0.5703125 0.1296875 0.03125 0.053125
0 0.11796875 0.63671875 0.0359375 0.0734375
0 0.09765625 0.56015625 0.0390625 0.0390625
0 0.75 0.4109375 0.03125 0.05
0 0.78671875 0.228125 0.0421875 0.04375
0 0.43515625 0.5625 0.0296875 0.0375
0 0.51171875 0.3359375 0.0328125 0.04375
0 0.1171875 0.53046875 0.03125 0.0421875
0 0.36484375 0.50234375 0.0265625 0.0296875
0 0.2921875 0.42734375 0.05 0.0359375
0 0.2953125 0.6234375 0.028125 0.040625
0 0.553125 0.70078125 0.028125 0.0421875
0 0.26875 0.14140625 0.05625 0.0703125
0 0.059375 0.0781043046357616 0.034375 0.046875
0 0.7109375 0.6953125 0.03125 0.053125
0 0.73828125 0.6640625 0.0390625 0.05625
0 0.67265625 0.471875 0.0328125 0.05
0 0.7921875 0.59140625 0.0375 0.0515625
0 0.346875 0.45546875 0.0375 0.0578125
0 0.36875 0.57265625 0.025 0.0390625
0 0.46171875 0.07265625 0.0328125 0.0390625
0 0.175 0.35234375 0.0375 0.0328125
0 0.76171875 0.59921875 0.0265625 0.0421875
0 0.7765625 0.65 0.0375 0.046875
0 0.371875 0.43203125 0.034375 0.0421875
0 0.8828125 0.6234375 0.034375 0.05
0 0.525 0.44453125 0.034375 0.0421875
0 0.71015625 0.47265625 0.0328125 0.0421875
0 0.68046875 0.17890625 0.0296875 0.0359375
0 0.40703125 0.28671875 0.0328125 0.0390625
0 0.3 0.3015625 0.028125 0.028125
0 0.23671875 0.4765625 0.0296875 0.0375
0 0.07109375 0.178125 0.0390625 0.046875
0 0.08515625 0.3875 0.0359375 0.040625
0 0.15078125 0.23984375 0.0328125 0.0359375
0 0.515625 0.396875 0.03125 0.046875
0 0.84140625 0.61328125 0.0265625 0.0484375
0 0.02654180463576159 0.12841990894039737 0.025 0.0359375
0 0.49140625 0.2875 0.0234375 0.034375
0 0.2671875 0.303125 0.040625 0.028125
0 0.3890625 0.2546875 0.028125 0.0375
0 0.22265625 0.0796875 0.0421875 0.046875
0 0.4375 0.23828125 0.04375 0.0546875
0 0.71171875 0.5421875 0.0296875 0.046875
0 0.84453125 0.22734375 0.0296875 0.0390625
0 0.64921875 0.63203125 0.0234375 0.0453125
0 0.5734375 0.3609375 0.021875 0.03125
0 0.34296875 0.6125 0.0265625 0.04375
0 0.4697847682119205 0.44246171357615893 0.028125 0.0359375
0 0.6046875 0.13984375 0.01875 0.0390625
0 0.95703125 0.2625 0.0359375 0.03125
0 0.54296875 0.30078125 0.0296875 0.0390625
0 0.85703125 0.28046875 0.0265625 0.0390625
0 0.10390625 0.22890625 0.0453125 0.0421875
0 0.528125 0.13125 0.03125 0.040625
0 0.52578125 0.0578125 0.0234375 0.034375
0 0.60390625 0.40859375 0.0296875 0.0390625
0 0.1546875 0.38671875 0.034375 0.0609375
0 0.92578125 0.6640625 0.0234375 0.04375
0 0.43515625 0.728125 0.0265625 0.046875
0 0.4109375 0.65703125 0.028125 0.0421875
0 0.490625 0.621875 0.025 0.040625
0 0.4890625 0.0609375 0.021875 0.0375
0 0.82734375 0.17734375 0.0453125 0.0546875
0 0.14609375 0.1734375 0.0328125 0.05625
0 0.56796875 0.4046875 0.0390625 0.05
0 0.21171875 0.4375 0.0359375 0.040625
0 0.47109375 0.23046875 0.0390625 0.0734375
0 0.3296875 0.71640625 0.034375 0.0421875
0 0.3671875 0.6359375 0.021875 0.028125
0 0.18984375 0.309375 0.0296875 0.04375
0 0.5484375 0.25546875 0.028125 0.0390625
0 0.784375 0.45078125 0.028125 0.0359375
0 0.053125 0.30703125 0.025 0.0453125
0 0.9209902731788079 0.13196399006622517 0.0390625 0.0375
0 0.01513865894039732 0.05596543874172184 0.025 0.03593749999999999
0 0.5039114238410596 0.46934499172185423 0.028125 0.0359375
0 0.48528559602649 0.4827969784768212 0.028125 0.0359375
