0 0.7953125 0.546875 0.0375 0.04375
0 0.39375 0.17578125 0.04375 0.0546875
0 0.37578125 0.75546875 0.0828125 0.0734375
0 0.62890625 0.64765625 0.0359375 0.0484375
0 0.44375 0.246875 0.040625 0.05
0 0.2046875 0.74296875 0.065625 0.0703125
0 0.06171875 0.7546875 0.0296875 0.04375
0 0.753125 0.396875 0.05 0.059375
0 0.1046875 0.2625 0.046875 0.05625
0 0.04921875 0.70859375 0.0515625 0.0484375
0 0.3296875 0.08359375 0.04375 0.0765625
0 0.534375 0.1375 0.034375 0.040625
0 0.4109375 0.7 0.03125 0.05
0 0.47578125 0.7703125 0.0359375 0.046875
0 0.603125 0.2046875 0.034375 0.04375
0 0.5046875 0.40703125 0.03125 0.0453125
0 0.73125 0.33203125 0.059375 0.0828125
0 0.8671875 0.275 0.034375 0.05
0 0.1796875 0.16015625 0.034375 0.0421875
0 0.33203125 0.19921875 0.0359375 0.0359375
0 0.509375 0.1625 0.0375 0.034375
0 0.67890625 0.32890625 0.0359375 0.0515625
0 0.5359375 0.53359375 0.034375 0.0484375
0 0.6984375 0.38359375 0.0375 0.0421875
0 0.384375 0.4015625 0.034375 0.040625
0 0.9109375 0.25625 0.040625 0.046875
0 0.89609375 0.49921875 0.0359375 0.0515625
0 0.859375 0.17421875 0.028125 0.0515625
0 0.24453125 0.1328125 0.0546875 0.059375
0 0.23046875 0.46171875 0.0359375 0.0703125
0 0.48828125 0.0703125 0.0390625 0.04375
0 0.88125 0.38359375 0.059375 0.0640625
0 0.95703125 0.10546875 0.0765625 0.0828125
0 0.9296875 0.45546875 0.0375 0.0390625
0 0.103125 0.40703125 0.040625 0.0421875
0 0.36328125 0.85234375 0.0359375 0.0453125
0 0.89375 0.309375 0.046875 0.046875
0 0.68203125 0.44140625 0.0296875 0.0515625
0 0.3796875 0.690625 0.034375 0.04375
0 0.3109375 0.17109375 0.03125 0.0453125
0 0.84140625 0.22890625 0.0296875 0.0515625
0 0.30390625 0.3765625 0.0421875 0.04375
0 0.32421875 0.65234375 0.0640625 0.0609375
0 0.25390625 0.4171875 0.0328125 0.034375
0 0.56328125 0.20859375 0.0328125 0.0390625
0 0.15625 0.3515625 0.034375 0.053125
0 0.3890625 0.64453125 0.034375 0.0484375
0 0.5015625 0.30390625 0.034375 0.0421875
0 0.82109375 0.415625 0.0421875 0.065625
0 0.2171875 0.20546875 0.040625 0.0421875
0 0.77734375 0.65546875 0.0296875 0.0453125
0 0.66015625 0.109375 0.0578125 0.06875
0 0.38203125 0.059375 0.0328125 0.04375
0 0.0203125 0.08671875 0.040625 0.0390625
0 0.81015625 0.22578125 0.0390625 0.0484375
0 0.21328125 0.31484375 0.0359375 0.0453125
0 0.9671875 0.47734375 0.03125 0.0546875
0 0.4625 0.1703125 0.034375 0.05
0 0.7640625 0.4578125 0.034375 0.046875
0 0.72421875 0.440625 0.0390625 0.05625
0 0.22265625 0.62734375 0.0359375 0.0421875
0 0.54140625 0.45078125 0.0359375 0.0515625
0 0.365625 0.26640625 0.053125 0.0671875
0 0.4044034090909091 0.58359375 0.040056818181818166 0.0578125
0 0.559375 0.81328125 0.034375 0.0453125
0 0.096875 0.34609375 0.034375 0.0453125
0 0.09921875 0.7453125 0.0390625 0.05
0 0.509375 0.696875 0.028125 0.040625
0 0.1859375 0.39140625 0.040625 0.0515625
0 0.6015625 0.3609375 0.0375 0.040625
0 0.26328125 0.6359375 0.0328125 0.040625
0 0.959375 0.3890625 0.03125 0.034375
0 0.271875 0.28125 0.046875 0.040625
0 0.03203125 0.509375 0.0296875 0.034375
0 0.74140625 0.5875 0.0296875 0.0375
0 0.5265625 0.19296875 0.034375 0.0328125
0 0.65390625 0.48125 0.0328125 0.040625
0 0.32578125 0.51015625 0.0328125 0.0359375
0 0.2328125 0.82109375 0.040625 0.0578125
0 0.29296875 0.7875 0.0296875 0.034375
0 0.32421875 0.43359375 0.0328125 0.0484375
0 0.8234375 0.16953125 0.034375 0.0578125
0 0.51953125 0.08671875 0.0328125 0.0453125
0 0.91875 0.6765625 0.034375 0.046875
0 0.41875 0.21015625 0.028125 0.0359375
0 0.271875 0.353125 0.03125 0.05
0 0.14453125 0.40859375 0.0296875 0.0359375
0 0.35703125 0.425 0.0265625 0.028125
0 0.4078125 0.38515625 0.034375 0.0390625
0 0.7828125 0.71171875 0.028125 0.0484375
0 0.28359375 0.75078125 0.0359375 0.0390625
0 0.5890625 0.6 0.03125 0.0375
0 0.4765625 0.48515625 0.03125 0.0609375
0 0.60859375 0.29453125 0.0296875 0.0484375
0 0.01796875 0.125 0.0296875 0.0375
0 0.57109375 0.86171875 0.0296875 0.0546875
0 0.40546875 0.2484375 0.0328125 0.034375
0 0.87109375 0.225 0.0328125 0.04375
0 0.30078125 0.21953125 0.0390625 0.0421875
0 0.0734375 0.3734375 0.034375 0.05
0 0.20703125 0.4953125 0.0328125 0.046875
0 0.76875 0.11484375 0.046875 0.0734375
0 0.91171875 0.59765625 0.0296875 0.0390625
0 0.65703125 0.61484375 0.0296875 0.0453125
0 0.925 0.63125 0.028125 0.034375
0 0.6015625 0.65078125 0.021875 0.0390625
0 0.80546875 0.9046875 0.0390625 0.053125
0 0.459375 0.5875 0.028125 0.046875
0 0.18828125 0.64609375 0.0296875 0.0453125
0 0.84453125 0.32578125 0.0359375 0.0390625
0 0.52578125 0.36875 0.0359375 0.0625
0 0.06796875 0.1125 0.0328125 0.040625
0 0.0515625 0.23671875 0.0625 0.0359375
0 0.14609375 0.74140625 0.0453125 0.0484375
0 0.690625 0.6140625 0.025 0.040625
0 0.265625 0.60234375 0.028125 0.0328125
0 0.28515625 0.82578125 0.0359375 0.0421875
0 0.3234375 0.9375 0.034375 0.075
0 0.2484375 0.68203125 0.034375 0.0515625
0 0.61015625 0.253125 0.0296875 0.040625
0 0.54296875 0.25078125 0.0296875 0.0359375
0 0.84296875 0.7234375 0.0453125 0.046875
0 0.41796875 0.50546875 0.0328125 0.0453125
0 0.52109375 0.61328125 0.0296875 0.0359375
0 0.6953125 0.659375 0.028125 0.040625
0 0.91640625 0.21015625 0.0390625 0.0453125
0 0.94375 0.58984375 0.028125 0.0453125
0 0.31484375 0.57578125 0.0296875 0.0484375
0 0.621875 0.46015625 0.03125 0.0515625
0 0.72578125 0.4984375 0.0421875 0.04375
0 0.33046875 0.84140625 0.0296875 0.0484375
0 0.07734375 0.50234375 0.0359375 0.0421875
0 0.9890625 0.37421875 0.01875 0.0609375
0 0.82421875 0.5828125 0.0265625 0.0375
0 0.55390625 0.653125 0.0296875 0.040625
0 0.78125 0.503125 0.03125 0.040625
0 0.59453125 0.55234375 0.0328125 0.0421875
0 0.509375 0.26015625 0.03125 0.0515625
0 0.49765625 0.74765625 0.0328125 0.0453125
0 0.03359375 0.56328125 0.0296875 0.0328125
0 0.9125 0.784375 0.028125 0.046875
0 0.19921875 0.43125 0.0453125 0.04375
0 0.20546875 0.25703125 0.0265625 0.0546875
0 0.5546875 0.353125 0.028125 0.040625
0 0.53828125 0.3171875 0.0265625 0.034375
0 0.87109375 0.04140625 0.0453125 0.0515625
0 0.13984375 0.20390625 0.0328125 0.0359375
0 0.0140625 0.54140625 0.025 0.0484375
0 0.17421875 0.23359375 0.0328125 0.0421875
0 0.58203125 0.29140625 0.0234375 0.0421875
0 0.69609375 0.0609375 0.0265625 0.028125
0 0.6765625 0.56640625 0.03125 0.0515625
0 0.15 0.55 0.040625 0.04375
0 0.1171875 0.48671875 0.028125 0.0328125
0 0.575 0.40546875 0.0375 0.0453125
0 0.659375 0.18828125 0.075 0.0796875
0 0.8546875 0.44609375 0.034375 0.0421875
0 0.5734375 0.4765625 0.0375 0.05625
0 0.48125 0.2546875 0.025 0.0375
0 0.1828125 0.47109375 0.03125 0.0328125
0 0.5296875 0.784375 0.03125 0.034375
0 0.17578125 0.32734375 0.0296875 0.0296875
0 0.32890625 0.3328125 0.0453125 0.046875
0 0.3453125 0.16640625 0.03125 0.0359375
0 0.05078125 0.6609375 0.0359375 0.0375
0 0.74921875 0.265625 0.0265625 0.040625
0 0.4328125 0.7765625 0.025 0.034375
0 0.0640625 0.15859375 0.040625 0.0390625
0 0.25625 0.5359375 0.025 0.040625
0 0.81640625 0.359375 0.0296875 0.0375
0 0.2921875 0.32734375 0.025 0.0359375
0 0.73515625 0.16484375 0.0390625 0.0390625
0 0.39296875 0.33125 0.0359375 0.0625
0 0.83984375 0.11875 0.0328125 0.040625
0 0.28359375 0.47890625 0.0296875 0.0390625
0 0.009375 0.203125 0.01875 0.053125
0 0.45859375 0.64609375 0.0296875 0.0546875
0 0.621875 0.59375 0.021875 0.04375
0 0.31640625 0.5390625 0.0265625 0.03125
0 0.66953125 0.809375 0.0265625 0.046875
0 0.22109375 0.578125 0.0265625 0.040625
0 0.5390625 0.87109375 0.03125 0.0421875
0 0.7109375 0.2015625 0.028125 0.04375
0 0.4109375 0.440625 0.028125 0.0375
0 0.97265625 0.21875 0.0390625 0.146875
0 0.39453125 0.21875 0.0296875 0.025
0 0.88359375 0.15 0.0390625 0.075
0 0.85859375 0.5578125 0.0296875 0.053125
0 0.3015625 0.259375 0.034375 0.046875
0 0.60390625 0.1390625 0.0328125 0.034375
0 0.5703125 0.17421875 0.0375 0.0359375
0 0.575 0.6375 0.028125 0.05
0 0.45234375 0.85 0.0265625 0.046875
0 0.18984375 0.56328125 0.0296875 0.0578125
0 0.77265625 0.5921875 0.0265625 0.0375
0 0.2734375 0.440625 0.03125 0.0375
0 0.6484375 0.26796875 0.028125 0.0484375
0 0.0859375 0.18515625 0.021875 0.0359375
0 0.5 0.559375 0.028125 0.053125
0 0.1875 0.29921875 0.025 0.0328125
0 0.47265625 0.10546875 0.0359375 0.0359375
0 0.12890625 0.37734375 0.0296875 0.0359375
0 0.82109375 0.51171875 0.0359375 0.0421875
0 0.01015625 0.36875 0.0203125 0.040625
0 0.68203125 0.26875 0.0359375 0.046875
0 0.7546875 0.6890625 0.025 0.084375
0 0.00625 0.321875 0.0125 0.05
0 0.8953125 0.54375 0.0375 0.0375
0 0.0578125 0.54296875 0.03125 0.0390625
0 0.6609375 0.7171875 0.025 0.040625
0 0.20078125 0.68828125 0.0234375 0.0328125
0 0.06640625 0.31171875 0.0421875 0.0734375
0 0.4375 0.7234375 0.025 0.05
0 0.6796875 0.68984375 0.025 0.0359375
0 0.0109375 0.0125 0.021875 0.025
0 0.3359375 0.6015625 0.025 0.04375
0 0.03125 0.28984375 0.028125 0.0359375
0 0.25546875 0.75859375 0.0296875 0.0484375
0 0.44140625 0.2015625 0.0265625 0.034375
0 0.8921875 0.6484375 0.028125 0.04375
0 0.1203125 0.1515625 0.03125 0.046875
0 0.16796875 0.27578125 0.0296875 0.0359375
0 0.43203125 0.17578125 0.0234375 0.0265625
0 0.00703125 0.63828125 0.0140625 0.0390625
0 0.18671875 0.34765625 0.0328125 0.0359375
0 0.46484375 0.3046875 0.0359375 0.046875
0 0.93515625 0.4890625 0.0265625 0.03125
0 0.2875 0.53125 0.025 0.040625
0 0.2328125 0.2734375 0.028125 0.040625
0 0.58359375 0.240625 0.0265625 0.034375
0 0.39140625 0.46640625 0.0359375 0.0421875
0 0.1671875 0.6734375 0.021875 0.028125
0 0.11484375 0.565625 0.0359375 0.046875
0 0.340625 0.5375 0.01875 0.03125
0 0.61328125 0.10078125 0.0234375 0.0328125
0 0.0828125 0.68125 0.025 0.0375
0 0.4921875 0.67734375 0.028125 0.0328125
0 0.21875 0.39375 0.01875 0.034375
0 0.4734375 0.54453125 0.025 0.0390625
0 0.36328125 0.13359375 0.0296875 0.0328125
0 0.728125 0.0453125 0.028125 0.0375
0 0.85 0.78984375 0.05625 0.0765625
0 0.9890625 0.66328125 0.01875 0.0328125
0 0.26484375 0.7984375 0.0265625 0.03125
0 0.44453125 0.8125 0.0234375 0.03125
0 0.2 0.803125 0.025 0.034375
0 0.06328125 0.43984375 0.0390625 0.0765625
0 0.63203125 0.2328125 0.0265625 0.028125
0 0.16015625 0.446875 0.0359375 0.0375
0 0.5171875 0.215625 0.04375 0.025
0 0.253125 0.25078125 0.021875 0.0296875
0 0.590625 0.7984375 0.025 0.0375
0 0.4859375 0.34375 0.0375 0.03125
0 0.0046875 0.58125 0.009375 0.025
0 0.2046875 0.875 0.028125 0.05
0 0.146875 0.4765625 0.0375 0.05
0 0.4265625 0.3453125 0.025 0.046875
0 0.00546875 0.5109375 0.0109375 0.034375
0 0.053125 0.60625 0.03125 0.059375
0 0.49921875 0.1984375 0.0265625 0.034375
0 0.0125 0.47578125 0.025 0.0328125
0 0.36484375 0.49921875 0.0390625 0.0359375
0 0.6390625 0.7515625 0.028125 0.04375
0 0.8484375 0.63515625 0.021875 0.0328125
0 0.2296875 0.2390625 0.021875 0.028125
0 0.18515625 0.50390625 0.0203125 0.0234375
0 0.7875 0.4390625 0.025 0.040625
0 0.23828125 0.36640625 0.0328125 0.0671875
0 0.14921875 0.63203125 0.0234375 0.0453125
0 0.24375 0.57890625 0.015625 0.0328125
0 0.2578125 0.21640625 0.025 0.0328125
