0 0.4546875 0.53671875 0.071875 0.0703125
0 0.2546875 0.24375 0.0375 0.04375
0 0.10234375 0.5671875 0.0546875 0.06875
0 0.190625 0.6625 0.04375 0.059375
0 0.096875 0.240625 0.05 0.059375
0 0.43046875 0.3046875 0.0359375 0.04375
0 0.48671875 0.7375 0.0359375 0.05625
0 0.01328125 0.70234375 0.0265625 0.0484375
0 0.290625 0.37890625 0.078125 0.0859375
0 0.828125 0.18125 0.0375 0.05
0 0.6515625 0.59921875 0.034375 0.0421875
0 0.0328125 0.55390625 0.03125 0.0453125
0 0.115625 0.6421875 0.046875 0.06875
0 0.75234375 0.48125 0.0390625 0.0625
0 0.37734375 0.13828125 0.0609375 0.0859375
0 0.53671875 0.70390625 0.0390625 0.0453125
0 0.94140625 0.45 0.0453125 0.05625
0 0.2359375 0.53125 0.046875 0.096875
0 0.17421875 0.171875 0.0390625 0.05
0 0.8453125 0.38125 0.059375 0.0875
0 0.23984375 0.06640625 0.0453125 0.0421875
0 0.47367032284768207 0.6864238410596026 0.0484375 0.053125
0 0.378125 0.30546875 0.046875 0.0515625
0 0.1515625 0.609375 0.040625 0.053125
0 0.0265625 0.31875 0.04375 0.06875
0 0.89765625 0.196875 0.0390625 0.05
0 0.025 0.40234375 0.05 0.0765625
0 0.15078125 0.565625 0.0359375 0.034375
0 0.546875 0.5359375 0.08125 0.0875
0 0.37890625 0.4859375 0.0546875 0.078125
0 0.4703125 0.2828125 0.053125 0.071875
0 0.921875 0.746875 0.0375 0.053125
0 0.44140625 0.34921875 0.0390625 0.0515625
0 0.85859375 0.1296875 0.0328125 0.0375
0 0.475 0.21328125 0.040625 0.0640625
0 0.40546875 0.2671875 0.0390625 0.046875
0 0.2921875 0.46171875 0.046875 0.0765625
0 0.18984375 0.2625 0.0359375 0.059375
0 0.7640625 0.5578125 0.0375 0.05
0 0.2171875 0.35234375 0.0375 0.0453125
0 0.128125 0.1765625 0.040625 0.05625
0 0.2578125 0.11171875 0.046875 0.0515625
0 0.33828125 0.79609375 0.0421875 0.0515625
0 0.88515625 0.6234375 0.0609375 0.0625
0 0.4 0.61328125 0.09375 0.0765625
0 0.92265625 0.24609375 0.0390625 0.0484375
0 0.0984375 0.4703125 0.046875 0.04375
0 0.1671875 0.8546875 0.034375 0.05625
0 0.0140625 0.25703125 0.028125 0.0578125
0 0.21171875 0.81171875 0.0484375 0.0484375
0 0.41875 0.7765625 0.04375 0.103125
0 0.3390625 0.32734375 0.028125 0.0453125
0 0.36953125 0.6890625 0.0390625 0.0625
0 0.79765625 0.37421875 0.0328125 0.0546875
0 0.7109375 0.35546875 0.034375 0.0453125
0 0.65390625 0.47578125 0.0453125 0.0859375
0 0.0265625 0.6296875 0.05 0.065625
0 0.67578125 0.37421875 0.0421875 0.0609375
0 0.11796875 0.12578125 0.0296875 0.0328125
0 0.63671875 0.41875 0.0328125 0.0375
0 0.76640625 0.1671875 0.0359375 0.046875
0 0.115625 0.39921875 0.0375 0.0484375
0 0.8421875 0.7109375 0.046875 0.05625
0 0.38515625 0.55 0.0453125 0.040625
0 0.2140625 0.7203125 0.05 0.05625
0 0.06015625 0.178125 0.0390625 0.05
0 0.06875 0.72890625 0.05 0.0890625
0 0.4609375 0.1109375 0.034375 0.075
0 0.02265625 0.053125 0.0359375 0.04375
0 0.84453125 0.2484375 0.0390625 0.04375
0 0.790625 0.4875 0.034375 0.05625
0 0.821875 0.31328125 0.046875 0.0484375
0 0.2546875 0.284375 0.0375 0.040625
0 0.18515625 0.41796875 0.0390625 0.0578125
0 0.259375 0.15546875 0.028125 0.0390625
0 0.23046875 0.403125 0.0390625 0.059375
0 0.165625 0.228125 0.046875 0.0625
0 0.01171875 0.46875 0.0234375 0.04375
0 0.31875 0.7578125 0.040625 0.046875
0 0.421875 0.21015625 0.04375 0.0765625
0 0.5046875 0.58828125 0.03125 0.0453125
0 0.48515625 0.80390625 0.0734375 0.0703125
0 0.440625 0.4015625 0.040625 0.059375
0 0.10703125 0.0796875 0.0421875 0.046875
0 0.61953125 0.3015625 0.0296875 0.046875
0 0.596875 0.4921875 0.03125 0.065625
0 0.2203125 0.30390625 0.034375 0.0453125
0 0.15078125 0.6640625 0.0328125 0.0375
0 0.6645902317880793 0.11066328642384107 0.028125 0.0515625
0 0.72109375 0.5296875 0.0359375 0.053125
0 0.6578125 0.1875 0.03125 0.034375
0 0.72890625 0.12578125 0.0515625 0.0515625
0 0.7828125 0.08203125 0.05 0.0515625
0 0.12109375 0.78203125 0.0359375 0.0421875
0 0.2421875 0.465625 0.028125 0.0375
0 0.79609375 0.428125 0.0359375 0.046875
0 0.78671875 0.75703125 0.0609375 0.0984375
0 0.04296875 0.22109375 0.0515625 0.0484375
0 0.3203125 0.70546875 0.040625 0.0609375
0 0.5328125 0.33671875 0.0375 0.0359375
0 0.4015625 0.690625 0.028125 0.04375
0 0.1578125 0.09609375 0.034375 0.0484375
0 0.5046875 0.45859375 0.05625 0.0671875
0 0.06015625 0.475 0.0296875 0.040625
0 0.715625 0.28125 0.0375 0.04375
0 0.31953125 0.134375 0.0359375 0.0625
0 0.471875 0.62109375 0.034375 0.0578125
0 0.3671875 0.753125 0.034375 0.053125
0 0.79921875 0.58515625 0.0484375 0.0421875
0 0.41953125 0.1109375 0.0328125 0.046875
0 0.97109375 0.5984375 0.0453125 0.06875
0 0.1609375 0.490625 0.0625 0.084375
0 0.51171875 0.26015625 0.0390625 0.0515625
0 0.25625 0.32890625 0.034375 0.0390625
0 0.06439362582781456 0.8208609271523178 0.028125 0.040625
0 0.10078125 0.5125 0.0265625 0.034375
0 0.9 0.11875 0.0375 0.059375
0 0.2890625 0.15 0.028125 0.03125
0 0.1796875 0.575 0.028125 0.03125
0 0.90546875 0.3796875 0.0359375 0.059375
0 0.61875 0.17734375 0.025 0.0421875
0 0.7765625 0.33359375 0.034375 0.0421875
0 0.74765625 0.61484375 0.0328125 0.0734375
0 0.96953125 0.22109375 0.0421875 0.0515625
0 0.73984375 0.41640625 0.0265625 0.0515625
0 0.3359375 0.24140625 0.053125 0.0703125
0 0.86875 0.29140625 0.0375 0.0453125
0 0.20546875 0.85703125 0.0265625 0.0359375
0 0.7075382864238412 0.44590231788079465 0.0421875 0.09375000000000018
0 0.2625 0.70078125 0.040625 0.0953125
0 0.725 0.0796875 0.028125 0.0375
0 0.58828125 0.084375 0.0296875 0.046875
0 0.2234375 0.259375 0.025 0.034375
0 0.63828125 0.6875 0.0359375 0.05
0 0.98203125 0.34453125 0.0296875 0.0390625
0 0.8484375 0.0546875 0.040625 0.05
0 0.72421875 0.17578125 0.0390625 0.0515625
0 0.01484375 0.16953125 0.0265625 0.0484375
0 0.5859375 0.29375 0.025 0.04375
0 0.67578125 0.23828125 0.0390625 0.0484375
0 0.190625 0.528125 0.046875 0.05625
0 0.15703125 0.3015625 0.0328125 0.04375
0 0.57421875 0.34453125 0.0359375 0.0671875
0 0.21015625 0.771875 0.0265625 0.03125
0 0.8875 0.428125 0.03125 0.040625
0 0.86015625 0.48359375 0.0484375 0.0453125
0 0.0640625 0.27734375 0.04375 0.0609375
0 0.61796875 0.59296875 0.0296875 0.0515625
0 0.38515625 0.803125 0.0234375 0.04375
0 0.071875 0.64765625 0.03125 0.0640625
0 0.5359737168874172 0.1738307119205298 0.07819743377483448 0.19557119205298013
0 0.7112220612582781 0.6575641556291391 0.10880587748344368 0.23174668874172183
0 0.8046875 0.6671875 0.025 0.046875
0 0.4078125 0.4109375 0.025 0.04375
0 0.3015831953642384 0.8762468956953644 0.08754139072847682 0.15249379139072855
0 0.2359375 0.86171875 0.01875 0.0390625
0 0.60703125 0.4234375 0.0296875 0.046875
0 0.3125 0.603125 0.046875 0.059375
0 0.48984375 0.390625 0.0421875 0.053125
0 0.040625 0.6953125 0.028125 0.040625
0 0.1125 0.29375 0.0375 0.0375
0 0.0046875 0.659375 0.009375 0.03125
0 0.428125 0.703125 0.025 0.04375
0 0.5171875 0.61640625 0.03125 0.0328125
0 0.00859375 0.515625 0.0171875 0.04375
0 0.7890625 0.1859375 0.028125 0.053125
0 0.6 0.696875 0.034375 0.075
0 0.34375 0.37734375 0.025 0.0453125
0 0.54453125 0.37890625 0.0359375 0.0484375
0 0.615625 0.1203125 0.040625 0.059375
0 0.15078125 0.134375 0.0265625 0.028125
0 0.13046875 0.43515625 0.0453125 0.0390625
0 0.2140625 0.146875 0.034375 0.059375
0 0.35234375 0.43671875 0.0296875 0.0453125
0 0.65234375 0.3546875 0.0296875 0.046875
0 0.00546875 0.57578125 0.0109375 0.0484375
0 0.6140625 0.2578125 0.025 0.0375
0 0.2734375 0.64375 0.028125 0.03125
0 0.02339610927152318 0.7798789321192052 0.025 0.060937499999999645
0 0.91171875 0.48515625 0.0296875 0.0515625
0 0.09296875 0.1890625 0.0265625 0.03125
0 0.9390625 0.66484375 0.05 0.0453125
0 0.30078125 0.56171875 0.0328125 0.0390625
0 0.89140625 0.55625 0.0359375 0.040625
0 0.7573261589403973 0.2578952814569537 0.034375 0.071875
0 0.08125 0.14453125 0.040625 0.0453125
0 0.034375 0.46875 0.021875 0.0375
0 0.9625 0.159375 0.034375 0.053125
0 0.52734375 0.6515625 0.0265625 0.0375
0 0.64296875 0.76953125 0.0234375 0.0390625
0 0.26611134105960266 0.7802152317880797 0.0375 0.05312500000000062
0 0.29375 0.08046875 0.034375 0.0421875
0 0.13984375 0.72734375 0.0234375 0.0390625
0 0.74140625 0.33125 0.0265625 0.05
0 0.04193915562913908 0.7802773178807947 0.009375 0.040625
0 0.07578125 0.434375 0.0359375 0.040625
0 0.86484375 0.175 0.0234375 0.0375
0 0.11356581125827814 0.35817466887417215 0.10347682119205293 0.10420115894039741
0 0.5578125 0.44375 0.034375 0.0625
0 0.56015625 0.60625 0.0640625 0.05
0 0.1625 0.73828125 0.028125 0.0578125
0 0.4328125 0.57421875 0.034375 0.0421875
0 0.33759312913907286 0.04758899006622517 0.038286423841059666 0.09416390728476821
0 0.7013141556291391 0.19090438741721855 0.0620860927152318 0.12210264900662252
