0 0.2015625 0.36328125 0.078125 0.0734375
0 0.815625 0.62265625 0.04375 0.0546875
0 0.153125 0.17734375 0.046875 0.0546875
0 0.546875 0.1390625 0.059375 0.08125
0 0.203125 0.196875 0.05 0.059375
0 0.5625 0.4859375 0.05625 0.078125
0 0.246875 0.5390625 0.040625 0.053125
0 0.78671875 0.653125 0.0359375 0.04375
0 0.27265625 0.15390625 0.0453125 0.0453125
0 0.68984375 0.23203125 0.0609375 0.0703125
0 0.77265625 0.59921875 0.0359375 0.0484375
0 0.29375 0.48046875 0.040625 0.0421875
0 0.33952814569536427 0.7413855546357616 0.034375 0.0453125
0 0.18203125 0.1234375 0.0328125 0.04375
0 0.69765625 0.04296875 0.0734375 0.0828125
0 0.734375 0.55703125 0.065625 0.0546875
0 0.1953125 0.30625 0.0375 0.04375
0 0.55078125 0.42421875 0.0390625 0.0421875
0 0.50546875 0.67734375 0.0453125 0.0578125
0 0.60859375 0.60703125 0.0328125 0.0421875
0 0.8828125 0.2703125 0.03125 0.04375
0 0.5703125 0.38046875 0.034375 0.0515625
0 0.0296875 0.640625 0.034375 0.046875
0 0.353125 0.15859375 0.071875 0.0796875
0 0.33984375 0.53828125 0.0640625 0.0765625
0 0.23046875 0.13828125 0.0359375 0.0453125
0 0.3609375 0.4765625 0.034375 0.046875
0 0.734375 0.62265625 0.034375 0.0484375
0 0.06484375 0.634375 0.0296875 0.040625
0 0.140625 0.259375 0.078125 0.1
0 0.5546875 0.259375 0.04375 0.040625
0 0.90078125 0.30859375 0.0421875 0.0453125
0 0.2640625 0.453125 0.034375 0.040625
0 0.46484375 0.4265625 0.0421875 0.059375
0 0.059375 0.271875 0.046875 0.05625
0 0.575 0.33359375 0.03125 0.0390625
0 0.64375 0.4296875 0.046875 0.05625
0 0.82265625 0.6796875 0.0421875 0.04375
0 0.9234375 0.3921875 0.05625 0.09375
0 0.8421875 0.2609375 0.040625 0.05625
0 0.54296875 0.30234375 0.0546875 0.0421875
0 0.0421875 0.13984375 0.0375 0.0609375
0 0.6421875 0.371875 0.0625 0.04375
0 0.59609375 0.44375 0.0484375 0.0625
0 0.05859375 0.6796875 0.0359375 0.040625
0 0.08515625 0.43515625 0.0453125 0.0546875
0 0.4984375 0.47265625 0.040625 0.0453125
0 0.03046875 0.35234375 0.0359375 0.0421875
0 0.46484375 0.32734375 0.0390625 0.0546875
0 0.1796875 0.69765625 0.040625 0.0453125
0 0.04296875 0.5859375 0.0484375 0.05625
0 0.790625 0.2625 0.0375 0.040625
0 0.91953125 0.1265625 0.0921875 0.084375
0 0.6640625 0.15 0.040625 0.04375
0 0.303125 0.5828125 0.034375 0.04375
0 0.08671875 0.35703125 0.0578125 0.0515625
0 0.11015625 0.78046875 0.0359375 0.0421875
0 0.24453125 0.2015625 0.0359375 0.046875
0 0.70859375 0.4296875 0.0484375 0.059375
0 0.20234375 0.09375 0.0390625 0.046875
0 0.34296875 0.2359375 0.0421875 0.05625
0 0.7328125 0.25234375 0.03125 0.0421875
0 0.4015625 0.509375 0.059375 0.071875
0 0.534375 0.52734375 0.040625 0.0546875
0 0.12265625 0.021875 0.0390625 0.04375
0 0.57578125 0.59453125 0.0359375 0.0546875
0 0.8453125 0.32578125 0.04375 0.0515625
0 0.3921875 0.4484375 0.034375 0.04375
0 0.415625 0.22578125 0.046875 0.0640625
0 0.40703125 0.67421875 0.0421875 0.0484375
0 0.29375 0.66328125 0.03125 0.0515625
0 0.8875 0.4171875 0.0375 0.065625
0 0.0296875 0.41015625 0.04375 0.0484375
0 0.0125 0.60234375 0.025 0.0390625
0 0.63125 0.2609375 0.05 0.059375
0 0.60703125 0.18046875 0.0296875 0.0421875
0 0.69296875 0.4828125 0.0390625 0.040625
0 0.08984375 0.159375 0.0421875 0.04375
0 0.02265625 0.2546875 0.0453125 0.121875
0 0.82109375 0.41640625 0.0328125 0.0578125
0 0.08828125 0.5265625 0.0296875 0.0375
0 0.16484375 0.44140625 0.0328125 0.0421875
0 0.31875 0.62265625 0.028125 0.0390625
0 0.12734375 0.45859375 0.0328125 0.0515625
0 0.92421875 0.25546875 0.0578125 0.0703125
0 0.80703125 0.528125 0.0609375 0.053125
0 0.5796875 0.07734375 0.0375 0.0484375
0 0.72421875 0.13125 0.0484375 0.071875
0 0.1125 0.6140625 0.0375 0.034375
0 0.6640625 0.51796875 0.046875 0.0484375
0 0.60234375 0.53828125 0.0359375 0.0328125
0 0.03359375 0.4796875 0.0359375 0.040625
0 0.7515625 0.384375 0.0375 0.046875
0 0.390625 0.57734375 0.03125 0.0421875
0 0.4921875 0.13125 0.034375 0.046875
0 0.26328125 0.634375 0.0328125 0.04375
0 0.21875 0.42265625 0.05 0.0453125
0 0.66796875 0.32890625 0.0296875 0.0390625
0 0.5375 0.34453125 0.028125 0.0328125
0 0.3296875 0.07734375 0.034375 0.0390625
0 0.53125 0.3796875 0.03125 0.04375
0 0.6421875 0.5515625 0.034375 0.046875
0 0.5359375 0.07265625 0.03125 0.0390625
0 0.321875 0.6578125 0.028125 0.04375
0 0.14140625 0.67578125 0.0421875 0.0421875
0 0.509375 0.19765625 0.034375 0.0515625
0 0.3 0.25546875 0.046875 0.0609375
0 0.48359375 0.57265625 0.0265625 0.0484375
0 0.3046875 0.43984375 0.034375 0.0328125
0 0.234375 0.47578125 0.034375 0.0421875
0 0.7734375 0.215625 0.040625 0.04375
0 0.7875 0.403125 0.034375 0.053125
0 0.2140625 0.575 0.034375 0.040625
0 0.41796875 0.17421875 0.0484375 0.0453125
0 0.11875 0.53046875 0.028125 0.0359375
0 0.08046875 0.48515625 0.0421875 0.0421875
0 0.23359375 0.2796875 0.0328125 0.05625
0 0.63984375 0.63359375 0.0359375 0.0515625
0 0.42109375 0.134375 0.0265625 0.03125
0 0.4890625 0.08203125 0.03125 0.0421875
0 0.19765625 0.6109375 0.0359375 0.040625
0 0.19609375 0.54609375 0.0234375 0.0328125
0 0.53125 0.58515625 0.034375 0.0421875
0 0.45390625 0.15859375 0.0359375 0.0578125
0 0.38203125 0.25859375 0.0359375 0.0453125
0 0.2546875 0.66640625 0.028125 0.0328125
0 0.8375 0.496875 0.03125 0.053125
0 0.05390625 0.51484375 0.0265625 0.0359375
0 0.6203125 0.3296875 0.028125 0.034375
0 0.4265625 0.2953125 0.0375 0.04375
0 0.159375 0.75078125 0.046875 0.0484375
0 0.24140625 0.434375 0.0265625 0.034375
0 0.8671875 0.171875 0.046875 0.078125
0 0.08203125 0.0734375 0.0484375 0.04375
0 0.2765625 0.10546875 0.04375 0.0453125
0 0.61953125 0.0921875 0.0296875 0.040625
0 0.2171875 0.678125 0.028125 0.034375
0 0.07421875 0.590625 0.0296875 0.046875
0 0.18046875 0.659375 0.0328125 0.0375
0 0.48203125 0.24453125 0.0796875 0.0890625
0 0.2765625 0.328125 0.046875 0.059375
0 0.15234375 0.63046875 0.0421875 0.0421875
0 0.17109375 0.49140625 0.0265625 0.0578125
0 0.30625 0.18984375 0.03125 0.0359375
0 0.8 0.3359375 0.028125 0.046875
0 0.76015625 0.4671875 0.0328125 0.05
0 0.5109375 0.33046875 0.034375 0.0578125
0 0.15625 0.3171875 0.028125 0.03125
0 0.4265625 0.08515625 0.034375 0.0578125
0 0.60703125 0.50078125 0.0234375 0.0421875
0 0.03515625 0.07890625 0.0390625 0.0453125
0 0.0859375 0.3140625 0.034375 0.028125
0 0.41796875 0.4484375 0.0265625 0.046875
0 0.19296875 0.5078125 0.0265625 0.040625
0 0.79921875 0.15 0.0328125 0.040625
0 0.34453125 0.6171875 0.0265625 0.04375
0 0.0984375 0.2125 0.05625 0.034375
0 0.43203125 0.4125 0.0203125 0.03125
0 0.43203125 0.35 0.0296875 0.059375
0 0.81484375 0.090625 0.0609375 0.0625
0 0.1453125 0.5234375 0.025 0.034375
0 0.04453125 0.190625 0.0265625 0.03125
0 0.421875 0.60078125 0.034375 0.0359375
0 0.27421875 0.58125 0.0203125 0.046875
0 0.096875 0.678125 0.028125 0.046875
0 0.146875 0.10078125 0.03125 0.0515625
0 0.48046875 0.38828125 0.0234375 0.0296875
0 0.1859375 0.26875 0.034375 0.040625
0 0.56015625 0.6453125 0.0296875 0.034375
0 0.434375 0.70859375 0.028125 0.0390625
0 0.45625 0.1125 0.028125 0.028125
0 0.47109375 0.665625 0.0265625 0.040625
0 0.50703125 0.4140625 0.0296875 0.040625
0 0.1375 0.4140625 0.028125 0.04375
0 0.4609375 0.5703125 0.021875 0.04375
0 0.64296875 0.4828125 0.0328125 0.040625
0 0.63046875 0.1515625 0.0265625 0.046875
0 0.7234375 0.19140625 0.028125 0.0359375
0 0.13984375 0.565625 0.0265625 0.059375
0 0.23984375 0.590625 0.0296875 0.046875
0 0.51171875 0.5546875 0.0359375 0.04375
0 0.19765625 0.15234375 0.0234375 0.0265625
0 0.78515625 0.73828125 0.0296875 0.0453125
0 0.01796875 0.51484375 0.0328125 0.0296875
0 0.46953125 0.50859375 0.0328125 0.0578125
0 0.19375 0.4375 0.028125 0.025
0 0.5875 0.12890625 0.025 0.0421875
0 0.50390625 0.37265625 0.0203125 0.0265625
0 0.5140625 0.43984375 0.028125 0.0328125
0 0.5515625 0.21640625 0.025 0.0421875
