0 0.809375 0.23359375 0.040625 0.0546875
0 0.03046875 0.59921875 0.0359375 0.0515625
0 0.703125 0.2515625 0.0625 0.071875
0 0.18125 0.259375 0.078125 0.08125
0 0.25234375 0.60234375 0.0640625 0.0703125
0 0.2203125 0.66875 0.04375 0.05625
0 0.3546875 0.5296875 0.03125 0.04375
0 0.36328125 0.47109375 0.0390625 0.0546875
0 0.31328125 0.6296875 0.0703125 0.103125
0 0.084375 0.6328125 0.03125 0.046875
0 0.19375 0.40703125 0.09375 0.0703125
0 0.253125 0.19375 0.03125 0.04375
0 0.30390625 0.4234375 0.0546875 0.05625
0 0.77109375 0.2640625 0.0453125 0.065625
0 0.74765625 0.9046875 0.0390625 0.065625
0 0.02421875 0.6484375 0.0328125 0.046875
0 0.1515625 0.16953125 0.0375 0.0484375
0 0.26015625 0.69140625 0.0484375 0.0859375
0 0.9375 0.67265625 0.053125 0.0703125
0 0.01640625 0.2265625 0.0328125 0.053125
0 0.725 0.315625 0.05 0.0625
0 0.6546875 0.79453125 0.071875 0.0921875
0 0.4328125 0.16796875 0.03125 0.0421875
0 0.70078125 0.4953125 0.0484375 0.0625
0 0.50234375 0.73359375 0.0453125 0.0734375
0 0.73671875 0.18359375 0.0484375 0.0640625
0 0.0515625 0.29140625 0.05 0.0765625
0 0.37109375 0.5671875 0.0328125 0.040625
0 0.35703125 0.65546875 0.0359375 0.0515625
0 0.14453125 0.58046875 0.0390625 0.0453125
0 0.7296875 0.4234375 0.053125 0.05
0 0.41484375 0.478125 0.0390625 0.046875
0 0.959375 0.15234375 0.04375 0.0546875
0 0.75859375 0.64765625 0.0703125 0.0609375
0 0.39375 0.31953125 0.078125 0.0984375
0 0.74140625 0.0296875 0.0359375 0.05
0 0.3 0.25546875 0.046875 0.0546875
0 0.90078125 0.16796875 0.0609375 0.0796875
0 0.39609375 0.6703125 0.0328125 0.065625
0 0.5234375 0.3546875 0.040625 0.05
0 0.3796875 0.5171875 0.03125 0.04375
0 0.3484375 0.34921875 0.040625 0.0515625
0 0.1125 0.28671875 0.034375 0.0390625
0 0.08515625 0.6875 0.0453125 0.0625
0 0.4 0.14296875 0.034375 0.0421875
0 0.309375 0.31796875 0.0375 0.0609375
0 0.98046875 0.64921875 0.0328125 0.0578125
0 0.434375 0.1171875 0.04375 0.059375
0 0.8015625 0.12265625 0.059375 0.0578125
0 0.66328125 0.33125 0.0546875 0.071875
0 0.64296875 0.40625 0.0828125 0.084375
0 0.871875 0.09140625 0.071875 0.0546875
0 0.9671875 0.740625 0.059375 0.06875
0 0.90546875 0.028125 0.0421875 0.04375
0 0.134375 0.3875 0.028125 0.0375
0 0.01171875 0.04921875 0.0234375 0.0421875
0 0.2734375 0.48125 0.046875 0.059375
0 0.2734375 0.3546875 0.040625 0.04375
0 0.01328125 0.1765625 0.0265625 0.040625
0 0.43515625 0.25546875 0.0296875 0.0421875
0 0.3328125 0.2203125 0.034375 0.046875
0 0.5484375 0.80625 0.04375 0.065625
0 0.57578125 0.425 0.0328125 0.046875
0 0.428125 0.37578125 0.0375 0.0546875
0 0.26328125 0.30390625 0.0328125 0.0453125
0 0.29921875 0.1015625 0.0296875 0.0375
0 0.95078125 0.46171875 0.0328125 0.0453125
0 0.440625 0.6078125 0.025 0.040625
0 0.10625 0.15078125 0.028125 0.0421875
0 0.34296875 0.134375 0.0390625 0.046875
0 0.184375 0.6125 0.0375 0.04375
0 0.38046875 0.24375 0.0296875 0.04375
0 0.2 0.18984375 0.040625 0.0515625
0 0.64765625 0.5015625 0.0296875 0.04375
0 0.85078125 0.6140625 0.0359375 0.059375
0 0.1859375 0.5734375 0.028125 0.034375
0 0.48984375 0.5453125 0.0546875 0.065625
0 0.075 0.134375 0.040625 0.04375
0 0.9140625 0.40703125 0.04375 0.0546875
0 0.76328125 0.71328125 0.0359375 0.0671875
0 0.046875 0.3640625 0.034375 0.046875
0 0.4125 0.0625 0.046875 0.046875
0 0.7830660182119205 0.8828125 0.0296875 0.0625
0 0.05546875 0.64140625 0.0296875 0.0453125
0 0.85625 0.36328125 0.0375 0.0578125
0 0.91015625 0.45546875 0.0296875 0.0390625
0 0.14140625 0.228125 0.0359375 0.053125
0 0.16015625 0.4625 0.0359375 0.0625
0 0.58671875 0.8546875 0.0296875 0.059375
0 0.096875 0.3625 0.04375 0.059375
0 0.21875 0.3546875 0.03125 0.05
0 0.32421875 0.5046875 0.0390625 0.06875
0 0.24609375 0.38203125 0.0296875 0.0421875
0 0.23984375 0.53828125 0.0328125 0.0546875
0 0.8484375 0.2578125 0.04375 0.0625
0 0.21796875 0.57265625 0.0296875 0.0421875
0 0.90078125 0.26484375 0.0421875 0.0546875
0 0.82890625 0.403125 0.0296875 0.04375
0 0.23828125 0.33046875 0.0265625 0.0390625
0 0.79140625 0.403125 0.0359375 0.04375
0 0.8546875 0.67265625 0.059375 0.0578125
0 0.09609375 0.225 0.0328125 0.059375
0 0.06171875 0.59375 0.0234375 0.0375
0 0.821875 0.35078125 0.03125 0.0578125
0 0.24296875 0.1234375 0.0328125 0.05
0 0.30703125 0.37421875 0.0359375 0.0453125
0 0.7640625 0.49765625 0.021875 0.0390625
0 0.0171875 0.359375 0.03125 0.103125
0 0.21328125 0.4578125 0.0328125 0.0375
0 0.796875 0.8046875 0.040625 0.0625
0 0.8578125 0.78671875 0.04375 0.0640625
0 0.4546875 0.74140625 0.028125 0.0484375
0 0.65078125 0.46015625 0.0390625 0.0359375
0 0.215625 0.06015625 0.034375 0.0359375
0 0.29921875 0.56171875 0.0296875 0.0359375
0 0.09375 0.5765625 0.034375 0.053125
0 0.11875 0.4671875 0.040625 0.053125
0 0.00703125 0.46484375 0.0140625 0.0421875
0 0.8265418046357615 0.470038286423841 0.034375 0.0609375
0 0.17109375 0.6484375 0.0609375 0.04375
0 0.62421875 0.24453125 0.1359375 0.2171875
0 0.0359375 0.14140625 0.0375 0.0609375
0 0.29765625 0.15859375 0.0328125 0.0390625
0 0.19609375 0.53125 0.0390625 0.046875
0 0.03125 0.51875 0.053125 0.090625
0 0.2515625 0.2453125 0.040625 0.059375
0 0.9866773592715232 0.3135347682119205 0.0328125 0.034375
0 0.4390625 0.43984375 0.03125 0.0484375
0 0.9421875 0.07421875 0.04375 0.0546875
0 0.16875 0.3484375 0.028125 0.04375
0 0.11484375 0.62109375 0.0296875 0.0484375
0 0.2734375 0.546875 0.03125 0.034375
0 0.45234375 0.49140625 0.0265625 0.0421875
0 0.36875 0.17109375 0.0375 0.0390625
0 0.834375 0.20234375 0.025 0.0359375
0 0.72890625 0.603125 0.0296875 0.040625
0 0.00859375 0.57734375 0.0171875 0.0515625
0 0.4734375 0.6375 0.040625 0.065625
0 0.128125 0.42890625 0.03125 0.0328125
0 0.86171875 0.50078125 0.0296875 0.0453125
0 0.753125 0.8171875 0.03125 0.06875
0 0.45625 0.28984375 0.028125 0.0484375
0 0.834375 0.51171875 0.021875 0.0296875
0 0.309375 0.06171875 0.025 0.0296875
0 0.00546875 0.08828125 0.0109375 0.0296875
0 0.11328125 0.1890625 0.0265625 0.034375
0 0.70703125 0.1046875 0.0359375 0.059375
0 0.69453125 0.8765625 0.0234375 0.053125
0 0.34140625 0.56953125 0.0234375 0.0359375
0 0.2203125 0.3046875 0.040625 0.04375
0 0.94453125 0.2265625 0.0328125 0.059375
0 0.5203125 0.31484375 0.028125 0.0328125
0 0.61796875 0.50625 0.0265625 0.065625
0 0.6171875 0.58515625 0.034375 0.0796875
0 0.10625 0.4078125 0.025 0.03125
0 0.646875 0.87578125 0.025 0.0546875
0 0.58671875 0.46171875 0.0265625 0.0296875
0 0.76484375 0.5328125 0.0234375 0.0375
0 0.0625 0.45390625 0.03125 0.0640625
0 0.646875 0.6515625 0.03125 0.040625
0 0.36875 0.0625 0.028125 0.03125
0 0.40390625 0.4328125 0.0265625 0.034375
0 0.26875 0.15078125 0.025 0.0484375
0 0.77265625 0.45078125 0.0296875 0.0546875
0 0.1390625 0.33984375 0.025 0.0421875
0 0.81484375 0.17734375 0.0265625 0.0390625
0 0.771875 0.34140625 0.05 0.0546875
0 0.33046875 0.45546875 0.0203125 0.0265625
0 0.82265625 0.02421875 0.0328125 0.0453125
0 0.8203125 0.5484375 0.034375 0.04375
0 0.71640625 0.5609375 0.0203125 0.040625
0 0.70625 0.80546875 0.03125 0.0515625
0 0.0765625 0.071875 0.0375 0.046875
0 0.5817984271523178 0.6456850165562914 0.15418046357615892 0.30111754966887416
0 0.49332574503311266 0.12571399006622513 0.08692052980132461 0.24627483443708606
0 0.48453021523178813 0.3900972682119205 0.06932947019867557 0.15418046357615894
