0 0.56328125 0.6546875 0.0421875 0.059375
0 0.65546875 0.453125 0.0296875 0.040625
0 0.8125 0.2125 0.065625 0.059375
0 0.490625 0.68046875 0.0375 0.0484375
0 0.15 0.70546875 0.05 0.0578125
0 0.7328125 0.0828125 0.071875 0.0875
0 0.225 0.65859375 0.0375 0.0453125
0 0.8625 0.246875 0.05 0.059375
0 0.44765625 0.1734375 0.0546875 0.046875
0 0.78125 0.7859375 0.05 0.071875
0 0.38828125 0.2390625 0.0421875 0.071875
0 0.80234375 0.26640625 0.0515625 0.0515625
0 0.7765625 0.859375 0.040625 0.078125
0 0.2640625 0.77421875 0.059375 0.0671875
0 0.734375 0.82421875 0.05 0.0671875
0 0.77578125 0.53515625 0.0421875 0.0515625
0 0.04765625 0.65625 0.0359375 0.05
0 0.91796875 0.3828125 0.0484375 0.046875
0 0.88828125 0.4421875 0.0609375 0.09375
0 0.15859375 0.41484375 0.0390625 0.0609375
0 0.74921875 0.26484375 0.0421875 0.0734375
0 0.51171875 0.13203125 0.0359375 0.0421875
0 0.86875 0.696875 0.04375 0.05
0 0.34609375 0.28125 0.0453125 0.046875
0 0.65703125 0.684375 0.0296875 0.034375
0 0.565625 0.76875 0.05 0.071875
0 0.45 0.6109375 0.034375 0.040625
0 0.25625 0.4109375 0.03125 0.0375
0 0.2375 0.72265625 0.0375 0.0515625
0 0.0515625 0.31328125 0.04375 0.0609375
0 0.48984375 0.74375 0.0890625 0.065625
0 0.79296875 0.1484375 0.0546875 0.071875
0 0.65859375 0.06875 0.0453125 0.046875
0 0.34296875 0.60703125 0.0390625 0.0421875
0 0.821875 0.3328125 0.034375 0.040625
0 0.20703125 0.6140625 0.0359375 0.04375
0 0.24453125 0.3625 0.0484375 0.071875
0 0.45859375 0.46875 0.0453125 0.053125
0 0.33125 0.721875 0.046875 0.04375
0 0.57734375 0.30859375 0.0390625 0.0453125
0 0.5578125 0.47109375 0.03125 0.0453125
0 0.265625 0.675 0.0375 0.040625
0 0.93515625 0.3421875 0.0296875 0.040625
0 0.2734375 0.45234375 0.040625 0.0390625
0 0.5390625 0.6953125 0.040625 0.053125
0 0.478125 0.5953125 0.03125 0.046875
0 0.77890625 0.66796875 0.0515625 0.0765625
0 0.15546875 0.1171875 0.0796875 0.103125
0 0.69375 0.640625 0.040625 0.053125
0 0.2359375 0.8296875 0.0375 0.05
0 0.11875 0.66484375 0.034375 0.0359375
0 0.34453125 0.45234375 0.0359375 0.0578125
0 0.76796875 0.4296875 0.0328125 0.05625
0 0.28828125 0.35078125 0.0328125 0.0390625
0 0.85 0.371875 0.0375 0.046875
0 0.81640625 0.54921875 0.0359375 0.0453125
0 0.83203125 0.73125 0.0390625 0.046875
0 0.7375 0.50859375 0.0375 0.0484375
0 0.4109375 0.54453125 0.03125 0.0421875
0 0.43515625 0.35546875 0.0546875 0.0484375
0 0.371875 0.53671875 0.034375 0.0328125
0 0.30390625 0.67734375 0.0390625 0.0484375
0 0.32890625 0.146875 0.0578125 0.084375
0 0.17578125 0.76171875 0.0328125 0.0484375
0 0.46796875 0.88671875 0.0390625 0.0640625
0 0.640625 0.64140625 0.028125 0.0578125
0 0.1703125 0.50703125 0.040625 0.0359375
0 0.20859375 0.7734375 0.0359375 0.053125
0 0.80859375 0.4765625 0.0421875 0.05625
0 0.8703125 0.75 0.028125 0.0375
0 0.37890625 0.36953125 0.0328125 0.0546875
0 0.05078125 0.06875 0.0390625 0.04375
0 0.48125 0.221875 0.0375 0.059375
0 0.6705453228476822 0.1468956953642384 0.0359375 0.04687499999999998
0 0.61875 0.3234375 0.028125 0.046875
0 0.0609375 0.39765625 0.0375 0.0453125
0 0.2125 0.41171875 0.040625 0.0609375
0 0.5015625 0.1734375 0.0375 0.046875
0 0.7875 0.33359375 0.028125 0.0640625
0 0.39375 0.315625 0.0375 0.05
0 0.17265625 0.31796875 0.0359375 0.0546875
0 0.5890625 0.0640625 0.053125 0.046875
0 0.33515625 0.56484375 0.0265625 0.0359375
0 0.73828125 0.590625 0.0265625 0.046875
0 0.1828125 0.43828125 0.034375 0.0328125
0 0.028125 0.60546875 0.0375 0.0484375
0 0.47109375 0.128125 0.0390625 0.040625
0 0.078125 0.2109375 0.04375 0.0375
0 0.01953125 0.5296875 0.0359375 0.046875
0 0.19921875 0.7109375 0.0421875 0.053125
0 0.1609375 0.47265625 0.034375 0.0390625
0 0.384375 0.61640625 0.03125 0.0421875
0 0.315625 0.46015625 0.028125 0.0390625
0 0.1390625 0.62890625 0.034375 0.0390625
0 0.89375 0.64921875 0.03125 0.0453125
0 0.15234375 0.54296875 0.0359375 0.0515625
0 0.73515625 0.55078125 0.0265625 0.0359375
0 0.07578125 0.59375 0.0359375 0.053125
0 0.0953125 0.1625 0.0375 0.053125
0 0.703125 0.29609375 0.040625 0.0359375
0 0.3984375 0.66015625 0.028125 0.0421875
0 0.08671875 0.7640625 0.0296875 0.034375
0 0.937225786423841 0.68515625 0.0390625 0.06093749999999991
0 0.7328125 0.4421875 0.03125 0.0625
0 0.03515625 0.77578125 0.0359375 0.0515625
0 0.39765625 0.11328125 0.0953125 0.1203125
0 0.09453125 0.09296875 0.0546875 0.0828125
0 0.7390625 0.640625 0.03125 0.0375
0 0.34375 0.5234375 0.028125 0.040625
0 0.63359375 0.2734375 0.0296875 0.046875
0 0.0171875 0.44296875 0.034375 0.0359375
0 0.26015625 0.83125 0.0296875 0.040625
0 0.0296875 0.41015625 0.034375 0.0328125
0 0.30703125 0.82109375 0.0328125 0.0484375
0 0.1890625 0.3703125 0.03125 0.053125
0 0.6875 0.83359375 0.028125 0.0578125
0 0.69921875 0.33203125 0.0265625 0.0390625
0 0.8111910182119205 0.8400972682119205 0.0265625 0.034375
0 0.34140625 0.81953125 0.0359375 0.0703125
0 0.3859375 0.83046875 0.0375 0.0609375
0 0.29453125 0.62890625 0.0359375 0.0453125
0 0.96484375 0.58984375 0.0390625 0.0703125
0 0.028492342715231777 0.4828125 0.043015314569536445 0.04375
0 0.9625 0.396875 0.034375 0.05
0 0.3484375 0.325 0.03125 0.04375
0 0.74140625 0.1640625 0.0515625 0.06875
0 0.625 0.55390625 0.028125 0.0359375
0 0.909375 0.28515625 0.05 0.0859375
0 0.25546875 0.52734375 0.0328125 0.0484375
0 0.0109375 0.32890625 0.021875 0.0390625
0 0.6828125 0.55390625 0.03125 0.0546875
0 0.51640625 0.35859375 0.0359375 0.0796875
0 0.45 0.53359375 0.05 0.0453125
0 0.0125 0.26796875 0.025 0.0453125
0 0.00625 0.640625 0.0125 0.05
0 0.828125 0.428125 0.03125 0.0625
0 0.128125 0.36328125 0.028125 0.0515625
0 0.11875 0.440625 0.040625 0.071875
0 0.015625 0.365625 0.025 0.046875
0 0.79375 0.07109375 0.0375 0.0640625
0 0.221875 0.134375 0.040625 0.05625
0 0.2453125 0.18515625 0.034375 0.0359375
0 0.30546875 0.328125 0.0328125 0.0375
0 0.3015625 0.3828125 0.03125 0.040625
0 0.6546875 0.5171875 0.03125 0.0375
0 0.50390625 0.584375 0.0296875 0.0375
0 0.45625 0.5625 0.03125 0.034375
0 0.290625 0.234375 0.034375 0.05625
0 0.0828125 0.7046875 0.0375 0.046875
0 0.64609375 0.375 0.0296875 0.0375
0 0.54140625 0.315625 0.0265625 0.034375
0 0.03828125 0.7046875 0.0265625 0.040625
0 0.41875 0.7015625 0.03125 0.0375
0 0.440625 0.76328125 0.04375 0.0578125
0 0.88359375 0.15546875 0.0453125 0.0671875
0 0.30234375 0.55078125 0.0265625 0.0390625
0 0.7515625 0.3671875 0.03125 0.059375
0 0.55390625 0.5109375 0.0265625 0.034375
0 0.5 0.284375 0.04375 0.04375
0 0.6296875 0.68828125 0.025 0.0359375
0 0.71015625 0.7328125 0.0328125 0.053125
0 0.1984375 0.56015625 0.028125 0.0359375
0 0.734375 0.32890625 0.03125 0.0328125
0 0.0125 0.059375 0.025 0.059375
0 0.5984375 0.52890625 0.04375 0.0359375
0 0.44921875 0.65703125 0.0296875 0.0390625
0 0.2015625 0.525 0.03125 0.034375
0 0.88515625 0.01328125 0.0296875 0.0265625
0 0.66875 0.33203125 0.028125 0.0453125
0 0.59140625 0.47890625 0.0296875 0.0703125
0 0.1171875 0.6109375 0.028125 0.0375
0 0.1375 0.30625 0.028125 0.05
0 0.18671875 0.0125 0.0328125 0.025
0 0.0515625 0.3625 0.040625 0.034375
0 0.253125 0.48046875 0.034375 0.0328125
0 0.68125 0.38046875 0.028125 0.0390625
0 0.68515625 0.0140625 0.0390625 0.028125
0 0.09453125 0.26953125 0.0515625 0.0453125
0 0.4203125 0.41796875 0.025 0.0609375
0 0.54375 0.575 0.03125 0.046875
0 0.7015625 0.5125 0.028125 0.040625
0 0.35859375 0.7703125 0.0359375 0.04375
0 0.2703125 0.09296875 0.0375 0.0421875
0 0.275 0.71484375 0.025 0.0328125
0 0.32578125 0.3640625 0.0390625 0.040625
0 0.0059964817880794555 0.2205660182119205 0.0140625 0.0421875
0 0.71171875 0.59375 0.0296875 0.034375
0 0.64296875 0.48671875 0.0296875 0.0359375
0 0.97421875 0.5023437499999999 0.0265625 0.0421875
0 0.73515625 0.68828125 0.0296875 0.0453125
0 0.015625 0.6875 0.028125 0.05625
0 0.4859375 0.640625 0.025 0.03125
0 0.16015625 0.65234375 0.0390625 0.0453125
0 0.94375 0.63671875 0.025 0.0328125
0 0.26171875 0.12734375 0.0265625 0.0359375
0 0.7609375 0.3125 0.028125 0.034375
0 0.2140625 0.284375 0.025 0.04375
0 0.159375 0.1875 0.028125 0.03125
0 0.9760658112582782 0.5398230546357616 0.02591059602649004 0.0359375
0 0.33125 0.76796875 0.021875 0.0296875
0 0.653125 0.5921875 0.025 0.04375
0 0.203125 0.234375 0.05625 0.08125
0 0.59296875 0.58828125 0.0421875 0.0703125
0 0.20078125 0.4671875 0.0390625 0.0375
0 0.32109375 0.49921875 0.0296875 0.0453125
0 0.4375 0.81640625 0.028125 0.0421875
0 0.53828125 0.43671875 0.0328125 0.0359375
0 0.08046875 0.6484375 0.0265625 0.040625
0 0.3 0.7359375 0.03125 0.03125
0 0.840625 0.609375 0.028125 0.0625
0 0.1859375 0.66875 0.028125 0.0375
0 0.64375 0.32890625 0.021875 0.0421875
0 0.12265625 0.54140625 0.0265625 0.0453125
0 0.396875 0.7484375 0.03125 0.0375
0 0.01796875 0.14375 0.0328125 0.040625
0 0.55703125 0.4171875 0.0453125 0.05625
0 0.23984375 0.29765625 0.0203125 0.0390625
0 0.2953125 0.2765625 0.034375 0.034375
0 0.68203125 0.1890625 0.0296875 0.034375
0 0.12578125 0.49453125 0.0328125 0.0328125
0 0.3953125 0.503125 0.028125 0.034375
0 0.715625 0.1953125 0.028125 0.04375
0 0.50703125 0.43671875 0.0234375 0.0265625
0 0.05859375 0.51484375 0.0296875 0.0328125
0 0.58125 0.715625 0.025 0.04375
0 0.253125 0.2359375 0.034375 0.075
0 0.865625 0.5046875 0.034375 0.046875
0 0.05546875 0.56015625 0.0328125 0.0421875
0 0.7140625 0.24609375 0.025 0.0609375
0 0.1921875 0.14921875 0.025 0.0359375
0 0.1703125 0.5984375 0.03125 0.0375
0 0.48359375 0.3734375 0.0234375 0.04375
0 0.50859375 0.5140625 0.0296875 0.0375
0 0.265625 0.2921875 0.021875 0.034375
0 0.1890625 0.19296875 0.025 0.0421875
0 0.43828125 0.271875 0.0421875 0.040625
0 0.45390625 0.6875 0.0265625 0.028125
0 0.1265625 0.2 0.03125 0.04375
0 0.48671875 0.5484375 0.0265625 0.0375
0 0.67421875 0.4203125 0.0265625 0.034375
0 0.65078125 0.5453125 0.0296875 0.0375
0 0.49453125 0.46484375 0.0234375 0.0390625
0 0.286444536423841 0.8823054635761588 0.05 0.065625
0 0.31875 0.2140625 0.0375 0.05625
0 0.9328125 0.58359375 0.025 0.0515625
0 0.696875 0.40546875 0.028125 0.0421875
0 0.7953125 0.428125 0.021875 0.034375
0 0.30859375 0.07265625 0.0359375 0.0453125
0 0.84765625 0.06015625 0.0328125 0.0359375
0 0.04921875 0.44921875 0.0265625 0.0328125
0 0.59453125 0.82890625 0.0234375 0.0359375
0 0.51171875 0.084375 0.0328125 0.040625
0 0.52734375 0.49296875 0.0265625 0.0390625
