0 0.825 0.23828125 0.046875 0.0546875
0 0.628125 0.5 0.0375 0.05
0 0.5 0.31640625 0.046875 0.0453125
0 0.1453125 0.73125 0.040625 0.04375
0 0.684375 0.57421875 0.034375 0.0453125
0 0.1140625 0.7765625 0.040625 0.05625
0 0.10390625 0.58671875 0.0671875 0.0796875
0 0.1 0.50703125 0.0375 0.0734375
0 0.746875 0.07890625 0.05625 0.0578125
0 0.7375 0.3859375 0.034375 0.046875
0 0.465625 0.28046875 0.0625 0.0734375
0 0.8109375 0.09765625 0.05625 0.0671875
0 0.346875 0.25390625 0.046875 0.0671875
0 0.221875 0.66875 0.0375 0.04375
0 0.25546875 0.38125 0.0671875 0.0625
0 0.54765625 0.63203125 0.0484375 0.0671875
0 0.3765625 0.71953125 0.034375 0.0453125
0 0.15078125 0.47421875 0.0359375 0.0453125
0 0.89765625 0.61484375 0.0421875 0.0671875
0 0.3359375 0.3515625 0.034375 0.05
0 0.5328125 0.146875 0.034375 0.053125
0 0.5578125 0.25234375 0.034375 0.0453125
0 0.2140625 0.1734375 0.05 0.05625
0 0.36015625 0.05390625 0.0390625 0.0390625
0 0.43359375 0.17734375 0.0390625 0.0421875
0 0.25078125 0.7828125 0.0390625 0.040625
0 0.70078125 0.8328125 0.0546875 0.06875
0 0.0109375 0.31640625 0.021875 0.0453125
0 0.875 0.74140625 0.04375 0.0671875
0 0.55703125 0.81015625 0.0328125 0.0546875
0 0.2109375 0.79375 0.0375 0.053125
0 0.58828125 0.5203125 0.0421875 0.046875
0 0.7125 0.63515625 0.04375 0.0796875
0 0.40859375 0.63203125 0.0390625 0.0453125
0 0.93671875 0.26953125 0.0359375 0.0515625
0 0.121875 0.18671875 0.065625 0.0796875
0 0.053125 0.3953125 0.040625 0.05625
0 0.83203125 0.4421875 0.0421875 0.046875
0 0.73671875 0.13046875 0.0296875 0.0421875
0 0.4046875 0.2328125 0.046875 0.05
0 0.1796875 0.58984375 0.040625 0.0421875
0 0.5875 0.76484375 0.034375 0.0578125
0 0.0109375 0.4765625 0.021875 0.046875
0 0.10703125 0.44765625 0.0328125 0.0421875
0 0.16875 0.28828125 0.040625 0.0515625
0 0.2453125 0.28359375 0.028125 0.0390625
0 0.2765625 0.32109375 0.03125 0.0359375
0 0.60546875 0.85546875 0.0359375 0.0609375
0 0.49453125 0.7796875 0.0296875 0.046875
0 0.6640625 0.28046875 0.0375 0.0421875
0 0.15390625 0.34765625 0.0453125 0.0578125
0 0.26796875 0.1546875 0.0359375 0.040625
0 0.7015625 0.45234375 0.034375 0.0359375
0 0.565625 0.103125 0.0375 0.046875
0 0.1171875 0.1109375 0.0375 0.06875
0 0.86328125 0.2609375 0.0390625 0.04375
0 0.3328125 0.1984375 0.03125 0.04375
0 0.21484375 0.48515625 0.0328125 0.0359375
0 0.53515625 0.3 0.0359375 0.053125
0 0.209375 0.2859375 0.03125 0.040625
0 0.7078125 0.703125 0.040625 0.0625
0 0.86328125 0.090625 0.0390625 0.06875
0 0.0625 0.21171875 0.040625 0.0671875
0 0.37109375 0.64921875 0.0515625 0.0546875
0 0.03828125 0.684375 0.0390625 0.053125
0 0.39921875 0.4796875 0.0359375 0.0375
0 0.5625 0.54765625 0.028125 0.0421875
0 0.303125 0.62578125 0.053125 0.0453125
0 0.28515625 0.4609375 0.0390625 0.05
0 0.0625 0.73984375 0.0375 0.0421875
0 0.31015625 0.675 0.0390625 0.046875
0 0.44140625 0.47890625 0.0296875 0.0390625
0 0.52890625 0.1984375 0.0359375 0.040625
0 0.2234375 0.24296875 0.040625 0.0453125
0 0.69140625 0.2046875 0.0484375 0.040625
0 0.68046875 0.725 0.0296875 0.040625
0 0.6125 0.42421875 0.040625 0.0390625
0 0.15 0.665625 0.046875 0.071875
0 0.80234375 0.646875 0.0328125 0.05
0 0.4109375 0.1203125 0.034375 0.04375
0 0.01484375 0.365625 0.0296875 0.05625
0 0.44453125 0.69453125 0.0359375 0.0484375
0 0.909375 0.20234375 0.028125 0.0421875
0 0.48203125 0.8359375 0.0328125 0.0625
0 0.05625 0.1078125 0.046875 0.0625
0 0.46640625 0.1875 0.0328125 0.034375
0 0.878125 0.18125 0.0375 0.046875
0 0.57265625 0.18125 0.0421875 0.04375
0 0.15546875 0.55859375 0.0359375 0.0453125
0 0.1953125 0.865625 0.03125 0.04375
0 0.90234375 0.2859375 0.0296875 0.034375
0 0.44140625 0.803125 0.0390625 0.046875
0 0.015625 0.59765625 0.03125 0.0390625
0 0.5270902317880795 0.6981425910596026 0.0375 0.04531250000000009
0 0.26171875 0.4984375 0.0390625 0.05
0 0.6 0.08203125 0.028125 0.0421875
0 0.084375 0.8 0.034375 0.040625
0 0.009375 0.8765625 0.01875 0.0375
0 0.78984375 0.20859375 0.0453125 0.0640625
0 0.08671875 0.85703125 0.0421875 0.0703125
0 0.25390625 0.2234375 0.0296875 0.04375
0 0.39375 0.06796875 0.028125 0.0390625
0 0.7515625 0.171875 0.028125 0.04375
0 0.72890625 0.78359375 0.0296875 0.0453125
0 0.4296875 0.265625 0.03125 0.040625
0 0.68046875 0.42421875 0.0328125 0.0421875
0 0.23046875 0.8609375 0.0328125 0.046875
0 0.415625 0.4484375 0.028125 0.034375
0 0.115625 0.70234375 0.03125 0.0484375
0 0.2203125 0.42265625 0.040625 0.0359375
0 0.02265625 0.18203125 0.0390625 0.0515625
0 0.23515625 0.52109375 0.0265625 0.0328125
0 0.5578125 0.8734375 0.03125 0.05
0 0.64765625 0.22578125 0.0359375 0.0578125
0 0.5890625 0.58359375 0.05 0.0578125
0 0.04140625 0.7765625 0.0328125 0.046875
0 0.740625 0.25703125 0.0375 0.0390625
0 0.184375 0.47109375 0.03125 0.0421875
0 0.35625 0.6875 0.028125 0.034375
0 0.4546875 0.63046875 0.028125 0.0359375
0 0.6171875 0.12421875 0.028125 0.0359375
0 0.4015625 0.15390625 0.03125 0.0328125
0 0.63515625 0.82734375 0.0265625 0.0421875
0 0.85859375 0.53359375 0.0390625 0.0484375
0 0.18203125 0.75703125 0.0359375 0.0453125
0 0.15859375 0.20859375 0.0296875 0.0359375
0 0.3328125 0.16328125 0.03125 0.0296875
0 0.3890625 0.42421875 0.034375 0.0484375
0 0.18203125 0.81328125 0.0265625 0.0390625
0 0.46171875 0.221875 0.0328125 0.0375
0 0.52734375 0.82578125 0.0265625 0.0390625
0 0.80859375 0.57890625 0.0390625 0.0640625
0 0.13984375 0.240625 0.0453125 0.053125
0 0.646875 0.40234375 0.03125 0.0421875
0 0.9140625 0.32578125 0.034375 0.0453125
0 0.4875 0.41328125 0.034375 0.0609375
0 0.47109375 0.5453125 0.0296875 0.04375
0 0.1609375 0.1171875 0.040625 0.0625
0 0.29609375 0.1234375 0.0359375 0.05625
0 0.39140625 0.53359375 0.0265625 0.0421875
0 0.7078125 0.303125 0.03125 0.046875
0 0.59453125 0.47578125 0.0265625 0.0421875
0 0.4296875 0.0609375 0.028125 0.025
0 0.6140625 0.3453125 0.0375 0.06875
0 0.53203125 0.41015625 0.0390625 0.0640625
0 0.09921875 0.3953125 0.0296875 0.05
0 0.89140625 0.425 0.0359375 0.04375
0 0.796875 0.371875 0.03125 0.0375
0 0.26796875 0.26953125 0.0265625 0.0453125
0 0.76875 0.53046875 0.028125 0.0390625
0 0.21640625 0.34921875 0.0640625 0.0828125
0 0.9203125 0.725 0.03125 0.05
0 0.3734375 0.290625 0.03125 0.034375
0 0.02578125 0.6359375 0.0359375 0.05
0 0.70234375 0.49609375 0.0359375 0.0515625
0 0.06015625 0.159375 0.0359375 0.034375
0 0.47578125 0.453125 0.0359375 0.05
0 0.42734375 0.35703125 0.0484375 0.0546875
0 0.4828125 0.671875 0.03125 0.04375
0 0.34296875 0.1234375 0.0265625 0.04375
0 0.953125 0.51953125 0.028125 0.0390625
0 0.0078125 0.22578125 0.015625 0.0515625
0 0.93671875 0.60390625 0.0390625 0.0609375
0 0.8421875 0.1578125 0.040625 0.040625
0 0.6609375 0.46875 0.03125 0.0375
0 0.07890625 0.7046875 0.0328125 0.05625
0 0.853125 0.6078125 0.034375 0.05
0 0.45546875 0.09765625 0.0359375 0.0484375
0 0.48671875 0.6125 0.0328125 0.046875
0 0.29609375 0.25546875 0.0328125 0.0484375
0 0.1546875 0.86875 0.0375 0.05
0 0.43125 0.76484375 0.028125 0.0515625
0 0.49765625 0.18984375 0.0265625 0.0328125
0 0.51015625 0.87421875 0.0265625 0.0484375
0 0.4078125 0.81953125 0.03125 0.0359375
0 0.73984375 0.5625 0.0421875 0.071875
0 0.271875 0.6796875 0.028125 0.0375
0 0.059375 0.5 0.034375 0.075
0 0.32578125 0.08359375 0.0328125 0.0421875
0 0.97421875 0.21171875 0.0328125 0.0515625
0 0.26171875 0.5703125 0.0265625 0.05
0 0.18203125 0.7125 0.0296875 0.046875
0 0.79921875 0.1546875 0.0265625 0.034375
0 0.09765625 0.29296875 0.0328125 0.0453125
0 0.4171875 0.68671875 0.025 0.0390625
0 0.5203125 0.1046875 0.034375 0.0375
0 0.690625 0.0171875 0.03125 0.034375
0 0.5640625 0.47734375 0.025 0.0484375
0 0.0625 0.4421875 0.040625 0.0375
0 0.01640625 0.1296875 0.0296875 0.0375
0 0.615625 0.15859375 0.028125 0.0421875
0 0.16853787251655633 0.05337851821192052 0.0265625 0.0390625
0 0.209375 0.51484375 0.025 0.0328125
0 0.92578125 0.15625 0.0328125 0.04375
0 0.1625 0.50546875 0.025 0.0359375
0 0.3015625 0.2875 0.028125 0.040625
0 0.85859375 0.48046875 0.0296875 0.0484375
0 0.03125 0.43828125 0.025 0.0359375
0 0.36171875 0.51171875 0.0328125 0.0734375
0 0.653125 0.34765625 0.03125 0.0515625
0 0.240625 0.45234375 0.025 0.0390625
0 0.98828125 0.40390625 0.0203125 0.0515625
0 0.5765625 0.69921875 0.040625 0.0453125
0 0.96328125 0.1578125 0.0328125 0.04375
0 0.6453125 0.146875 0.03125 0.040625
0 0.29765625 0.37421875 0.0359375 0.0703125
0 0.63671875 0.87578125 0.0234375 0.0421875
0 0.64609375 0.56484375 0.0328125 0.0484375
0 0.30859375 0.75390625 0.0390625 0.0765625
0 0.3234375 0.47734375 0.0375 0.0453125
0 0.62265625 0.253125 0.0296875 0.03125
0 0.25546875 0.82421875 0.0421875 0.0390625
0 0.53046875 0.35 0.0265625 0.0375
0 0.01953125 0.809375 0.0328125 0.05
0 0.29921875 0.196875 0.0296875 0.053125
0 0.96171875 0.5578125 0.0265625 0.0375
0 0.43828125 0.55234375 0.0234375 0.0359375
0 0.76328125 0.78515625 0.0203125 0.0359375
0 0.20625 0.553125 0.028125 0.0375
0 0.35234375 0.72421875 0.0234375 0.0328125
0 0.6375 0.284375 0.021875 0.028125
0 0.73828125 0.33671875 0.0328125 0.0484375
0 0.721875 0.17578125 0.03125 0.0421875
0 0.92734375 0.53125 0.0234375 0.0375
0 0.446875 0.52109375 0.025 0.0328125
0 0.13359375 0.38984375 0.0328125 0.0421875
0 0.5359375 0.475 0.03125 0.046875
0 0.22890625 0.5609375 0.0265625 0.0375
0 0.4640625 0.4859375 0.025 0.034375
0 0.51640625 0.234375 0.0359375 0.040625
0 0.4828125 0.70546875 0.03125 0.0328125
0 0.21875 0.61484375 0.040625 0.0453125
0 0.40703125 0.29609375 0.0328125 0.0484375
0 0.490625 0.096875 0.025 0.040625
0 0.465625 0.60078125 0.021875 0.0296875
0 0.3625 0.19921875 0.025 0.0421875
0 0.5109375 0.64296875 0.021875 0.0390625
0 0.2640625 0.1 0.0375 0.059375
0 0.04453125 0.28515625 0.0453125 0.0515625
0 0.33125 0.30546875 0.028125 0.0328125
0 0.6703125 0.51875 0.0375 0.0625
0 0.64609375 0.6796875 0.0296875 0.0875
0 0.859375 0.41953125 0.028125 0.0390625
0 0.23515625 0.7265625 0.0265625 0.03125
0 0.31171875 0.5796875 0.0328125 0.04375
0 0.88515625 0.365625 0.0484375 0.06875
0 0.9875 0.29375 0.021875 0.028125
0 0.76640625 0.375 0.0265625 0.0375
0 0.0421875 0.34765625 0.025 0.0328125
0 0.29921875 0.515625 0.0359375 0.05
0 0.0171875 0.5515625 0.025 0.046875
0 0.3546875 0.40078125 0.021875 0.0296875
0 0.021875 0.26875 0.034375 0.04375
0 0.83125 0.37890625 0.028125 0.0515625
0 0.89765625 0.4703125 0.0296875 0.0375
0 0.2484375 0.62890625 0.025 0.0328125
0 0.21171875 0.45078125 0.0296875 0.0359375
0 0.6734375 0.38125 0.025 0.034375
0 0.84296875 0.78125 0.0296875 0.03125
0 0.7140625 0.41640625 0.0375 0.0421875
0 0.0640625 0.634375 0.040625 0.0625
0 0.43828125 0.4140625 0.0265625 0.046875
0 0.390625 0.028125 0.021875 0.034375
0 0.815625 0.2828125 0.025 0.0375
0 0.1828125 0.53671875 0.025 0.0328125
0 0.634375 0.09921875 0.025 0.0328125
0 0.30546875 0.3234375 0.0234375 0.025
0 0.9515625 0.325 0.04375 0.04375
0 0.19375 0.0890625 0.028125 0.034375
0 0.68125 0.6578125 0.021875 0.06875
0 0.18203125 0.18828125 0.0296875 0.0515625
0 0.6625 0.61875 0.03125 0.046875
0 0.715625 0.2375 0.034375 0.0375
0 0.93125 0.2234375 0.03125 0.0375
0 0.7859375 0.271875 0.025 0.046875
0 0.76875 0.13125 0.025 0.0375
0 0.50390625 0.52109375 0.0453125 0.0484375
0 0.7609375 0.3140625 0.03125 0.0375
0 0.209375 0.225 0.025 0.0375
0 0.6 0.6484375 0.034375 0.034375
0 0.7609375 0.4125 0.025 0.034375
0 0.24140625 0.75234375 0.0328125 0.0265625
0 0.43671875 0.659375 0.0234375 0.028125
0 0.79140625 0.4203125 0.0265625 0.053125
0 0.60234375 0.39609375 0.0234375 0.0296875
0 0.6921875 0.7671875 0.03125 0.0375
0 0.13984375 0.05625 0.0265625 0.034375
0 0.69296875 0.075 0.0296875 0.05
0 0.69140625 0.35234375 0.0203125 0.0328125
0 0.94921875 0.446875 0.0296875 0.04375
0 0.6 0.2765625 0.03125 0.0375
0 0.2046875 0.71015625 0.025 0.0453125
