0 0.34921875 0.446875 0.0609375 0.0625
0 0.58046875 0.665625 0.0421875 0.05
0 0.56796875 0.26875 0.0640625 0.065625
0 0.696875 0.225 0.05625 0.05625
0 0.4 0.4953125 0.05 0.046875
0 0.44375 0.73125 0.040625 0.05
0 0.60703125 0.7109375 0.0359375 0.053125
0 0.78828125 0.75078125 0.0390625 0.0359375
0 0.44765625 0.63125 0.0484375 0.059375
0 0.68046875 0.58671875 0.0640625 0.0640625
0 0.48125 0.40703125 0.0375 0.0578125
0 0.4109375 0.45234375 0.0375 0.0453125
0 0.62421875 0.6609375 0.0328125 0.040625
0 0.68125 0.41171875 0.071875 0.0734375
0 0.828125 0.78359375 0.05 0.0609375
0 0.03515625 0.115625 0.0390625 0.05625
0 0.34375 0.51328125 0.05 0.0515625
0 0.52421875 0.6015625 0.0390625 0.0375
0 0.7703125 0.471875 0.084375 0.096875
0 0.05390625 0.91875 0.0765625 0.075
0 0.49921875 0.55625 0.0421875 0.05
0 0.03203125 0.22734375 0.0359375 0.0453125
0 0.146875 0.69453125 0.09375 0.0828125
0 0.103125 0.1828125 0.05 0.0375
0 0.49140625 0.6046875 0.0390625 0.046875
0 0.584375 0.41640625 0.04375 0.0515625
0 0.47890625 0.46328125 0.0359375 0.0453125
0 0.62421875 0.2421875 0.0390625 0.05625
0 0.78671875 0.2171875 0.0546875 0.084375
0 0.596875 0.3203125 0.034375 0.04375
0 0.015625 0.53359375 0.03125 0.0640625
0 0.53125 0.45703125 0.04375 0.0484375
0 0.9390625 0.11796875 0.071875 0.0609375
0 0.259375 0.38203125 0.0375 0.0390625
0 0.27109375 0.79765625 0.0484375 0.0453125
0 0.76015625 0.146875 0.0390625 0.046875
0 0.228125 0.18828125 0.0625 0.0734375
0 0.6328125 0.35078125 0.034375 0.0515625
0 0.23203125 0.50546875 0.0765625 0.0859375
0 0.09609375 0.465625 0.0453125 0.059375
0 0.53671875 0.33125 0.0328125 0.0375
0 0.38671875 0.7109375 0.0359375 0.0375
0 0.5 0.75234375 0.040625 0.0515625
0 0.234375 0.35546875 0.040625 0.0453125
0 0.5390625 0.75078125 0.03125 0.0515625
0 0.88671875 0.609375 0.0609375 0.0625
0 0.090625 0.853125 0.06875 0.0625
0 0.0265625 0.284375 0.053125 0.059375
0 0.16328125 0.1984375 0.0453125 0.04375
0 0.646875 0.11328125 0.046875 0.0703125
0 0.72109375 0.72890625 0.0328125 0.0484375
0 0.01953125 0.62734375 0.0390625 0.0359375
0 0.05703125 0.5296875 0.0390625 0.053125
0 0.0875 0.3890625 0.04375 0.06875
0 0.6921875 0.70390625 0.034375 0.0515625
0 0.3640625 0.67734375 0.03125 0.0421875
0 0.68125 0.07578125 0.040625 0.0515625
0 0.41171875 0.35703125 0.0359375 0.0421875
0 0.70390625 0.33203125 0.0421875 0.0484375
0 0.7546875 0.746875 0.028125 0.0375
0 0.44140625 0.5765625 0.0296875 0.040625
0 0.025 0.18828125 0.034375 0.0328125
0 0.434375 0.52890625 0.028125 0.0484375
0 0.22265625 0.82890625 0.0484375 0.0453125
0 0.72421875 0.4453125 0.0359375 0.05625
0 0.73515625 0.534375 0.0453125 0.059375
0 0.37578125 0.13671875 0.0421875 0.0609375
0 0.86875 0.13359375 0.04375 0.0484375
0 0.24921875 0.6515625 0.0359375 0.040625
0 0.0140625 0.46015625 0.028125 0.0421875
0 0.55703125 0.7140625 0.0421875 0.0625
0 0.57578125 0.1078125 0.0578125 0.08125
0 0.29765625 0.475 0.0453125 0.05
0 0.59609375 0.76171875 0.0390625 0.0453125
0 0.73671875 0.778125 0.0296875 0.040625
0 0.60859375 0.45390625 0.0328125 0.0578125
0 0.20234375 0.8671875 0.0328125 0.040625
0 0.3296875 0.8359375 0.046875 0.053125
0 0.31484375 0.6609375 0.0390625 0.075
0 0.2921875 0.34765625 0.03125 0.0390625
0 0.1671875 0.23984375 0.028125 0.0328125
0 0.52265625 0.67890625 0.0390625 0.0421875
0 0.2921875 0.534375 0.040625 0.059375
0 0.02265625 0.05625 0.0453125 0.05
0 0.79921875 0.14140625 0.0296875 0.0421875
0 0.9078125 0.30234375 0.028125 0.0328125
0 0.4640625 0.6765625 0.034375 0.04375
0 0.46328125 0.515625 0.0390625 0.0375
0 0.371875 0.32734375 0.04375 0.0421875
0 0.690625 0.64921875 0.05 0.0515625
0 0.39609375 0.675 0.0265625 0.0375
0 0.08671875 0.2265625 0.0453125 0.05
0 0.109375 0.34453125 0.03125 0.0484375
0 0.3875 0.409375 0.040625 0.04375
0 0.0328125 0.59296875 0.028125 0.0484375
0 0.4640625 0.87890625 0.028125 0.0453125
0 0.20078125 0.71328125 0.0359375 0.0546875
0 0.0421875 0.3921875 0.03125 0.0625
0 0.5390625 0.6359375 0.034375 0.034375
0 0.51484375 0.14765625 0.0390625 0.0453125
0 0.084375 0.5125 0.03125 0.034375
0 0.83046875 0.709375 0.0359375 0.059375
0 0.5328125 0.06640625 0.05 0.0359375
0 0.3078125 0.09921875 0.046875 0.0609375
0 0.909375 0.3328125 0.040625 0.040625
0 0.43359375 0.8625 0.0421875 0.065625
0 0.1828125 0.44375 0.025 0.053125
0 0.1703125 0.878125 0.034375 0.040625
0 0.57109375 0.47109375 0.0328125 0.0578125
0 0.41796875 0.1203125 0.0296875 0.05
0 0.21328125 0.6359375 0.0296875 0.046875
0 0.64921875 0.6171875 0.0390625 0.0625
0 0.5953125 0.36328125 0.025 0.0359375
0 0.4359375 0.409375 0.028125 0.04375
0 0.059375 0.71640625 0.053125 0.0890625
0 0.36015625 0.5859375 0.0296875 0.034375
0 0.7890625 0.06484375 0.025 0.0578125
0 0.82109375 0.1015625 0.0328125 0.040625
0 0.67265625 0.528125 0.0359375 0.05
0 0.60234375 0.2046875 0.0359375 0.04375
0 0.43984375 0.471875 0.0328125 0.05
0 0.4640625 0.36171875 0.034375 0.0390625
0 0.87265625 0.77421875 0.0328125 0.0484375
0 0.66171875 0.690625 0.0359375 0.046875
0 0.27890625 0.69453125 0.0390625 0.0484375
0 0.14289631622516558 0.5795633278145695 0.16420736754966886 0.16225165562913907
0 0.803125 0.28671875 0.046875 0.0453125
0 0.046875 0.803125 0.03125 0.04375
0 0.17421875 0.13515625 0.0484375 0.0453125
0 0.5203125 0.51953125 0.03125 0.0421875
0 0.1453125 0.15625 0.0375 0.03125
0 0.23515625 0.73359375 0.0359375 0.0390625
0 0.334375 0.615625 0.028125 0.0375
0 0.30234375 0.38671875 0.0296875 0.0359375
0 0.41875 0.31875 0.05 0.04375
0 0.74140625 0.0984375 0.0203125 0.034375
0 0.0484375 0.1625 0.034375 0.034375
0 0.728125 0.65078125 0.03125 0.0390625
0 0.709375 0.0515625 0.028125 0.034375
0 0.01875 0.6671875 0.0375 0.046875
0 0.275 0.90546875 0.028125 0.0359375
0 0.465625 0.3125 0.0375 0.046875
0 0.6640625 0.26796875 0.0375 0.0546875
0 0.5359375 0.5578125 0.025 0.0375
0 0.784375 0.36953125 0.0375 0.0734375
0 0.65078125 0.19921875 0.0296875 0.0421875
0 0.1484375 0.4359375 0.03125 0.040625
0 0.82734375 0.0421875 0.0359375 0.0375
0 0.55625 0.209375 0.034375 0.05
0 0.74375 0.24453125 0.03125 0.0390625
0 0.83125 0.459375 0.034375 0.05625
0 0.83984375 0.65859375 0.0265625 0.0421875
0 0.715625 0.08828125 0.025 0.0328125
0 0.51171875 0.30859375 0.0328125 0.0421875
0 0.57578125 0.603125 0.0359375 0.05
0 0.69296875 0.4875 0.0296875 0.04375
0 0.60859375 0.55390625 0.0296875 0.0484375
0 0.39921875 0.62734375 0.0359375 0.0359375
0 0.85 0.07734375 0.03125 0.0390625
0 0.5265625 0.40625 0.040625 0.05
0 0.48671875 0.3609375 0.0234375 0.03125
0 0.728125 0.59296875 0.03125 0.0515625
0 0.61875 0.39765625 0.028125 0.0515625
0 0.0890625 0.14296875 0.028125 0.0421875
0 0.0078125 0.08828125 0.015625 0.0328125
0 0.49296875 0.48984375 0.0390625 0.0328125
0 0.5125 0.35703125 0.025 0.0390625
0 0.259375 0.57578125 0.04375 0.0515625
0 0.78359375 0.10703125 0.0265625 0.0328125
0 0.9859375 0.4109375 0.025 0.05
0 0.42265625 0.69140625 0.0359375 0.0453125
0 0.18515625 0.94921875 0.0421875 0.0609375
0 0.3671875 0.62578125 0.028125 0.0453125
0 0.49609375 0.22421875 0.0296875 0.0390625
0 0.82734375 0.24921875 0.0328125 0.0328125
0 0.1375 0.2375 0.03125 0.053125
0 0.4625 0.76484375 0.0375 0.0546875
0 0.78359375 0.60859375 0.0734375 0.1328125
0 0.4420271109271523 0.18046875 0.0715542218543046 0.1046875
0 0.08203125 0.3375 0.0265625 0.03125
0 0.7140625 0.38515625 0.05 0.0546875
0 0.834375 0.35 0.03125 0.046875
0 0.38984375 0.103125 0.0234375 0.028125
0 0.25625 0.25703125 0.03125 0.0359375
0 0.0046875 0.23203125 0.009375 0.0484375
0 0.39140625 0.58671875 0.0234375 0.0328125
0 0.98515625 0.22890625 0.0234375 0.0421875
0 0.01328125 0.86640625 0.0265625 0.0453125
0 0.1859375 0.071875 0.034375 0.04375
0 0.62890625 0.31171875 0.0296875 0.0265625
0 0.88515625 0.28671875 0.0234375 0.0265625
0 0.5703125 0.3265625 0.025 0.0375
0 0.90078125 0.5359375 0.0546875 0.0875
0 0.6765625 0.76171875 0.03125 0.0390625
0 0.31741514900662254 0.23177773178807945 0.12210264900662252 0.16245860927152317
0 0.12265625 0.11953125 0.0390625 0.0421875
0 0.915625 0.26484375 0.034375 0.0390625
0 0.64921875 0.4640625 0.0359375 0.05625
0 0.615625 0.5984375 0.028125 0.0375
0 0.4171875 0.56640625 0.021875 0.0390625
0 0.14375 0.83671875 0.03125 0.0484375
0 0.384375 0.19765625 0.028125 0.0515625
0 0.96171875 0.0609375 0.0296875 0.05
0 0.571875 0.55625 0.021875 0.0375
0 0.35546875 0.39453125 0.0265625 0.0296875
0 0.1203125 0.93828125 0.04375 0.0765625
0 0.07734375 0.071875 0.0328125 0.040625
0 0.2859375 0.83828125 0.025 0.0390625
0 0.25234375 0.70390625 0.0234375 0.0296875
0 0.2234375 0.390625 0.025 0.028125
0 0.41328125 0.6546875 0.0234375 0.028125
0 0.503125 0.2609375 0.028125 0.028125
0 0.82265625 0.53203125 0.0265625 0.0328125
0 0.7109375 0.12265625 0.028125 0.0359375
0 0.23828125 0.93203125 0.0390625 0.0640625
0 0.4046875 0.07578125 0.028125 0.0296875
0 0.9296875 0.1828125 0.040625 0.0375
0 0.634375 0.54296875 0.025 0.0421875
