0 0.6890625 0.23046875 0.0375 0.0578125
0 0.2515625 0.5875 0.06875 0.078125
0 0.11953125 0.1546875 0.0546875 0.04375
0 0.38125 0.63046875 0.034375 0.0421875
0 0.30546875 0.58125 0.0421875 0.059375
0 0.1671875 0.6828125 0.040625 0.046875
0 0.52421875 0.54921875 0.0390625 0.0453125
0 0.34375 0.4640625 0.0375 0.040625
0 0.3953125 0.08359375 0.040625 0.0453125
0 0.72734375 0.546875 0.0390625 0.05
0 0.9109375 0.18125 0.04375 0.053125
0 0.76328125 0.515625 0.0421875 0.053125
0 0.02109375 0.284375 0.0421875 0.05
0 0.25 0.32578125 0.03125 0.0421875
0 0.2765625 0.48203125 0.028125 0.0390625
0 0.95390625 0.353125 0.0421875 0.059375
0 0.06171875 0.15546875 0.0390625 0.0421875
0 0.5703125 0.35078125 0.04375 0.0453125
0 0.55234375 0.78046875 0.0328125 0.0578125
0 0.66484375 0.1875 0.0359375 0.0375
0 0.08125 0.4296875 0.0375 0.05
0 0.19765625 0.6625 0.0390625 0.040625
0 0.5078125 0.66328125 0.0375 0.0390625
0 0.47109375 0.81328125 0.0484375 0.0671875
0 0.6203125 0.5109375 0.046875 0.05
0 0.2375 0.65078125 0.034375 0.0484375
0 0.9015625 0.79296875 0.0375 0.0609375
0 0.33671875 0.0765625 0.0359375 0.05
0 0.9015625 0.47890625 0.03125 0.0390625
0 0.5390625 0.43515625 0.053125 0.0609375
0 0.8609375 0.1796875 0.034375 0.05
0 0.66015625 0.38984375 0.0328125 0.0421875
0 0.4921875 0.5640625 0.0375 0.053125
0 0.64765625 0.58046875 0.0390625 0.0640625
0 0.48359375 0.475 0.0359375 0.040625
0 0.6796875 0.5578125 0.034375 0.05625
0 0.54140625 0.2609375 0.0359375 0.040625
0 0.66640625 0.27890625 0.0359375 0.0484375
0 0.74375 0.2296875 0.040625 0.05
0 0.528125 0.21640625 0.05 0.0421875
0 0.62421875 0.46171875 0.0265625 0.0359375
0 0.01328125 0.17578125 0.0265625 0.0328125
0 0.346875 0.60625 0.04375 0.053125
0 0.21171875 0.29609375 0.0359375 0.0546875
0 0.25390625 0.37109375 0.0328125 0.0484375
0 0.58125 0.69375 0.040625 0.05625
0 0.59296875 0.1078125 0.0421875 0.053125
0 0.35859375 0.525 0.0296875 0.053125
0 0.41484375 0.28125 0.0328125 0.05
0 0.2984375 0.528125 0.040625 0.05
0 0.184375 0.4484375 0.0375 0.034375
0 0.92265625 0.40390625 0.0359375 0.0515625
0 0.7421875 0.278125 0.040625 0.040625
0 0.73125 0.375 0.046875 0.06875
0 0.146875 0.425 0.0375 0.040625
0 0.8578125 0.80078125 0.040625 0.0484375
0 0.8421875 0.42890625 0.053125 0.0546875
0 0.31015625 0.78984375 0.0296875 0.0453125
0 0.2171875 0.15 0.0375 0.053125
0 0.8984375 0.2921875 0.059375 0.075
0 0.52109375 0.1515625 0.0390625 0.0625
0 0.96015625 0.178125 0.0359375 0.0375
0 0.321875 0.19296875 0.065625 0.1046875
0 0.805194536423841 0.8593336092715231 0.046875 0.059375
0 0.2140625 0.5296875 0.040625 0.06875
0 0.88828125 0.72734375 0.0359375 0.0515625
0 0.3953125 0.53203125 0.04375 0.0765625
0 0.3625 0.265625 0.0375 0.05625
0 0.26484375 0.721875 0.0390625 0.046875
0 0.140625 0.6296875 0.040625 0.05625
0 0.45234375 0.58203125 0.0453125 0.0578125
0 0.24609375 0.47578125 0.0296875 0.0484375
0 0.86015625 0.37265625 0.0390625 0.0421875
0 0.1859375 0.35859375 0.034375 0.0421875
0 0.525 0.625 0.025 0.04375
0 0.11796875 0.69921875 0.0484375 0.0609375
0 0.63984375 0.08203125 0.0359375 0.0484375
0 0.4375 0.43203125 0.040625 0.0796875
0 0.5200589817880795 0.7989652317880793 0.0359375 0.053125
0 0.884375 0.528125 0.0375 0.059375
0 0.31640625 0.428125 0.0359375 0.04375
0 0.84140625 0.2890625 0.0296875 0.034375
0 0.47109375 0.640625 0.0328125 0.0375
0 0.30703125 0.37734375 0.0296875 0.0515625
0 0.165625 0.1390625 0.04375 0.071875
0 0.78515625 0.2171875 0.0390625 0.0375
0 0.18984375 0.4875 0.0296875 0.040625
0 0.2171875 0.35625 0.028125 0.05625
0 0.8546875 0.6296875 0.03125 0.040625
0 0.21796875 0.47265625 0.0265625 0.0390625
0 0.52421875 0.3125 0.0609375 0.059375
0 0.28203125 0.4109375 0.0328125 0.034375
0 0.0546875 0.06328125 0.034375 0.0359375
0 0.27265625 0.7859375 0.0359375 0.071875
0 0.7859375 0.43515625 0.03125 0.0390625
0 0.38125 0.678125 0.028125 0.040625
0 0.0453125 0.4125 0.03125 0.040625
0 0.41796875 0.67109375 0.0359375 0.0421875
0 0.38828125 0.7671875 0.0328125 0.046875
0 0.6265625 0.34921875 0.059375 0.0453125
0 0.45625 0.3171875 0.053125 0.084375
0 0.6578125 0.1421875 0.059375 0.059375
0 0.81171875 0.26484375 0.0421875 0.0515625
0 0.70234375 0.04765625 0.0328125 0.0453125
0 0.85390625 0.56328125 0.0296875 0.0484375
0 0.33984375 0.7015625 0.0296875 0.04375
0 0.3234375 0.315625 0.0375 0.065625
0 0.55234375 0.1203125 0.0421875 0.084375
0 0.08359375 0.50234375 0.0328125 0.0328125
0 0.31171875 0.47890625 0.0359375 0.0484375
0 0.06484375 0.5359375 0.0296875 0.0375
0 0.240625 0.41640625 0.0375 0.0421875
0 0.2109375 0.203125 0.034375 0.046875
0 0.4859375 0.69140625 0.03125 0.0484375
0 0.8234375 0.328125 0.03125 0.040625
0 0.83203125 0.1546875 0.0328125 0.04375
0 0.06640625 0.115625 0.0390625 0.0375
0 0.03203125 0.52578125 0.0328125 0.0359375
0 0.7375 0.478125 0.03125 0.040625
0 0.49609375 0.390625 0.0453125 0.04375
0 0.5828125 0.2859375 0.04375 0.046875
0 0.52578125 0.48359375 0.0421875 0.0546875
0 0.0703125 0.3078125 0.034375 0.05
0 0.05078125 0.771875 0.0421875 0.05
0 0.28125 0.65625 0.034375 0.05
0 0.1296875 0.490625 0.040625 0.059375
0 0.26328125 0.28671875 0.0265625 0.0296875
0 0.4203125 0.7453125 0.028125 0.053125
0 0.4734375 0.15078125 0.05625 0.0640625
0 0.621875 0.27265625 0.04375 0.0484375
0 0.73125 0.17734375 0.08125 0.0453125
0 0.59453125 0.43828125 0.0359375 0.0484375
0 0.2921875 0.4453125 0.025 0.03125
0 0.49765625 0.6171875 0.0359375 0.046875
0 0.6125 0.67734375 0.025 0.0359375
0 0.84375 0.47421875 0.034375 0.0421875
0 0.165625 0.38515625 0.034375 0.0359375
0 0.28203125 0.3375 0.0296875 0.03125
0 0.81875 0.76875 0.0375 0.053125
0 0.78359375 0.34375 0.0328125 0.040625
0 0.715625 0.50234375 0.025 0.0359375
0 0.016944329470198683 0.8379346026490065 0.033888658940397366 0.06475579470198678
0 0.68515625 0.33359375 0.0359375 0.0515625
0 0.85546875 0.7484375 0.0328125 0.05
0 0.75390625 0.315625 0.0234375 0.040625
0 0.24140625 0.2625 0.0421875 0.04375
0 0.26796875 0.4375 0.0265625 0.034375
0 0.3515625 0.12578125 0.0375 0.0515625
0 0.37578125 0.38359375 0.0484375 0.0796875
0 0.7828125 0.74375 0.03125 0.040625
0 0.78515625 0.56015625 0.0328125 0.0421875
0 0.43203125 0.10234375 0.0265625 0.0328125
0 0.00859375 0.50546875 0.0171875 0.0546875
0 0.578125 0.6 0.071875 0.146875
0 0.3375 0.7984375 0.03125 0.0375
0 0.84375 0.51328125 0.03125 0.0390625
0 0.1109375 0.11484375 0.03125 0.0296875
0 0.7578125 0.45078125 0.028125 0.0546875
0 0.05625 0.59375 0.034375 0.05
0 0.20703125 0.41640625 0.0265625 0.0453125
0 0.4359375 0.8720871274834436 0.034375 0.0640625
0 0.62421875 0.40859375 0.0421875 0.0640625
0 0.10078125 0.32734375 0.0359375 0.0453125
0 0.0828125 0.20078125 0.05 0.0421875
0 0.03203125 0.2375 0.0296875 0.034375
0 0.8125 0.403125 0.025 0.040625
0 0.06640625 0.23203125 0.0359375 0.0390625
0 0.371875 0.4765625 0.028125 0.034375
0 0.38984375 0.3203125 0.0296875 0.040625
0 0.88828125 0.22265625 0.0390625 0.0546875
0 0.469257036423841 0.21378828642384104 0.0375 0.0390625
0 0.32421875 0.74921875 0.0390625 0.0484375
0 0.0859375 0.65078125 0.034375 0.0421875
0 0.17890625 0.63828125 0.0234375 0.0265625
0 0.16484375 0.30703125 0.0328125 0.0515625
0 0.6171875 0.2234375 0.0375 0.046875
0 0.18828125 0.78359375 0.0234375 0.0390625
0 0.27265625 0.14921875 0.0359375 0.0515625
0 0.13046875 0.5359375 0.0328125 0.040625
0 0.8421875 0.1171875 0.046875 0.05625
0 0.4828125 0.41484375 0.0375 0.0328125
0 0.18828125 0.60546875 0.0296875 0.0328125
0 0.171875 0.23515625 0.034375 0.0421875
0 0.353125 0.75078125 0.034375 0.0484375
0 0.49453125 0.06796875 0.0515625 0.0453125
0 0.9375 0.309375 0.053125 0.05
0 0.1265625 0.2671875 0.05 0.06875
0 0.4515625 0.68359375 0.03125 0.0703125
0 0.09453125 0.53046875 0.0265625 0.0328125
0 0.22734375 0.74296875 0.0328125 0.0421875
0 0.80234375 0.5171875 0.0234375 0.046875
0 0.63984375 0.70546875 0.0328125 0.0453125
0 0.090625 0.753125 0.046875 0.053125
0 0.11640625 0.58671875 0.0296875 0.0390625
0 0.07265625 0.36796875 0.0515625 0.0515625
0 0.43203125 0.215625 0.0265625 0.034375
0 0.06796875 0.703125 0.0296875 0.046875
0 0.11015625 0.0171875 0.0453125 0.034375
0 0.69453125 0.43046875 0.0421875 0.0859375
0 0.69921875 0.5953125 0.0265625 0.0375
0 0.6765625 0.62578125 0.025 0.0671875
0 0.5809964817880795 0.7419753725165563 0.0296875 0.04531250000000018
0 0.79453125 0.134375 0.0296875 0.0375
0 0.6390625 0.665625 0.025 0.04375
0 0.2640625 0.51875 0.028125 0.0375
0 0.7218543046357615 0.08441639072847681 0.0375 0.05625
0 0.03671875 0.56328125 0.0265625 0.0296875
0 0.0609375 0.478125 0.034375 0.053125
0 0.02578125 0.0609375 0.0265625 0.034375
0 0.77734375 0.390625 0.0296875 0.0375
0 0.71328125 0.14140625 0.0265625 0.0296875
0 0.2390625 0.00546875 0.021875 0.0109375
0 0.8078125 0.45859375 0.028125 0.0328125
0 0.28046875 0.37734375 0.0203125 0.0359375
0 0.73828125 0.665625 0.0328125 0.040625
0 0.11328125 0.42421875 0.0296875 0.0359375
0 0.9296875 0.50078125 0.021875 0.0296875
0 0.41640625 0.709375 0.0296875 0.028125
0 0.44609375 0.75078125 0.0265625 0.0453125
0 0.01171875 0.46328125 0.0203125 0.0234375
0 0.00625 0.40078125 0.0125 0.0421875
0 0.82109375 0.2078125 0.0640625 0.075
0 0.18671875 0.41171875 0.0265625 0.0328125
0 0.0890625 0.6109375 0.025 0.034375
0 0.24921875 0.0640625 0.0328125 0.03125
0 0.5046875 0.25703125 0.028125 0.0453125
0 0.95234375 0.46328125 0.0234375 0.0421875
0 0.72109375 0.31796875 0.0265625 0.0390625
0 0.38671875 0.20390625 0.0328125 0.0609375
