0 0.525 0.14921875 0.0375 0.0515625
0 0.01796875 0.43515625 0.0359375 0.0484375
0 0.2078125 0.6765625 0.0375 0.05
0 0.2203125 0.61953125 0.046875 0.0578125
0 0.62421875 0.3734375 0.0390625 0.040625
0 0.58125 0.634375 0.05 0.06875
0 0.80234375 0.1609375 0.0671875 0.0875
0 0.17421875 0.22265625 0.0453125 0.0546875
0 0.8171875 0.478125 0.05 0.059375
0 0.18828125 0.78125 0.0328125 0.034375
0 0.0546875 0.76015625 0.05 0.0640625
0 0.68359375 0.21328125 0.0328125 0.0515625
0 0.61640625 0.41328125 0.0484375 0.0390625
0 0.13359375 0.65234375 0.0390625 0.0453125
0 0.75703125 0.5921875 0.0359375 0.040625
0 0.49375 0.09453125 0.0375 0.0484375
0 0.4953125 0.59375 0.0625 0.075
0 0.57578125 0.27421875 0.0296875 0.0390625
0 0.7328125 0.70234375 0.04375 0.0421875
0 0.2984375 0.1734375 0.0375 0.03125
0 0.20859375 0.8140625 0.0328125 0.0375
0 0.42890625 0.64375 0.0359375 0.04375
0 0.103125 0.328125 0.034375 0.040625
0 0.24375 0.8109375 0.03125 0.040625
0 0.02109375 0.6234375 0.0421875 0.040625
0 0.05546875 0.89765625 0.0359375 0.0546875
0 0.140625 0.31640625 0.03125 0.0484375
0 0.5260347682119205 0.3539269453642384 0.0625 0.06718750000000004
0 0.0734375 0.30703125 0.0375 0.0515625
0 0.175 0.58828125 0.0375 0.0421875
0 0.58515625 0.2359375 0.0296875 0.0375
0 0.88828125 0.321875 0.0359375 0.046875
0 0.646875 0.0921875 0.04375 0.05625
0 0.278125 0.57734375 0.04375 0.0578125
0 0.5359375 0.08046875 0.040625 0.0578125
0 0.17421875 0.83515625 0.0359375 0.0359375
0 0.6984375 0.35 0.04375 0.05
0 0.571875 0.31484375 0.04375 0.0421875
0 0.865625 0.2078125 0.0375 0.04375
0 0.29609375 0.2203125 0.0515625 0.065625
0 0.2625 0.62578125 0.03125 0.0515625
0 0.96328125 0.3109375 0.0359375 0.05
0 0.19921875 0.0984375 0.0421875 0.05
0 0.03203125 0.4859375 0.0390625 0.046875
0 0.26484375 0.42421875 0.0390625 0.0484375
0 0.79921875 0.35 0.0453125 0.040625
0 0.9046875 0.24140625 0.04375 0.0484375
0 0.17578125 0.6375 0.0359375 0.0375
0 0.928125 0.128125 0.05 0.046875
0 0.0765625 0.1671875 0.075 0.10625
0 0.4859375 0.14609375 0.034375 0.0515625
0 0.64765625 0.13828125 0.0328125 0.0359375
0 0.46484375 0.65390625 0.0359375 0.0484375
0 0.38046875 0.171875 0.0703125 0.06875
0 0.18984375 0.5546875 0.0359375 0.05
0 0.30546875 0.69375 0.0421875 0.06875
0 0.321875 0.7625 0.04375 0.053125
0 0.234375 0.5546875 0.0375 0.05625
0 0.759375 0.6578125 0.053125 0.071875
0 0.140625 0.528125 0.03125 0.046875
0 0.06953125 0.465625 0.0515625 0.075
0 0.17265625 0.3109375 0.0296875 0.0375
0 0.05625 0.83359375 0.034375 0.0578125
0 0.69921875 0.10546875 0.0453125 0.0421875
0 0.1015625 0.775 0.03125 0.046875
0 0.2234375 0.7296875 0.03125 0.034375
0 0.25859375 0.51015625 0.0453125 0.0421875
0 0.51640625 0.54921875 0.0328125 0.0421875
0 0.6109375 0.21953125 0.03125 0.0546875
0 0.72734375 0.15703125 0.0640625 0.0640625
0 0.34765625 0.7125 0.0484375 0.053125
0 0.42578125 0.4375 0.0390625 0.04375
0 0.03125 0.7046875 0.03125 0.0375
0 0.58671875 0.3578125 0.0328125 0.0375
0 0.92421875 0.31953125 0.0359375 0.0515625
0 0.20546875 0.49921875 0.0296875 0.0515625
0 0.8551945364238411 0.5216421771523179 0.03125 0.0546875
0 0.72578125 0.60703125 0.0296875 0.0359375
0 0.80078125 0.284375 0.0515625 0.078125
0 0.61875 0.6234375 0.028125 0.040625
0 0.12578125 0.47109375 0.0359375 0.0578125
0 0.90625 0.1875 0.04375 0.05625
0 0.75234375 0.3234375 0.0359375 0.04375
0 0.95859375 0.1765625 0.0484375 0.06875
0 0.1890625 0.97265625 0.0625 0.0484375
0 0.56328125 0.15546875 0.0359375 0.0421875
0 0.8828125 0.453125 0.028125 0.0375
0 0.39296875 0.28671875 0.0390625 0.0421875
0 0.1015625 0.25390625 0.034375 0.0578125
0 0.01953125 0.37109375 0.0390625 0.0453125
0 0.63046875 0.66875 0.0390625 0.046875
0 0.66015625 0.6796875 0.0296875 0.040625
0 0.40859375 0.46953125 0.0296875 0.0359375
0 0.87265625 0.15234375 0.0296875 0.0421875
0 0.6328125 0.28671875 0.0375 0.0515625
0 0.584375 0.12890625 0.034375 0.0546875
0 0.85390625 0.27578125 0.0296875 0.0390625
0 0.2578125 0.95859375 0.034375 0.0484375
0 0.728125 0.42578125 0.046875 0.0703125
0 0.04375 0.40625 0.034375 0.04375
0 0.06875 0.63203125 0.040625 0.0421875
0 0.22890625 0.2375 0.0328125 0.04375
0 0.21953125 0.76328125 0.0328125 0.0359375
0 0.5515625 0.24609375 0.028125 0.0484375
0 0.0140625 0.2140625 0.028125 0.040625
0 0.1546875 0.72890625 0.046875 0.0484375
0 0.846875 0.36015625 0.028125 0.0390625
0 0.9328125 0.41953125 0.034375 0.0359375
0 0.115625 0.3765625 0.046875 0.059375
0 0.659375 0.378125 0.028125 0.04375
0 0.4421875 0.23984375 0.053125 0.0828125
0 0.15703125 0.45859375 0.0296875 0.0578125
0 0.6734375 0.475 0.028125 0.0375
0 0.73671875 0.27890625 0.0359375 0.0328125
0 0.54921875 0.28671875 0.0265625 0.0296875
0 0.3875 0.73359375 0.034375 0.0578125
0 0.2546875 0.73359375 0.028125 0.0328125
0 0.334375 0.57734375 0.04375 0.0484375
0 0.0140625 0.2765625 0.025 0.03125
0 0.19765625 0.71484375 0.0328125 0.0359375
0 0.3015625 0.4484375 0.025 0.0375
0 0.10625 0.63984375 0.040625 0.0359375
0 0.221875 0.415625 0.040625 0.040625
0 0.64921875 0.33515625 0.0328125 0.0421875
0 0.14921875 0.13984375 0.0390625 0.0453125
0 0.48203125 0.5109375 0.0296875 0.034375
0 0.13515625 0.234375 0.0390625 0.071875
0 0.45859375 0.41953125 0.0296875 0.0390625
0 0.5015625 0.290625 0.03125 0.0625
0 0.1390625 0.4234375 0.034375 0.034375
0 0.31796875 0.29921875 0.0296875 0.0328125
0 0.5953125 0.08359375 0.046875 0.0453125
0 0.528125 0.51171875 0.028125 0.0328125
0 0.26953125 0.38515625 0.0265625 0.0296875
0 0.2046875 0.2734375 0.0375 0.046875
0 0.921875 0.375 0.034375 0.04375
0 0.675558774834437 0.03671875 0.04575745033112586 0.0453125
0 0.39765625 0.11640625 0.0421875 0.0421875
0 0.6796875 0.1578125 0.03125 0.040625
0 0.203125 0.14140625 0.034375 0.0453125
0 0.31953125 0.5046875 0.0265625 0.0375
0 0.61171875 0.33515625 0.0328125 0.0359375
0 0.3015625 0.3765625 0.03125 0.046875
0 0.540625 0.66171875 0.034375 0.0640625
0 0.275 0.34296875 0.028125 0.0453125
0 0.39765625 0.575 0.0359375 0.034375
0 0.24609375 0.67890625 0.0328125 0.0546875
0 0.27265625 0.278125 0.0296875 0.046875
0 0.30234375 0.81015625 0.0296875 0.0390625
0 0.321875 0.1515625 0.034375 0.034375
0 0.0328125 0.57734375 0.03125 0.0453125
0 0.028125 0.80078125 0.0375 0.0484375
0 0.4265625 0.5578125 0.04375 0.075
0 0.21796875 0.88203125 0.0359375 0.0453125
0 0.4921875 0.6796875 0.028125 0.03125
0 0.2578125 0.85859375 0.040625 0.0671875
0 0.06640625 0.5375 0.0453125 0.04375
0 0.55078125 0.56796875 0.0390625 0.0359375
0 0.15625 0.7953125 0.028125 0.040625
0 0.27421875 0.46640625 0.0296875 0.0484375
0 0.88203125 0.3609375 0.0296875 0.028125
0 0.69375 0.44921875 0.05 0.0515625
0 0.18359375 0.365625 0.0359375 0.06875
0 0.790625 0.63203125 0.028125 0.0421875
0 0.3625 0.50234375 0.0375 0.0421875
0 0.0484375 0.3359375 0.03125 0.0375
0 0.54921875 0.1109375 0.0234375 0.03125
0 0.33515625 0.440625 0.0390625 0.05
0 0.33046875 0.62734375 0.0359375 0.0421875
0 0.9765625 0.40390625 0.040625 0.0421875
0 0.22734375 0.35234375 0.0515625 0.0390625
0 0.83828125 0.31015625 0.0265625 0.0390625
0 0.421875 0.32890625 0.034375 0.0453125
0 0.90390625 0.08125 0.0328125 0.040625
0 0.646875 0.5984375 0.025 0.04375
0 0.43671875 0.50078125 0.0328125 0.0390625
0 0.38515625 0.44921875 0.0296875 0.0359375
0 0.7734375 0.4796875 0.03125 0.040625
0 0.5625 0.2 0.03125 0.04375
0 0.1796875 0.4953125 0.021875 0.040625
0 0.45234375 0.33671875 0.0296875 0.0546875
0 0.39921875 0.37109375 0.0328125 0.0421875
0 0.053125 0.26796875 0.03125 0.0484375
0 0.096875 0.67265625 0.034375 0.0390625
0 0.65390625 0.1921875 0.0296875 0.046875
0 0.89765625 0.48984375 0.0265625 0.0359375
0 0.3625 0.346875 0.025 0.0375
0 0.25234375 0.21171875 0.0296875 0.0359375
0 0.01875 0.24453125 0.025 0.0265625
0 0.7703125 0.44453125 0.03125 0.0453125
0 0.171875 0.746875 0.028125 0.034375
0 0.7359375 0.665625 0.028125 0.034375
0 0.26640625 0.7703125 0.0484375 0.065625
0 0.8265625 0.58203125 0.021875 0.0359375
0 0.88203125 0.284375 0.0234375 0.034375
0 0.8453125 0.13515625 0.025 0.0328125
0 0.36171875 0.3984375 0.0296875 0.05
0 0.016814983443708596 0.12326676324503312 0.03207781456953644 0.08560637417218545
0 0.403125 0.4046875 0.03125 0.040625
0 0.09140625 0.4 0.0359375 0.059375
0 0.95703125 0.37109375 0.0203125 0.0390625
0 0.1015418046357616 0.8507605546357615 0.028125 0.0328125
0 0.73984375 0.3609375 0.0265625 0.03125
0 0.325 0.46640625 0.021875 0.0265625
0 0.77890625 0.52578125 0.0453125 0.0390625
0 0.2984375 0.4140625 0.025 0.028125
0 0.309375 0.54765625 0.025 0.0390625
0 0.45390625 0.1046875 0.0328125 0.03125
0 0.94609375 0.2671875 0.0515625 0.04375
0 0.09453125 0.6015625 0.0359375 0.0375
0 0.2765625 0.7140625 0.028125 0.040625
0 0.3796875 0.2453125 0.03125 0.034375
0 0.19453125 0.321875 0.0234375 0.028125
0 0.15390625 0.56796875 0.0234375 0.0328125
0 0.8072640728476822 0.2187293046357616 0.0375 0.028125
0 0.0640625 0.68515625 0.025 0.0390625
0 0.46484375 0.54765625 0.0203125 0.0359375
0 0.328125 0.40546875 0.025 0.0328125
0 0.684375 0.29296875 0.028125 0.0390625
0 0.75234375 0.09453125 0.0328125 0.0421875
0 0.35859375 0.10078125 0.0234375 0.0328125
0 0.22890625 0.70234375 0.0203125 0.0265625
0 0.4171875 0.06484375 0.028125 0.0328125
0 0.71328125 0.3140625 0.0265625 0.046875
