0 0.45625 0.19609375 0.046875 0.0578125
0 0.590625 0.53828125 0.046875 0.0578125
0 0.2859375 0.2234375 0.040625 0.046875
0 0.4453125 0.31640625 0.06875 0.0609375
0 0.27890625 0.2640625 0.0359375 0.0375
0 0.87109375 0.20390625 0.0453125 0.0484375
0 0.38984375 0.271875 0.0390625 0.053125
0 0.884375 0.45546875 0.0375 0.0546875
0 0.83359375 0.24140625 0.0359375 0.0453125
0 0.465625 0.61953125 0.0375 0.0484375
0 0.31484375 0.65703125 0.0328125 0.0484375
0 0.50390625 0.7984375 0.0390625 0.059375
0 0.7109375 0.30234375 0.08125 0.0640625
0 0.43046875 0.62890625 0.0328125 0.0390625
0 0.715625 0.24375 0.071875 0.05625
0 0.1546875 0.35234375 0.075 0.0796875
0 0.4359375 0.24921875 0.040625 0.0546875
0 0.33515625 0.27421875 0.0484375 0.0546875
0 0.43828125 0.5734375 0.0390625 0.053125
0 0.7375 0.14140625 0.075 0.0734375
0 0.54765625 0.55390625 0.0359375 0.0453125
0 0.22421875 0.3515625 0.0484375 0.04375
0 0.1421875 0.53828125 0.04375 0.0421875
0 0.02421875 0.65390625 0.0453125 0.0671875
0 0.1078125 0.16015625 0.040625 0.0421875
0 0.1421875 0.1828125 0.040625 0.040625
0 0.3703125 0.33046875 0.05 0.0515625
0 0.5234375 0.353125 0.040625 0.05
0 0.84921875 0.73046875 0.0390625 0.0515625
0 0.821875 0.29296875 0.04375 0.0484375
0 0.1171875 0.58828125 0.040625 0.0421875
0 0.15703125 0.10234375 0.0359375 0.0390625
0 0.1828125 0.14375 0.034375 0.05
0 0.22109375 0.6046875 0.0390625 0.04375
0 0.43203125 0.47734375 0.0328125 0.0453125
0 0.17890625 0.1890625 0.0359375 0.0375
0 0.09375 0.29765625 0.096875 0.0578125
0 0.65390625 0.65390625 0.0359375 0.0453125
0 0.57109375 0.61953125 0.0390625 0.0546875
0 0.33125 0.6140625 0.04375 0.05625
0 0.05078125 0.36328125 0.0984375 0.0796875
0 0.27890625 0.30703125 0.0484375 0.0421875
0 0.32890625 0.19140625 0.0328125 0.0421875
0 0.55234375 0.6796875 0.0359375 0.05625
0 0.0796875 0.178125 0.0375 0.04375
0 0.3828125 0.63984375 0.04375 0.0796875
0 0.2359375 0.259375 0.04375 0.0375
0 0.47890625 0.25234375 0.0359375 0.0546875
0 0.61484375 0.621875 0.0234375 0.040625
0 0.63671875 0.52109375 0.0453125 0.0671875
0 0.51640625 0.31015625 0.0453125 0.0453125
0 0.23515625 0.54140625 0.0421875 0.0671875
0 0.2859375 0.69921875 0.03125 0.0515625
0 0.69765625 0.353125 0.0453125 0.046875
0 0.01640625 0.50234375 0.0296875 0.0453125
0 0.01015625 0.30234375 0.0203125 0.0484375
0 0.2841835678807947 0.4278093956953642 0.09336713576158936 0.11186879139072844
0 0.9609375 0.21796875 0.0375 0.0578125
0 0.3234375 0.71015625 0.03125 0.0578125
0 0.215625 0.4109375 0.0375 0.0625
0 0.92734375 0.5953125 0.0390625 0.075
0 0.25390625 0.71796875 0.0296875 0.0484375
0 0.76328125 0.2796875 0.0359375 0.04375
0 0.04296875 0.271875 0.0546875 0.05625
0 0.284375 0.60546875 0.046875 0.0453125
0 0.9171875 0.50234375 0.0375 0.0796875
0 0.08359375 0.54140625 0.0578125 0.0671875
0 0.6171875 0.70234375 0.059375 0.0546875
0 0.76328125 0.37890625 0.0640625 0.0640625
0 0.95390625 0.1140625 0.0421875 0.05625
0 0.13046875 0.66640625 0.0328125 0.0421875
0 0.1078125 0.4375 0.053125 0.084375
0 0.19375 0.07109375 0.053125 0.0734375
0 0.58359375 0.4828125 0.0328125 0.04375
0 0.328125 0.3234375 0.040625 0.040625
0 0.5403456125827815 0.18935223509933774 0.10256622516556284 0.11278973509933773
0 0.065625 0.65 0.034375 0.04375
0 0.01796875 0.42421875 0.0359375 0.0796875
0 0.59609375 0.65703125 0.0328125 0.0390625
0 0.3140625 0.534375 0.053125 0.090625
0 0.04921875 0.49296875 0.0359375 0.0421875
0 0.5546875 0.278125 0.04375 0.05625
0 0.41015625 0.67578125 0.0296875 0.0359375
0 0.89453125 0.3625 0.0484375 0.059375
0 0.01484375 0.1890625 0.0296875 0.040625
0 0.29921875 0.11484375 0.0390625 0.0421875
0 0.1828125 0.446875 0.034375 0.053125
0 0.40625 0.40703125 0.03125 0.0328125
0 0.6546875 0.25703125 0.0375 0.0578125
0 0.90546875 0.2734375 0.0859375 0.071875
0 0.284375 0.6578125 0.028125 0.05625
0 0.0578125 0.4484375 0.040625 0.04375
0 0.44453125 0.41796875 0.0328125 0.0421875
0 0.3921875 0.08984375 0.034375 0.0453125
0 0.9828125 0.0515625 0.028125 0.0375
0 0.4171875 0.13203125 0.040625 0.0546875
0 0.62109375 0.45078125 0.0578125 0.0453125
0 0.1 0.24609375 0.034375 0.0421875
0 0.203125 0.52109375 0.028125 0.0390625
0 0.52890625 0.46171875 0.0484375 0.0765625
0 0.6192777317880795 0.576836713576159 0.025 0.0390625
0 0.64765625 0.7546875 0.0296875 0.046875
0 0.32421875 0.2265625 0.0296875 0.034375
0 0.5046875 0.3859375 0.03125 0.0375
0 0.4609375 0.5375 0.040625 0.075
0 0.16640625 0.5046875 0.0328125 0.04375
0 0.2265625 0.31015625 0.0375 0.0390625
0 0.1359375 0.2234375 0.040625 0.046875
0 0.04140625 0.171875 0.0328125 0.040625
0 0.84622309602649 0.6088731374172186 0.03125 0.04531250000000018
0 0.62109375 0.328125 0.0546875 0.078125
0 0.1390625 0.140625 0.0375 0.0375
0 0.3093956953642384 0.7845457367549669 0.04375 0.054687499999999736
0 0.56875 0.36953125 0.05 0.0921875
0 0.48125 0.103125 0.04375 0.065625
0 0.07421875 0.1375 0.0296875 0.03125
0 0.5859375 0.58671875 0.03125 0.0359375
0 0.12421875 0.4890625 0.0328125 0.034375
0 0.34609375 0.05625 0.0328125 0.0375
0 0.80078125 0.328125 0.0265625 0.0375
0 0.6449192880794701 0.09829263245033112 0.13141556291390727 0.18522350993377484
0 0.45234375 0.66796875 0.0328125 0.0484375
0 0.56796875 0.0640625 0.0234375 0.03125
0 0.8953125 0.12109375 0.040625 0.0609375
0 0.2796875 0.34765625 0.034375 0.0328125
0 0.04453125 0.12578125 0.0390625 0.0515625
0 0.0390625 0.21875 0.05625 0.059375
0 0.53203125 0.5953125 0.0328125 0.053125
0 0.36015625 0.70859375 0.0296875 0.0328125
0 0.22734375 0.48203125 0.0421875 0.0484375
0 0.77890625 0.546875 0.0265625 0.034375
0 0.38203125 0.55546875 0.0265625 0.0359375
0 0.3625 0.38984375 0.040625 0.0609375
0 0.4078125 0.54609375 0.034375 0.0421875
0 0.4703125 0.46015625 0.034375 0.0484375
0 0.825 0.3875 0.03125 0.05
0 0.2484375 0.2265625 0.028125 0.0375
0 0.778125 0.2375 0.0375 0.034375
0 0.04375 0.73984375 0.0375 0.0421875
0 0.7953125 0.1453125 0.028125 0.04375
0 0.103125 0.21171875 0.028125 0.0296875
0 0.7203125 0.453125 0.040625 0.06875
0 0.45859375 0.14609375 0.0359375 0.0390625
0 0.18125 0.28203125 0.034375 0.0359375
0 0.90234375 0.17734375 0.0296875 0.0453125
0 0.1875 0.23828125 0.04375 0.0484375
0 0.72421875 0.68125 0.0328125 0.03125
0 0.403125 0.7515625 0.028125 0.0375
0 0.93046875 0.071875 0.0390625 0.04375
0 0.34765625 0.67734375 0.0296875 0.0390625
0 0.521875 0.5359375 0.034375 0.04375
0 0.15546875 0.41328125 0.0328125 0.0328125
0 0.48515625 0.4890625 0.0296875 0.040625
0 0.83671875 0.46015625 0.0328125 0.0453125
0 0.40859375 0.346875 0.0265625 0.046875
0 0.64609375 0.38046875 0.0390625 0.0609375
0 0.16953125 0.6796875 0.0359375 0.05
0 0.7984375 0.20078125 0.03125 0.0578125
0 0.5859375 0.72265625 0.03125 0.0453125
0 0.678125 0.5953125 0.025 0.034375
0 0.53125 0.0953125 0.0375 0.05625
0 0.65625 0.70703125 0.025 0.0390625
0 0.81484375 0.5296875 0.0359375 0.034375
0 0.30703125 0.16953125 0.0234375 0.0484375
0 0.76484375 0.32421875 0.0234375 0.0359375
0 0.1890625 0.31953125 0.028125 0.0296875
0 0.8828125 0.50859375 0.021875 0.0359375
0 0.14609375 0.44921875 0.0265625 0.0390625
0 0.940625 0.35546875 0.040625 0.0578125
0 0.0984375 0.6359375 0.028125 0.053125
0 0.41171875 0.05234375 0.0234375 0.0328125
0 0.27734375 0.51875 0.0203125 0.0375
0 0.79453125 0.65859375 0.0203125 0.0328125
0 0.25 0.665625 0.028125 0.04375
0 0.85703125 0.4265625 0.0328125 0.040625
0 0.37639693708609273 0.17641763245033112 0.08278145695364234 0.14486754966887416
