0 0.53203125 0.79765625 0.0421875 0.0578125
0 0.38125 0.60078125 0.0375 0.0484375
0 0.16953125 0.39375 0.0546875 0.0625
0 0.65625 0.646875 0.040625 0.053125
0 0.225 0.6578125 0.059375 0.0625
0 0.4046875 0.509375 0.059375 0.05
0 0.09921875 0.09921875 0.0421875 0.0484375
0 0.29453125 0.25859375 0.0515625 0.0671875
0 0.8828125 0.32109375 0.0375 0.0484375
0 0.93046875 0.41171875 0.0390625 0.0546875
0 0.17265625 0.5125 0.0390625 0.040625
0 0.72421875 0.67734375 0.0390625 0.0453125
0 0.73828125 0.63125 0.0359375 0.046875
0 0.60859375 0.22890625 0.0359375 0.0671875
0 0.4375 0.6109375 0.05 0.0625
0 0.8921875 0.4796875 0.040625 0.05
0 0.525 0.73125 0.0375 0.053125
0 0.02109375 0.6125 0.0421875 0.096875
0 0.86015625 0.55 0.0328125 0.05625
0 0.90703125 0.284375 0.0359375 0.034375
0 0.0140625 0.2765625 0.028125 0.059375
0 0.40703125 0.3 0.0421875 0.053125
0 0.421875 0.3953125 0.05 0.05625
0 0.103125 0.3765625 0.05 0.05
0 0.8234375 0.525 0.0375 0.05625
0 0.4640625 0.74140625 0.025 0.0390625
0 0.33125 0.7859375 0.053125 0.078125
0 0.98203125 0.22421875 0.0328125 0.0390625
0 0.2546875 0.49453125 0.04375 0.0609375
0 0.30078125 0.125 0.0390625 0.059375
0 0.27421875 0.69609375 0.0484375 0.0515625
0 0.12421875 0.70078125 0.0421875 0.0546875
0 0.2359375 0.609375 0.034375 0.0375
0 0.83515625 0.57578125 0.0296875 0.0453125
0 0.36328125 0.3890625 0.0359375 0.04375
0 0.265625 0.22109375 0.0375 0.0515625
0 0.2734375 0.36015625 0.053125 0.0484375
0 0.8484375 0.0640625 0.04375 0.065625
0 0.25 0.18046875 0.046875 0.0453125
0 0.79921875 0.1546875 0.0296875 0.04375
0 0.78671875 0.7484375 0.0484375 0.05
0 0.85078125 0.3640625 0.0453125 0.05625
0 0.5703125 0.2046875 0.04375 0.065625
0 0.02734375 0.3359375 0.0453125 0.05
0 0.2 0.5484375 0.034375 0.04375
0 0.459375 0.49296875 0.040625 0.0609375
0 0.5703125 0.7828125 0.034375 0.053125
0 0.3671875 0.2578125 0.040625 0.053125
0 0.40625 0.24453125 0.040625 0.0578125
0 0.321875 0.50234375 0.053125 0.0609375
0 0.58515625 0.5390625 0.0578125 0.1
0 0.4515625 0.78515625 0.0375 0.0578125
0 0.65546875 0.11875 0.0328125 0.046875
0 0.07265625 0.1515625 0.0453125 0.046875
0 0.146875 0.1546875 0.028125 0.046875
0 0.75703125 0.14296875 0.0359375 0.0484375
0 0.55859375 0.69296875 0.0296875 0.0453125
0 0.0140625 0.2109375 0.028125 0.053125
0 0.77890625 0.65078125 0.0328125 0.0453125
0 0.46640625 0.6765625 0.0296875 0.040625
0 0.9140625 0.24765625 0.028125 0.0390625
0 0.6890625 0.18046875 0.03125 0.0515625
0 0.6265625 0.55625 0.03125 0.04375
0 0.67890625 0.47265625 0.0515625 0.0734375
0 0.390625 0.6859375 0.034375 0.05625
0 0.803125 0.04375 0.0375 0.04375
0 0.6890625 0.6140625 0.034375 0.053125
0 0.49296875 0.7703125 0.0390625 0.05625
0 0.80703125 0.37578125 0.0359375 0.0765625
0 0.5203125 0.58671875 0.028125 0.0390625
0 0.80234375 0.30625 0.0453125 0.046875
0 0.68671875 0.56328125 0.0265625 0.0390625
0 0.34296875 0.18125 0.0359375 0.046875
0 0.41484375 0.78125 0.0484375 0.05
0 0.01015625 0.0921875 0.0203125 0.05
0 0.446875 0.22265625 0.0375 0.0484375
0 0.14921875 0.74921875 0.0765625 0.0640625
0 0.9484375 0.3609375 0.040625 0.040625
0 0.38515625 0.16015625 0.0328125 0.0328125
0 0.803125 0.1 0.034375 0.053125
0 0.68515625 0.2453125 0.0328125 0.046875
0 0.97421875 0.53984375 0.0390625 0.0421875
0 0.97265625 0.2609375 0.0421875 0.0375
0 0.20234375 0.5875 0.0328125 0.04375
0 0.765625 0.5609375 0.03125 0.046875
0 0.92265625 0.52890625 0.0421875 0.0484375
0 0.453125 0.34609375 0.034375 0.0421875
0 0.734375 0.73046875 0.03125 0.0484375
0 0.43671875 0.5515625 0.0328125 0.040625
0 0.7125 0.309375 0.065625 0.140625
0 0.0875 0.55 0.0375 0.046875
0 0.43515625 0.734375 0.0265625 0.0375
0 0.35703125 0.846875 0.0265625 0.040625
0 0.0890625 0.6 0.040625 0.0375
0 0.3328125 0.70703125 0.040625 0.0671875
0 0.5171875 0.40390625 0.0375 0.0453125
0 0.55703125 0.14609375 0.0453125 0.0671875
0 0.54609375 0.45 0.0609375 0.084375
0 0.21171875 0.31328125 0.0484375 0.0578125
0 0.040625 0.109375 0.03125 0.040625
0 0.465625 0.25625 0.034375 0.040625
0 0.31796875 0.33828125 0.0546875 0.0921875
0 0.47734375 0.39609375 0.0328125 0.0453125
0 0.13984375 0.58125 0.0265625 0.0375
0 0.0234375 0.72109375 0.034375 0.0609375
0 0.06171875 0.3640625 0.0328125 0.040625
0 0.73359375 0.51484375 0.0421875 0.0765625
0 0.01640625 0.41796875 0.0296875 0.0453125
0 0.48671875 0.55703125 0.0453125 0.0671875
0 0.7734375 0.2609375 0.03125 0.04375
0 0.23984375 0.40078125 0.0390625 0.0515625
0 0.375 0.0359375 0.046875 0.06875
0 0.65546875 0.56171875 0.0265625 0.0484375
0 0.85 0.4390625 0.046875 0.06875
0 0.6421875 0.22578125 0.03125 0.0515625
0 0.29375 0.64609375 0.03125 0.0578125
0 0.61640625 0.4453125 0.0578125 0.090625
0 0.17421875 0.4671875 0.0328125 0.04375
0 0.29921875 0.1875 0.0296875 0.053125
0 0.3875 0.8234375 0.0375 0.05
0 0.35078125 0.5640625 0.0421875 0.040625
0 0.50078125 0.28671875 0.0484375 0.0671875
0 0.75546875 0.3734375 0.0546875 0.0875
0 0.1234375 0.6328125 0.034375 0.05
0 0.1125 0.56484375 0.025 0.0296875
0 0.15 0.2078125 0.040625 0.059375
0 0.2515625 0.3125 0.034375 0.040625
0 0.6390625 0.2984375 0.03125 0.0375
0 0.22890625 0.15078125 0.0421875 0.0390625
0 0.13828125 0.43515625 0.0328125 0.0640625
0 0.63671875 0.49609375 0.0359375 0.0578125
0 0.9125 0.0484375 0.040625 0.040625
0 0.68046875 0.0734375 0.0296875 0.05625
0 0.24296875 0.575 0.0296875 0.03125
0 0.49453125 0.7078125 0.0359375 0.05
0 0.2734375 0.75 0.03125 0.034375
0 0.11015625 0.153125 0.0359375 0.046875
0 0.5703125 0.31875 0.028125 0.040625
0 0.3828125 0.196875 0.034375 0.0375
0 0.03671875 0.0671875 0.0359375 0.0375
0 0.08125 0.4247464817880794 0.06875 0.0546875
0 0.4109375 0.7234375 0.021875 0.053125
0 0.1109375 0.28716370033112587 0.125 0.09307740066225167
0 0.3390625 0.61171875 0.03125 0.0390625
0 0.240625 0.11875 0.025 0.03125
0 0.51171875 0.6421875 0.0484375 0.071875
0 0.8703125 0.23046875 0.040625 0.0578125
0 0.88828125 0.08671875 0.0296875 0.0421875
0 0.45 0.3 0.028125 0.040625
0 0.20859375 0.7765625 0.0390625 0.04375
0 0.26328125 0.453125 0.0265625 0.034375
0 0.15859375 0.6328125 0.0296875 0.03125
0 0.5578125 0.0796875 0.028125 0.04375
0 0.35859375 0.484375 0.0296875 0.04375
0 0.334375 0.28515625 0.034375 0.0453125
0 0.6828125 0.740625 0.053125 0.06875
0 0.16328125 0.109375 0.0265625 0.040625
0 0.31640625 0.4203125 0.0328125 0.05
0 0.30625 0.559375 0.028125 0.04375
0 0.2515625 0.26875 0.028125 0.0375
0 0.89296875 0.4203125 0.0296875 0.053125
0 0.496875 0.5015625 0.021875 0.0375
0 0.00703125 0.03671875 0.0140625 0.0390625
0 0.33515625 0.65234375 0.0265625 0.0328125
0 0.38046875 0.340625 0.0453125 0.05
0 0.52109375 0.08984375 0.0328125 0.0421875
0 0.3625 0.4296875 0.040625 0.040625
0 0.40546875 0.1328125 0.0265625 0.0375
0 0.609375 0.10625 0.034375 0.05625
0 0.71484375 0.21484375 0.0328125 0.0421875
0 0.79375 0.59609375 0.034375 0.0703125
0 0.20859375 0.50234375 0.0234375 0.0390625
0 0.7578125 0.08828125 0.05 0.0578125
0 0.65859375 0.35859375 0.0328125 0.0484375
0 0.95703125 0.0828125 0.0296875 0.04375
0 0.08203125 0.19765625 0.0296875 0.0421875
0 0.15859375 0.6921875 0.0265625 0.0375
0 0.33359375 0.14609375 0.0328125 0.0453125
0 0.265625 0.12734375 0.01875 0.0328125
0 0.03671875 0.37890625 0.0265625 0.0359375
0 0.80234375 0.4765625 0.0234375 0.046875
0 0.92578125 0.32109375 0.0265625 0.0421875
0 0.11328125 0.19921875 0.0328125 0.0484375
0 0.8265625 0.128125 0.028125 0.03125
0 0.42890625 0.18046875 0.0265625 0.0359375
0 0.50390625 0.0609375 0.0359375 0.025
0 0.75390625 0.6875 0.0203125 0.03125
0 0.5109375 0.20703125 0.040625 0.0578125
0 0.790625 0.52578125 0.025 0.0390625
0 0.48671875 0.621875 0.0296875 0.034375
0 0.1859375 0.68828125 0.025 0.0390625
0 0.5390625 0.29921875 0.03125 0.0453125
0 0.6765625 0.4 0.03125 0.053125
0 0.74375 0.5859375 0.01875 0.040625
0 0.23984375 0.7265625 0.0296875 0.0625
0 0.984375 0.31171875 0.021875 0.0265625
0 0.1328125 0.11171875 0.028125 0.0359375
0 0.20390625 0.1828125 0.0234375 0.034375
0 0.32265625 0.46171875 0.0296875 0.0328125
0 0.26484375 0.08359375 0.0265625 0.0453125
0 0.8515625 0.1546875 0.025 0.040625
0 0.15859375 0.546875 0.0234375 0.0375
0 0.5640625 0.73828125 0.025 0.0359375
0 0.19140625 0.62421875 0.0296875 0.0328125
0 0.73359375 0.04375 0.0453125 0.075
0 0.434375 0.11328125 0.040625 0.0515625
0 0.2484375 0.78125 0.028125 0.04375
0 0.55859375 0.63046875 0.0390625 0.0578125
0 0.7140625 0.5984375 0.01875 0.03125
0 0.0875 0.63828125 0.025 0.0296875
0 0.934375 0.21484375 0.03125 0.0328125
0 0.1421875 0.3359375 0.034375 0.05
0 0.41640625 0.46640625 0.0328125 0.0359375
0 0.3796875 0.109375 0.0375 0.040625
0 0.9546875 0.3109375 0.025 0.04375
0 0.0140625 0.1328125 0.025 0.01875
0 0.74140625 0.45859375 0.0421875 0.0546875
