0 0.16875 0.25234375 0.05625 0.0671875
0 0.34296875 0.45546875 0.0390625 0.0546875
0 0.1265625 0.28515625 0.046875 0.0421875
0 0.0578125 0.2484375 0.034375 0.046875
0 0.93359375 0.58984375 0.0390625 0.0734375
0 0.59609375 0.14453125 0.0390625 0.0515625
0 0.584375 0.58203125 0.04375 0.0609375
0 0.01875 0.36484375 0.034375 0.0421875
0 0.8 0.16015625 0.05 0.0546875
0 0.22890625 0.1203125 0.0671875 0.059375
0 0.05859375 0.3546875 0.0390625 0.05625
0 0.68671875 0.6421875 0.0359375 0.04375
0 0.63359375 0.42421875 0.0328125 0.0515625
0 0.56640625 0.43984375 0.0390625 0.0390625
0 0.28828125 0.35 0.0390625 0.0375
0 0.084375 0.446875 0.040625 0.04375
0 0.23671875 0.378125 0.0328125 0.03125
0 0.128125 0.71015625 0.05 0.0453125
0 0.49765625 0.23046875 0.0421875 0.0484375
0 0.14609375 0.18515625 0.0484375 0.0546875
0 0.97421875 0.3515625 0.0421875 0.053125
0 0.2203125 0.53828125 0.04375 0.0390625
0 0.0171875 0.3125 0.034375 0.0375
0 0.20078125 0.18125 0.0359375 0.046875
0 0.23828125 0.334375 0.0453125 0.05
0 0.2328125 0.728125 0.03125 0.046875
0 0.8203125 0.83671875 0.0375 0.0546875
0 0.79296875 0.384375 0.0703125 0.071875
0 0.17109375 0.57265625 0.0421875 0.0453125
0 0.1890625 0.0359375 0.04375 0.06875
0 0.765625 0.440625 0.0875 0.084375
0 0.73359375 0.7359375 0.0296875 0.0375
0 0.1203125 0.37890625 0.0375 0.0453125
0 0.3171875 0.71015625 0.0375 0.0390625
0 0.8265625 0.7625 0.040625 0.075
0 0.6375 0.65234375 0.034375 0.0453125
0 0.92265625 0.25234375 0.0453125 0.0546875
0 0.77890625 0.30625 0.0546875 0.075
0 0.59609375 0.3484375 0.0421875 0.059375
0 0.49609375 0.603125 0.0296875 0.034375
0 0.34375 0.30234375 0.046875 0.0546875
0 0.28984375 0.63828125 0.0296875 0.0578125
0 0.56328125 0.38828125 0.0421875 0.0515625
0 0.53203125 0.06953125 0.0484375 0.0515625
0 0.0390625 0.6640625 0.046875 0.059375
0 0.265625 0.39453125 0.03125 0.0484375
0 0.66328125 0.60625 0.0421875 0.0375
0 0.3265625 0.07265625 0.109375 0.0546875
0 0.1703125 0.6171875 0.034375 0.04375
0 0.8265625 0.284375 0.03125 0.034375
0 0.30546875 0.584375 0.0359375 0.046875
0 0.2140625 0.4515625 0.040625 0.040625
0 0.590625 0.0890625 0.034375 0.053125
0 0.67890625 0.49375 0.0421875 0.065625
0 0.31640625 0.321875 0.0328125 0.0375
0 0.20546875 0.290625 0.0359375 0.0375
0 0.1328125 0.62109375 0.03125 0.0421875
0 0.10546875 0.2359375 0.0453125 0.05
0 0.53125 0.6 0.04375 0.0875
0 0.140625 0.42890625 0.03125 0.0453125
0 0.70859375 0.5984375 0.0390625 0.05
0 0.96953125 0.72890625 0.0265625 0.0484375
0 0.23046875 0.496875 0.0328125 0.0375
0 0.56171875 0.32890625 0.0359375 0.0453125
0 0.446875 0.13671875 0.0375 0.0515625
0 0.1890625 0.47578125 0.03125 0.0390625
0 0.73046875 0.3453125 0.0421875 0.071875
0 0.93828125 0.7125 0.0328125 0.040625
0 0.62265625 0.6 0.0328125 0.0375
0 0.71875 0.1046875 0.04375 0.05625
0 0.42578125 0.59921875 0.0515625 0.0515625
0 0.08515625 0.40859375 0.0390625 0.0390625
0 0.42890625 0.09140625 0.0453125 0.0421875
0 0.66640625 0.19453125 0.0359375 0.0453125
0 0.19375 0.72578125 0.040625 0.0328125
0 0.278125 0.6984375 0.0375 0.05625
0 0.75 0.58203125 0.040625 0.0609375
0 0.1046875 0.61953125 0.03125 0.0390625
0 0.16640625 0.5296875 0.0296875 0.04375
0 0.89140625 0.58046875 0.0390625 0.0515625
0 0.68359375 0.69453125 0.0328125 0.0421875
0 0.05625 0.5234375 0.034375 0.04375
0 0.35859375 0.653125 0.0328125 0.04375
0 0.80078125 0.58984375 0.0390625 0.0609375
0 0.01171875 0.2609375 0.0234375 0.034375
0 0.29140625 0.2734375 0.0328125 0.046875
0 0.0953125 0.58125 0.04375 0.04375
0 0.38828125 0.66328125 0.0234375 0.0328125
0 0.96875 0.41640625 0.03125 0.0609375
0 0.765625 0.7515625 0.028125 0.040625
0 0.2671875 0.2921875 0.03125 0.046875
0 0.7796875 0.68515625 0.034375 0.0640625
0 0.403125 0.46484375 0.040625 0.0515625
0 0.859375 0.1921875 0.05 0.06875
0 0.61953125 0.115625 0.0328125 0.04375
0 0.5421875 0.48359375 0.028125 0.0515625
0 0.8828125 0.4140625 0.046875 0.059375
0 0.7171875 0.51171875 0.04375 0.0453125
0 0.21015625 0.40390625 0.0359375 0.0453125
0 0.1390625 0.57890625 0.028125 0.0421875
0 0.41796875 0.24296875 0.0328125 0.0484375
0 0.15 0.09140625 0.040625 0.0484375
0 0.7265625 0.69296875 0.028125 0.0484375
0 0.63203125 0.31328125 0.0390625 0.0578125
0 0.03359375 0.4375 0.0328125 0.040625
0 0.3265625 0.62578125 0.04375 0.0421875
0 0.3375 0.23125 0.040625 0.046875
0 0.26796875 0.459375 0.0390625 0.046875
0 0.56875 0.62578125 0.03125 0.0390625
0 0.6234375 0.70078125 0.0375 0.0421875
0 0.57109375 0.48046875 0.0296875 0.0421875
0 0.175 0.43203125 0.0375 0.0515625
0 0.30390625 0.490625 0.0328125 0.046875
0 0.9328125 0.4265625 0.034375 0.05625
0 0.87890625 0.0421875 0.0453125 0.046875
0 0.33125 0.5015625 0.028125 0.03125
0 0.934375 0.78203125 0.034375 0.0390625
0 0.746875 0.790625 0.040625 0.059375
0 0.55703125 0.1609375 0.0296875 0.0625
0 0.10625 0.3296875 0.040625 0.053125
0 0.721875 0.46796875 0.028125 0.0421875
0 0.475 0.5453125 0.046875 0.065625
0 0.86015625 0.8015625 0.0359375 0.059375
0 0.3546875 0.38515625 0.0375 0.0453125
0 0.07109375 0.6984375 0.0578125 0.084375
0 0.5015625 0.08671875 0.028125 0.0390625
0 0.30390625 0.384375 0.0328125 0.034375
0 0.48046875 0.27734375 0.0359375 0.0484375
0 0.934375 0.315625 0.034375 0.059375
0 0.375 0.62578125 0.028125 0.0421875
0 0.021875 0.6078125 0.04375 0.078125
0 0.85390625 0.665625 0.0296875 0.0625
0 0.028125 0.40078125 0.03125 0.0359375
0 0.43359375 0.2953125 0.0484375 0.05
0 0.134375 0.05 0.0375 0.046875
0 0.42265625 0.34453125 0.0328125 0.0484375
0 0.89453125 0.1078125 0.0359375 0.040625
0 0.17265625 0.70078125 0.0359375 0.0421875
0 0.68671875 0.30546875 0.0390625 0.0546875
0 0.753125 0.7 0.021875 0.040625
0 0.1359375 0.759375 0.034375 0.040625
0 0.20703125 0.08359375 0.0296875 0.0359375
0 0.4515625 0.2046875 0.040625 0.0625
0 0.89296875 0.3015625 0.0296875 0.053125
0 0.30625 0.4171875 0.03125 0.034375
0 0.2375 0.68046875 0.03125 0.0421875
0 0.27421875 0.57109375 0.0265625 0.0390625
0 0.384375 0.12265625 0.0375 0.0421875
0 0.5453125 0.28203125 0.059375 0.0609375
0 0.0078125 0.2234375 0.015625 0.025
0 0.2359375 0.628125 0.028125 0.05625
0 0.77734375 0.6171875 0.0296875 0.040625
0 0.078125 0.63125 0.028125 0.040625
0 0.55546875 0.1125 0.0265625 0.028125
0 0.5203125 0.1140625 0.0375 0.034375
0 0.68984375 0.3859375 0.0484375 0.090625
0 0.2109375 0.359375 0.025 0.040625
0 0.86328125 0.13671875 0.0234375 0.0296875
0 0.05234375 0.29765625 0.0296875 0.0484375
0 0.6984375 0.2640625 0.040625 0.04375
0 0.75703125 0.64453125 0.0265625 0.0421875
0 0.1875 0.33046875 0.034375 0.0546875
0 0.8296875 0.71796875 0.040625 0.0421875
0 0.88984375 0.7828125 0.0359375 0.0625
0 0.08671875 0.2875 0.0296875 0.034375
0 0.58984375 0.6359375 0.0234375 0.03125
0 0.5015625 0.4796875 0.040625 0.05
0 0.01953125 0.1078125 0.0328125 0.059375
0 0.4942156456953642 0.3692208195364238 0.06030629139072845 0.0696916390728477
0 0.17265625 0.1234375 0.0359375 0.04375
0 0.1 0.17890625 0.028125 0.0484375
0 0.59453125 0.53828125 0.0421875 0.0359375
0 0.54765625 0.2375 0.0296875 0.04375
0 0.9328125 0.065625 0.040625 0.128125
0 0.0890625 0.3703125 0.025 0.034375
0 0.46328125 0.68671875 0.0265625 0.0328125
0 0.66328125 0.6734375 0.0296875 0.04375
0 0.859375 0.2875 0.028125 0.05625
0 0.31328125 0.1140625 0.0421875 0.0375
0 0.57421875 0.70390625 0.0296875 0.0390625
0 0.08125 0.053125 0.034375 0.059375
0 0.159375 0.37734375 0.034375 0.0484375
0 0.115625 0.10546875 0.025 0.0421875
0 0.46640625 0.07734375 0.0265625 0.0546875
0 0.2109375 0.25 0.025 0.034375
0 0.425 0.496875 0.034375 0.04375
0 0.05390625 0.415625 0.0234375 0.03125
0 0.48984375 0.16015625 0.0421875 0.0703125
0 0.6 0.68359375 0.034375 0.0421875
0 0.0421875 0.46484375 0.0375 0.0328125
0 0.20703125 0.58984375 0.0296875 0.0296875
0 0.2390625 0.5796875 0.021875 0.0375
0 0.9625 0.77421875 0.025 0.0359375
0 0.696875 0.74453125 0.028125 0.0359375
0 0.50703125 0.18203125 0.0296875 0.0328125
0 0.025 0.28203125 0.03125 0.0234375
0 0.815625 0.053125 0.04375 0.05
0 0.32421875 0.35703125 0.0265625 0.0328125
0 0.8421875 0.465625 0.04375 0.071875
0 0.41953125 0.4140625 0.0734375 0.078125
0 0.37890625 0.5625 0.0390625 0.040625
0 0.30703125 0.45078125 0.0234375 0.0265625
0 0.203125 0.625 0.025 0.040625
0 0.94140625 0.74453125 0.0234375 0.0265625
0 0.1296875 0.665625 0.03125 0.0375
0 0.83203125 0.1390625 0.0265625 0.03125
0 0.8859375 0.4859375 0.034375 0.06875
0 0.0703125 0.18515625 0.021875 0.0359375
0 0.9453125 0.65859375 0.025 0.0484375
0 0.19765625 0.5078125 0.0265625 0.028125
0 0.446875 0.253125 0.025 0.034375
0 0.3234375 0.178125 0.028125 0.053125
0 0.27421875 0.1703125 0.0453125 0.0625
0 0.65625 0.11328125 0.028125 0.0671875
0 0.0078125 0.1859375 0.015625 0.03125
0 0.91953125 0.65703125 0.0265625 0.0546875
0 0.1390625 0.34609375 0.03125 0.0328125
0 0.3203125 0.271875 0.025 0.040625
0 0.59921875 0.42890625 0.0234375 0.0390625
0 0.825 0.328125 0.03125 0.046875
0 0.25625 0.6015625 0.025 0.034375
0 0.18515625 0.375 0.0203125 0.034375
0 0.08671875 0.1125 0.0234375 0.03125
0 0.43515625 0.6671875 0.0265625 0.03125
0 0.88125 0.35 0.03125 0.0375
0 0.41484375 0.1828125 0.0234375 0.05625
0 0.70703125 0.7765625 0.0234375 0.034375
0 0.20859375 0.69921875 0.0234375 0.0265625
0 0.16796875 0.75703125 0.0265625 0.0390625
0 0.49921875 0.32265625 0.0421875 0.0328125
0 0.6125 0.20703125 0.025 0.0421875
0 0.23359375 0.28671875 0.0203125 0.0328125
0 0.00234375 0.10625 0.0046875 0.0375
0 0.8010451158940398 0.5164838576158941 0.046875 0.059375
