0 0.34765625 0.6 0.0484375 0.053125
0 0.21796875 0.35546875 0.0578125 0.0609375
0 0.28046875 0.42421875 0.0453125 0.0546875
0 0.04921875 0.73046875 0.0546875 0.0703125
0 0.3015625 0.38125 0.0375 0.046875
0 0.521875 0.1984375 0.10625 0.084375
0 0.27109375 0.11171875 0.0453125 0.0546875
0 0.56015625 0.24453125 0.0453125 0.0515625
0 0.31015625 0.51640625 0.0390625 0.0515625
0 0.80859375 0.190625 0.0515625 0.078125
0 0.1640625 0.34296875 0.040625 0.0640625
0 0.2765625 0.24140625 0.046875 0.0515625
0 0.4015625 0.4109375 0.034375 0.04375
0 0.1421875 0.63046875 0.040625 0.0484375
0 0.31953125 0.2890625 0.0359375 0.0625
0 0.96015625 0.3765625 0.0359375 0.040625
0 0.90625 0.63515625 0.03125 0.0453125
0 0.15390625 0.57890625 0.0453125 0.0421875
0 0.7953125 0.7046875 0.0375 0.046875
0 0.87421875 0.16875 0.0421875 0.05
0 0.21484375 0.63515625 0.0421875 0.0484375
0 0.315625 0.65 0.0375 0.04375
0 0.078125 0.4453125 0.034375 0.046875
0 0.4078125 0.5984375 0.034375 0.040625
0 0.8265625 0.353125 0.034375 0.04375
0 0.8859375 0.34921875 0.04375 0.0453125
0 0.925 0.31796875 0.0375 0.0484375
0 0.546875 0.59296875 0.053125 0.0484375
0 0.34453125 0.3140625 0.0328125 0.0375
0 0.90234375 0.40703125 0.0421875 0.0421875
0 0.30625 0.825 0.034375 0.04375
0 0.49609375 0.40234375 0.0421875 0.0421875
0 0.0171875 0.40078125 0.034375 0.0609375
0 0.5953125 0.6890625 0.040625 0.040625
0 0.4 0.26171875 0.0375 0.0515625
0 0.2734375 0.7203125 0.053125 0.05
0 0.32421875 0.44921875 0.0609375 0.0671875
0 0.03515625 0.67890625 0.0296875 0.0390625
0 0.86015625 0.65078125 0.0328125 0.0453125
0 0.09921875 0.34140625 0.0359375 0.0421875
0 0.50859375 0.51015625 0.0328125 0.0390625
0 0.1546875 0.46875 0.0375 0.06875
0 0.034375 0.55234375 0.03125 0.0421875
0 0.3 0.778125 0.03125 0.04375
0 0.55703125 0.30234375 0.0515625 0.0546875
0 0.24453125 0.06171875 0.0390625 0.0390625
0 0.134375 0.3890625 0.040625 0.065625
0 0.7734375 0.63046875 0.040625 0.0453125
0 0.3984375 0.45 0.03125 0.034375
0 0.0703125 0.325 0.03125 0.046875
0 0.6859375 0.56875 0.0375 0.065625
0 0.01640625 0.221875 0.0328125 0.05625
0 0.63359375 0.365625 0.0390625 0.046875
0 0.87421875 0.5734375 0.0359375 0.05625
0 0.753125 0.2140625 0.028125 0.0375
0 0.29296875 0.615625 0.0328125 0.040625
0 0.603125 0.2578125 0.053125 0.065625
0 0.540625 0.728125 0.03125 0.04375
0 0.55625 0.06640625 0.04375 0.0546875
0 0.31015625 0.33984375 0.0328125 0.0359375
0 0.721875 0.30234375 0.05 0.0609375
0 0.18359375 0.7375 0.0796875 0.08125
0 0.22265625 0.10546875 0.0328125 0.0515625
0 0.61875 0.3171875 0.034375 0.040625
0 0.65390625 0.58046875 0.0265625 0.0359375
0 0.24765625 0.81015625 0.0359375 0.0359375
0 0.7578125 0.25703125 0.034375 0.0453125
0 0.56171875 0.4921875 0.0421875 0.05
0 0.2703125 0.30625 0.040625 0.053125
0 0.15390625 0.1203125 0.0453125 0.05625
0 0.0125 0.3296875 0.025 0.0625
0 0.4296875 0.46953125 0.03125 0.0453125
0 0.453125 0.7359375 0.034375 0.040625
0 0.3140625 0.0984375 0.0375 0.0375
0 0.35 0.3859375 0.046875 0.040625
0 0.5859375 0.34375 0.040625 0.046875
0 0.5328125 0.6765625 0.025 0.034375
0 0.89765625 0.01953125 0.0296875 0.0390625
0 0.4390625 0.584375 0.03125 0.040625
0 0.728125 0.12265625 0.03125 0.0640625
0 0.01015625 0.75625 0.0203125 0.0375
0 0.62265625 0.56796875 0.0453125 0.0515625
0 0.8234375 0.059375 0.04375 0.046875
0 0.4703125 0.6734375 0.03125 0.04375
0 0.08515625 0.684375 0.0421875 0.04375
0 0.98203125 0.2078125 0.0296875 0.05625
0 0.91328125 0.23125 0.0328125 0.040625
0 0.22734375 0.29765625 0.0328125 0.0453125
0 0.76015625 0.68046875 0.0296875 0.0453125
0 0.18125 0.18984375 0.040625 0.0734375
0 0.25078125 0.50625 0.0328125 0.0375
0 0.34140625 0.35078125 0.0328125 0.0390625
0 0.15546875 0.67109375 0.0328125 0.0421875
0 0.37578125 0.80859375 0.0328125 0.0390625
0 0.3609375 0.7078125 0.0375 0.0375
0 0.16171875 0.2765625 0.0515625 0.053125
0 0.83046875 0.5625 0.0296875 0.0375
0 0.2046875 0.15078125 0.03125 0.0328125
0 0.6921875 0.02265625 0.065625 0.0453125
0 0.21875 0.44921875 0.040625 0.0515625
0 0.61328125 0.42109375 0.0359375 0.0515625
0 0.89453125 0.79140625 0.0390625 0.0421875
0 0.26796875 0.7671875 0.0359375 0.040625
0 0.2515625 0.1953125 0.028125 0.040625
0 0.53671875 0.78671875 0.0328125 0.0453125
0 0.503125 0.3546875 0.05625 0.040625
0 0.128125 0.30625 0.034375 0.034375
0 0.278125 0.1859375 0.03125 0.059375
0 0.59296875 0.75703125 0.0421875 0.0828125
0 0.42265625 0.353125 0.0328125 0.040625
0 0.3484375 0.0703125 0.0375 0.0375
0 0.11015625 0.6046875 0.0359375 0.046875
0 0.48671875 0.875 0.0296875 0.0375
0 0.115625 0.4421875 0.040625 0.04375
0 0.76953125 0.40859375 0.0296875 0.0421875
0 0.13671875 0.20390625 0.0359375 0.0640625
0 0.6314259105960265 0.07109375 0.04027317880794694 0.0453125
0 0.42265625 0.81953125 0.0578125 0.0484375
0 0.36640625 0.43671875 0.0296875 0.0546875
0 0.18125 0.6140625 0.0375 0.0375
0 0.23828125 0.15078125 0.0359375 0.0421875
0 0.56328125 0.7734375 0.0359375 0.05625
0 0.3605805049668874 0.740950951986755 0.03991100993377481 0.03815190397350996
0 0.41875 0.7640625 0.034375 0.046875
0 0.33203125 0.81171875 0.0359375 0.0484375
0 0.33671875 0.86953125 0.0296875 0.0546875
0 0.97890625 0.4765625 0.0328125 0.034375
0 0.49375 0.575 0.046875 0.05
0 0.04765625 0.36484375 0.0421875 0.0390625
0 0.2 0.5234375 0.034375 0.046875
0 0.51796875 0.62890625 0.0390625 0.0546875
0 0.0109375 0.54140625 0.021875 0.0609375
0 0.1171875 0.12890625 0.03125 0.0390625
0 0.45078125 0.85234375 0.0359375 0.0390625
0 0.0390625 0.19296875 0.04375 0.0484375
0 0.475 0.509375 0.03125 0.0375
0 0.08828125 0.50703125 0.0328125 0.0359375
0 0.35234375 0.1140625 0.0359375 0.05
0 0.8328125 0.0109375 0.040625 0.021875
0 0.6015625 0.4859375 0.034375 0.034375
0 0.93671875 0.42578125 0.0328125 0.0421875
0 0.05546875 0.84140625 0.0328125 0.0671875
0 0.803125 0.43046875 0.03125 0.0484375
0 0.98125 0.084375 0.028125 0.0375
0 0.76015625 0.51953125 0.0265625 0.0484375
0 0.9625 0.13203125 0.0375 0.0453125
0 0.509375 0.3109375 0.025 0.040625
0 0.55625 0.54375 0.028125 0.04375
0 0.8890625 0.2921875 0.0375 0.046875
0 0.68125 0.23125 0.0375 0.046875
0 0.4125 0.50078125 0.025 0.0359375
0 0.415625 0.6359375 0.0375 0.046875
0 0.96796875 0.34375 0.0265625 0.03125
0 0.8453125 0.52578125 0.0375 0.0390625
0 0.05234375 0.13125 0.0453125 0.04375
0 0.33828125 0.54453125 0.0359375 0.0484375
0 0.2234375 0.2625 0.028125 0.03125
0 0.02734375 0.803125 0.0390625 0.046875
0 0.06796875 0.4 0.0328125 0.04375
0 0.0234375 0.8921875 0.04375 0.046875
0 0.28828125 0.54765625 0.0234375 0.0328125
0 0.7015625 0.175 0.059375 0.046875
0 0.47421875 0.478125 0.0296875 0.0375
0 0.509375 0.084375 0.065625 0.040625
0 0.10078125 0.40703125 0.0328125 0.0328125
0 0.38046875 0.65859375 0.0328125 0.0671875
0 0.26640625 0.6703125 0.0484375 0.059375
0 0.64375 0.63125 0.04375 0.053125
0 0.8734375 0.05625 0.0375 0.053125
0 0.14140625 0.53203125 0.0265625 0.0421875
0 0.86953125 0.10625 0.0328125 0.05
0 0.31015625 0.5703125 0.0328125 0.040625
0 0.7015625 0.3984375 0.028125 0.03125
0 0.2703125 0.58515625 0.028125 0.0484375
0 0.8703125 0.3890625 0.03125 0.034375
0 0.04140625 0.4484375 0.0359375 0.040625
0 0.45859375 0.36640625 0.0328125 0.0421875
0 0.1015625 0.86328125 0.053125 0.0796875
0 0.66640625 0.490625 0.0390625 0.046875
0 0.28203125 0.06328125 0.0265625 0.0328125
0 0.50859375 0.7859375 0.0265625 0.053125
0 0.590625 0.38671875 0.028125 0.0359375
0 0.315625 0.7078125 0.03125 0.05625
0 0.32890625 0.77265625 0.0328125 0.0359375
0 0.7953125 0.52265625 0.028125 0.0421875
0 0.5890625 0.83125 0.046875 0.046875
0 0.778125 0.07734375 0.03125 0.0359375
0 0.4546875 0.2234375 0.028125 0.040625
0 0.546875 0.834375 0.034375 0.040625
0 0.8484375 0.3359375 0.03125 0.046875
0 0.7171875 0.21875 0.03125 0.034375
0 0.7375 0.3578125 0.028125 0.0375
0 0.1953125 0.253125 0.028125 0.040625
0 0.74375 0.3921875 0.028125 0.034375
0 0.7984375 0.3484375 0.028125 0.034375
0 0.0203125 0.48359375 0.03125 0.0421875
0 0.396875 0.20078125 0.028125 0.0328125
0 0.01328125 0.103125 0.0265625 0.05
0 0.6453125 0.70234375 0.04375 0.0453125
0 0.771875 0.45625 0.04375 0.046875
0 0.2078125 0.56875 0.0375 0.053125
0 0.64296875 0.4578125 0.0265625 0.05
0 0.57578125 0.44765625 0.0484375 0.0421875
0 0.80234375 0.5640625 0.0234375 0.0375
0 0.43359375 0.27578125 0.0265625 0.0390625
0 0.02421875 0.0609375 0.0265625 0.03125
0 0.58359375 0.525 0.0234375 0.03125
0 0.8234375 0.7265625 0.025 0.034375
0 0.73359375 0.509375 0.0265625 0.040625
0 0.54453125 0.37421875 0.0328125 0.0421875
0 0.0484375 0.01875 0.03125 0.0375
0 0.36640625 0.19609375 0.0359375 0.0640625
0 0.8265625 0.5 0.0375 0.04375
0 0.1078125 0.25078125 0.034375 0.0453125
0 0.8171875 0.11015625 0.0375 0.0515625
0 0.52578125 0.55234375 0.0296875 0.0390625
0 0.46171875 0.7859375 0.0265625 0.0375
0 0.4421875 0.52578125 0.03125 0.0546875
0 0.44375 0.18515625 0.034375 0.0421875
0 0.13046875 0.33828125 0.0234375 0.0296875
0 0.60234375 0.18515625 0.0421875 0.0640625
0 0.746875 0.05859375 0.034375 0.0421875
0 0.3984375 0.37421875 0.03125 0.0328125
0 0.3140625 0.15 0.034375 0.065625
0 0.44765625 0.403125 0.0390625 0.0375
0 0.728125 0.40859375 0.021875 0.0328125
0 0.38671875 0.06640625 0.0328125 0.0359375
0 0.69765625 0.50703125 0.0421875 0.0484375
0 0.26328125 0.53828125 0.0265625 0.0328125
0 0.278125 0.80546875 0.025 0.0265625
0 0.453125 0.434375 0.03125 0.0375
0 0.56171875 0.125 0.0296875 0.046875
0 0.83125 0.63828125 0.028125 0.0359375
0 0.3765625 0.31796875 0.028125 0.0421875
0 0.16875 0.525 0.028125 0.065625
0 0.22578125 0.8515625 0.0515625 0.040625
0 0.40859375 0.55390625 0.0296875 0.0421875
0 0.45234375 0.7015625 0.0234375 0.03125
0 0.50703125 0.696875 0.0328125 0.040625
0 0.178125 0.65703125 0.028125 0.0359375
0 0.62890625 0.7265625 0.0296875 0.04375
0 0.846875 0.70078125 0.034375 0.0484375
0 0.24140625 0.5625 0.0234375 0.034375
0 0.55078125 0.40625 0.0390625 0.046875
0 0.0125 0.8375 0.021875 0.03125
0 0.5109375 0.271875 0.034375 0.0375
0 0.334375 0.184375 0.03125 0.04375
0 0.72109375 0.7171875 0.0328125 0.04375
0 0.45703125 0.3015625 0.0234375 0.028125
0 0.27890625 0.84765625 0.0359375 0.0515625
0 0.3734375 0.53671875 0.025 0.0390625
0 0.39375 0.3390625 0.025 0.034375
0 0.2296875 0.6890625 0.025 0.034375
0 0.575 0.71171875 0.01875 0.0296875
0 0.08671875 0.21328125 0.0390625 0.0421875
0 0.85 0.21640625 0.03125 0.0515625
0 0.8109375 0.3078125 0.028125 0.0375
0 0.78671875 0.665625 0.0234375 0.03125
0 0.6953125 0.321875 0.03125 0.06875
0 0.771875 0.32890625 0.03125 0.0421875
0 0.98515625 0.31640625 0.0234375 0.0296875
0 0.096875 0.30078125 0.025 0.0421875
0 0.22421875 0.21171875 0.0296875 0.0453125
0 0.71015625 0.4359375 0.0296875 0.0375
0 0.4140625 0.68671875 0.021875 0.0453125
0 0.44375 0.10546875 0.03125 0.0578125
0 0.5015625 0.4765625 0.021875 0.03125
0 0.78046875 0.0390625 0.0359375 0.03125
0 0.85078125 0.4390625 0.0265625 0.034375
0 0.37734375 0.3640625 0.0203125 0.03125
0 0.2421875 0.40546875 0.028125 0.0421875
0 0.834375 0.2453125 0.034375 0.028125
0 0.86875 0.6828125 0.021875 0.03125
0 0.0578125 0.2828125 0.03125 0.034375
0 0.9234375 0.2734375 0.0375 0.040625
0 0.4984375 0.6640625 0.028125 0.028125
0 0.1734375 0.3953125 0.03125 0.034375
0 0.09609375 0.1734375 0.0578125 0.04375
0 0.0078125 0.2671875 0.015625 0.025
0 0.69921875 0.4625 0.0328125 0.028125
0 0.04453125 0.25234375 0.0421875 0.0453125
0 0.090625 0.65 0.034375 0.028125
0 0.93125 0.17890625 0.034375 0.0578125
0 0.48828125 0.63125 0.0234375 0.03125
0 0.48671875 0.309375 0.0203125 0.04375
0 0.396875 0.09921875 0.034375 0.0328125
0 0.884375 0.71484375 0.025 0.0328125
0 0.115625 0.53125 0.021875 0.03125
0 0.63125 0.19765625 0.025 0.0421875
0 0.68828125 0.63203125 0.0359375 0.0421875
0 0.65390625 0.53671875 0.0265625 0.0296875
0 0.3578125 0.5 0.0375 0.028125
0 0.75234375 0.11953125 0.0296875 0.0453125
0 0.365625 0.2734375 0.0375 0.046875
0 0.45390625 0.32421875 0.0328125 0.0390625
0 0.49140625 0.14765625 0.0296875 0.0328125
0 0.896875 0.68125 0.025 0.046875
0 0.27734375 0.49921875 0.0203125 0.0359375
0 0.73984375 0.6234375 0.0265625 0.05
0 0.45703125 0.62734375 0.0265625 0.0359375
0 0.23984375 0.74453125 0.0203125 0.0390625
0 0.87421875 0.4453125 0.0234375 0.0375
