0 0.68828125 0.2765625 0.0765625 0.0625
0 0.13203125 0.37421875 0.0421875 0.0484375
0 0.11171875 0.16484375 0.0515625 0.0609375
0 0.30390625 0.52265625 0.0390625 0.0515625
0 0.43046875 0.8421875 0.0328125 0.065625
0 0.61328125 0.42421875 0.0453125 0.0671875
0 0.1 0.46953125 0.04375 0.0453125
0 0.2484375 0.37734375 0.04375 0.0515625
0 0.2453125 0.6625 0.04375 0.040625
0 0.7406043046357617 0.8338472682119205 0.0375 0.053125
0 0.1375 0.50078125 0.0375 0.0421875
0 0.128125 0.80390625 0.059375 0.0703125
0 0.6515625 0.7640625 0.040625 0.046875
0 0.43203125 0.4984375 0.0515625 0.053125
0 0.5796875 0.7140625 0.028125 0.03125
0 0.94296875 0.596875 0.0515625 0.059375
0 0.6859375 0.5375 0.034375 0.05
0 0.5265625 0.33125 0.046875 0.046875
0 0.24296875 0.43125 0.0609375 0.05
0 0.45859375 0.2109375 0.0484375 0.05
0 0.20390625 0.48984375 0.0765625 0.0671875
0 0.70859375 0.3375 0.0515625 0.04375
0 0.91015625 0.3046875 0.0765625 0.065625
0 0.0765625 0.20703125 0.0375 0.0390625
0 0.2330453228476821 0.7398230546357617 0.0328125 0.03906250000000009
0 0.0390625 0.20078125 0.034375 0.0359375
0 0.753125 0.67421875 0.04375 0.0453125
0 0.28515625 0.64453125 0.0421875 0.0515625
0 0.34921875 0.33671875 0.0546875 0.0890625
0 0.51796875 0.69921875 0.0359375 0.0515625
0 0.6375 0.47265625 0.0375 0.0546875
0 0.46484375 0.75 0.0328125 0.065625
0 0.6671875 0.425 0.040625 0.040625
0 0.27890625 0.49375 0.0359375 0.040625
0 0.0359375 0.24609375 0.0625 0.0546875
0 0.68515625 0.37421875 0.0421875 0.0515625
0 0.56015625 0.65390625 0.0296875 0.0359375
0 0.17109375 0.153125 0.0390625 0.040625
0 0.21875 0.5515625 0.05 0.046875
0 0.3578125 0.64375 0.034375 0.059375
0 0.8317363410596027 0.8015418046357616 0.0375 0.05
0 0.434375 0.3359375 0.0375 0.040625
0 0.228125 0.33203125 0.03125 0.0421875
0 0.04765625 0.48125 0.0296875 0.040625
0 0.8140625 0.60703125 0.034375 0.0421875
0 0.69609375 0.78515625 0.0359375 0.0578125
0 0.43515625 0.65625 0.0328125 0.05
0 0.584375 0.75078125 0.034375 0.0484375
0 0.92421875 0.396875 0.0421875 0.053125
0 0.29140625 0.34921875 0.0390625 0.0390625
0 0.55390625 0.1203125 0.0453125 0.05
0 0.55703125 0.259375 0.0328125 0.034375
0 0.1171875 0.5359375 0.025 0.034375
0 0.01796875 0.47734375 0.0296875 0.0421875
0 0.0609375 0.1734375 0.028125 0.034375
0 0.64296875 0.3859375 0.0515625 0.040625
0 0.46171875 0.64453125 0.0265625 0.0484375
0 0.56640625 0.61640625 0.0296875 0.0359375
0 0.08828125 0.6578125 0.0265625 0.04375
0 0.04765625 0.52734375 0.0328125 0.0453125
0 0.3734375 0.734375 0.04375 0.040625
0 0.7328125 0.72734375 0.05625 0.0484375
0 0.6 0.8046875 0.040625 0.04375
0 0.865625 0.7125 0.040625 0.075
0 0.1 0.61328125 0.034375 0.0390625
0 0.5953125 0.51171875 0.05625 0.0734375
0 0.41796875 0.42109375 0.0421875 0.0578125
0 0.22109375 0.6046875 0.0390625 0.04375
0 0.446875 0.15625 0.046875 0.053125
0 0.721875 0.5546875 0.034375 0.04375
0 0.740625 0.21640625 0.034375 0.0609375
0 0.0875 0.53515625 0.040625 0.0421875
0 0.9703125 0.35703125 0.046875 0.0703125
0 0.01875 0.621875 0.034375 0.059375
0 0.3609375 0.13046875 0.040625 0.0515625
0 0.66875 0.8109375 0.0375 0.05625
0 0.975 0.26484375 0.04375 0.0546875
0 0.40078125 0.18515625 0.0328125 0.0421875
0 0.56015625 0.36640625 0.0515625 0.0609375
0 0.94453125 0.69375 0.0359375 0.05
0 0.26328125 0.1390625 0.0390625 0.059375
0 0.03984375 0.2984375 0.0359375 0.04375
0 0.1578125 0.70546875 0.0375 0.0453125
0 0.71171875 0.4265625 0.0421875 0.040625
0 0.84453125 0.5625 0.0515625 0.096875
0 0.48984375 0.13828125 0.0453125 0.0359375
0 0.17265625 0.61875 0.0359375 0.0375
0 0.11953125 0.08828125 0.0390625 0.0421875
0 0.72109375 0.61640625 0.0421875 0.0671875
0 0.55703125 0.303125 0.0390625 0.05
0 0.39765625 0.5421875 0.0421875 0.05
0 0.8976148592715232 0.7814414321192051 0.0328125 0.060937499999999645
0 0.20234375 0.2921875 0.0296875 0.040625
0 0.23203125 0.278125 0.0296875 0.046875
0 0.53671875 0.45546875 0.0328125 0.0421875
0 0.428125 0.7015625 0.034375 0.0375
0 0.5171875 0.3734375 0.03125 0.034375
0 0.70625 0.48203125 0.046875 0.0671875
0 0.490625 0.43203125 0.028125 0.0421875
0 0.5171875 0.8796875 0.034375 0.06875
0 0.7734375 0.08828125 0.046875 0.0703125
0 0.70625 0.12578125 0.05 0.0359375
0 0.7578125 0.42734375 0.040625 0.0546875
0 0.14609375 0.46171875 0.0328125 0.0328125
0 0.5328125 0.64453125 0.03125 0.0453125
0 0.48671875 0.71171875 0.0390625 0.0359375
0 0.2859375 0.45625 0.03125 0.040625
0 0.20078125 0.0609375 0.0359375 0.0375
0 0.58671875 0.28828125 0.0328125 0.0390625
0 0.125 0.30234375 0.0375 0.0640625
0 0.31796875 0.66953125 0.0421875 0.0421875
0 0.50625 0.29453125 0.03125 0.0390625
0 0.0640625 0.6328125 0.0375 0.05625
0 0.24921875 0.853125 0.0359375 0.04375
0 0.20625 0.2046875 0.034375 0.0375
0 0.165625 0.65390625 0.034375 0.0484375
0 0.1609375 0.40703125 0.028125 0.0453125
0 0.92109375 0.52109375 0.0546875 0.0734375
0 0.28046875 0.31484375 0.0578125 0.0515625
0 0.65703125 0.57890625 0.0359375 0.0453125
0 0.45703125 0.43125 0.0296875 0.040625
0 0.2625 0.08046875 0.0875 0.0453125
0 0.80390625 0.30078125 0.1078125 0.0859375
0 0.32890625 0.48515625 0.0421875 0.0703125
0 0.2226148592715232 0.909882036423841 0.0546875 0.06875
0 0.35 0.7671875 0.028125 0.040625
0 0.221875 0.23359375 0.03125 0.0265625
0 0.70234375 0.0234375 0.0484375 0.046875
0 0.7453125 0.16328125 0.034375 0.0453125
0 0.38046875 0.5984375 0.0328125 0.05
0 0.46953125 0.33515625 0.0265625 0.0328125
0 0.4671875 0.36171875 0.053125 0.0359375
0 0.49375 0.4625 0.034375 0.034375
0 0.8609375 0.16796875 0.04375 0.0421875
0 0.0734375 0.13046875 0.04375 0.0546875
0 0.203125 0.6546875 0.040625 0.046875
0 0.63046875 0.1390625 0.0390625 0.04375
0 0.66640625 0.66640625 0.0734375 0.0734375
0 0.0140625 0.55078125 0.028125 0.0953125
0 0.409375 0.2296875 0.03125 0.04375
0 0.0890625 0.71953125 0.040625 0.0703125
0 0.0125 0.42109375 0.025 0.0640625
0 0.2578125 0.4671875 0.028125 0.034375
0 0.4359375 0.278125 0.03125 0.0375
0 0.66484375 0.23203125 0.0328125 0.0328125
0 0.63671875 0.29375 0.0265625 0.04375
0 0.640625 0.61796875 0.040625 0.0484375
0 0.79140625 0.6515625 0.0390625 0.04375
0 0.57421875 0.18046875 0.0796875 0.0578125
0 0.32421875 0.20625 0.0609375 0.040625
0 0.534375 0.05703125 0.03125 0.0203125
0 0.821875 0.0625 0.046875 0.059375
0 0.3 0.1390625 0.025 0.03125
0 0.440625 0.55390625 0.03125 0.0578125
0 0.19453125 0.34140625 0.0296875 0.0546875
0 0.39375 0.625 0.034375 0.04375
0 0.365625 0.18203125 0.028125 0.0421875
0 0.17265625 0.20078125 0.0328125 0.0328125
0 0.10703125 0.575 0.0359375 0.0375
0 0.8947226821192054 0.375274213576159 0.046875 0.057812500000000086
0 0.29140625 0.2484375 0.0296875 0.04375
0 0.39609375 0.8265625 0.0296875 0.05
0 0.4734375 0.065625 0.03125 0.03125
0 0.13828125 0.21484375 0.0453125 0.0640625
0 0.615625 0.2359375 0.0375 0.034375
0 0.175 0.89765625 0.03125 0.0484375
0 0.63671875 0.53359375 0.0234375 0.0265625
0 0.60703125 0.85 0.0234375 0.040625
0 0.1578125 0.1078125 0.03125 0.040625
0 0.25703125 0.25234375 0.0328125 0.0640625
0 0.0453125 0.378125 0.0625 0.046875
0 0.36796875 0.684375 0.0421875 0.040625
0 0.115625 0.640625 0.028125 0.04375
0 0.0703125 0.58125 0.03125 0.040625
0 0.190625 0.2375 0.025 0.034375
0 0.6171875 0.31484375 0.025 0.0328125
0 0.54921875 0.52578125 0.0328125 0.0328125
0 0.775 0.215625 0.025 0.0375
0 0.4109375 0.80078125 0.025 0.0328125
0 0.13671875 0.73984375 0.0265625 0.0359375
0 0.14765625 0.06015625 0.0265625 0.0265625
0 0.58359375 0.08125 0.0453125 0.040625
0 0.0328125 0.33828125 0.05625 0.0296875
0 0.31484375 0.840625 0.0328125 0.05
0 0.746875 0.31796875 0.05625 0.0609375
0 0.41015625 0.11953125 0.0359375 0.0390625
0 0.40703125 0.7671875 0.0203125 0.034375
0 0.328125 0.6265625 0.028125 0.034375
0 0.30390625 0.171875 0.0515625 0.034375
0 0.621875 0.5625 0.03125 0.028125
0 0.72734375 0.38046875 0.0390625 0.0453125
0 0.5421875 0.49609375 0.040625 0.0515625
0 0.71171875 0.17109375 0.0265625 0.0421875
0 0.3359375 0.42265625 0.053125 0.0390625
0 0.55859375 0.8703125 0.0296875 0.059375
0 0.0203125 0.159375 0.0375 0.0625
0 0.7046875 0.21953125 0.034375 0.0421875
0 0.16640625 0.23515625 0.0234375 0.0328125
0 0.5515625 0.68984375 0.025 0.0359375
0 0.0453125 0.4390625 0.025 0.040625
0 0.49140625 0.5265625 0.0578125 0.034375
0 0.15234375 0.28671875 0.0296875 0.0359375
0 0.44921875 0.39765625 0.0265625 0.0359375
0 0.140625 0.54140625 0.021875 0.0359375
0 0.5015625 0.75625 0.03125 0.04375
0 0.18984375 0.70625 0.0234375 0.04375
0 0.77265625 0.6 0.0421875 0.059375
0 0.13671875 0.62734375 0.0265625 0.0390625
0 0.29453125 0.39453125 0.0484375 0.0359375
0 0.66171875 0.16328125 0.0234375 0.0578125
0 0.83671875 0.3921875 0.0359375 0.05
0 0.36171875 0.56328125 0.0296875 0.0703125
0 0.9765625 0.49140625 0.034375 0.0703125
0 0.26015625 0.5921875 0.0296875 0.071875
0 0.89296875 0.23125 0.0390625 0.05
0 0.4 0.146875 0.025 0.03125
0 0.90625 0.16796875 0.03125 0.0546875
0 0.4921875 0.55859375 0.025 0.0296875
0 0.0953125 0.2421875 0.0375 0.0375
0 0.36796875 0.446875 0.0484375 0.05
0 0.47734375 0.603125 0.0265625 0.05
0 0.6921875 0.72421875 0.03125 0.0421875
0 0.3171875 0.5734375 0.028125 0.040625
0 0.0140625 0.6828125 0.025 0.0375
0 0.71953125 0.675 0.0265625 0.040625
0 0.4171875 0.0578125 0.0375 0.021875
0 0.79765625 0.7125 0.0328125 0.04375
0 0.0703125 0.45234375 0.021875 0.0328125
0 0.4625 0.83984375 0.021875 0.0359375
0 0.76875 0.54296875 0.0375 0.0421875
0 0.58359375 0.25546875 0.0234375 0.0296875
0 0.23671875 0.6984375 0.0265625 0.028125
0 0.52578125 0.4125 0.0453125 0.040625
0 0.50390625 0.1140625 0.0359375 0.040625
0 0.1375 0.58984375 0.021875 0.0328125
0 0.73671875 0.51484375 0.0328125 0.0390625
0 0.321875 0.78125 0.021875 0.04375
0 0.0765625 0.2953125 0.03125 0.05625
0 0.46640625 0.2890625 0.0265625 0.05
0 0.0046875 0.36171875 0.009375 0.0390625
0 0.84375 0.64296875 0.028125 0.0390625
0 0.08671875 0.38046875 0.0234375 0.0421875
0 0.56328125 0.8 0.0296875 0.04375
0 0.12421875 0.67578125 0.0453125 0.0453125
0 0.37890625 0.2171875 0.0234375 0.03125
0 0.43359375 0.76328125 0.0234375 0.0453125
0 0.52109375 0.82734375 0.0203125 0.0328125
0 0.18125 0.54140625 0.034375 0.0328125
0 0.2 0.3921875 0.028125 0.0375
0 0.23671875 0.215625 0.0328125 0.028125
0 0.0453125 0.75859375 0.025 0.0328125
0 0.14921875 0.34296875 0.0234375 0.0390625
0 0.38671875 0.26171875 0.0265625 0.0359375
0 0.84375 0.44921875 0.034375 0.0546875
0 0.9125 0.68046875 0.028125 0.0484375
0 0.41953125 0.7359375 0.0234375 0.034375
0 0.91171875 0.63046875 0.0234375 0.0390625
0 0.4875 0.8328125 0.03125 0.040625
0 0.6234375 0.73046875 0.03125 0.0484375
0 0.48359375 0.67578125 0.0265625 0.0390625
0 0.81640625 0.16796875 0.0328125 0.0390625
