0 0.59765625 0.42109375 0.0453125 0.0484375
0 0.19765625 0.5515625 0.0515625 0.059375
0 0.6953125 0.2234375 0.046875 0.05625
0 0.21015625 0.75625 0.0390625 0.053125
0 0.3375 0.74609375 0.04375 0.0609375
0 0.7546875 0.2359375 0.05 0.065625
0 0.46328125 0.11484375 0.0703125 0.0609375
0 0.46796875 0.559375 0.0453125 0.0625
0 0.22890625 0.58671875 0.0359375 0.0546875
0 0.1515625 0.55 0.034375 0.05
0 0.44375 0.18203125 0.059375 0.0765625
0 0.13671875 0.2859375 0.0484375 0.06875
0 0.6046875 0.56640625 0.046875 0.0828125
0 0.65625 0.57109375 0.0375 0.0484375
0 0.03671875 0.771875 0.0453125 0.04375
0 0.01171875 0.728125 0.0234375 0.04375
0 0.02578125 0.0734375 0.0453125 0.059375
0 0.5390625 0.1421875 0.046875 0.05625
0 0.721875 0.54453125 0.040625 0.0546875
0 0.7390625 0.721875 0.034375 0.05625
0 0.58984375 0.65078125 0.0390625 0.0484375
0 0.596875 0.159375 0.046875 0.05625
0 0.3921875 0.5734375 0.03125 0.046875
0 0.328125 0.23359375 0.0875 0.0515625
0 0.725 0.67734375 0.028125 0.0390625
0 0.5953125 0.75234375 0.03125 0.0453125
0 0.0203125 0.68515625 0.034375 0.0421875
0 0.5140625 0.68203125 0.040625 0.0671875
0 0.4984375 0.20703125 0.040625 0.0453125
0 0.209375 0.38046875 0.046875 0.0703125
0 0.26171875 0.6265625 0.0359375 0.04375
0 0.86015625 0.365625 0.0390625 0.05625
0 0.17890625 0.6015625 0.0453125 0.053125
0 0.2359375 0.53671875 0.03125 0.0453125
0 0.11796875 0.57578125 0.0328125 0.0390625
0 0.32109375 0.4375 0.0328125 0.0375
0 0.5453125 0.32265625 0.046875 0.0453125
0 0.353125 0.8953125 0.0625 0.08125
0 0.90546875 0.70703125 0.0359375 0.0640625
0 0.63203125 0.603125 0.0328125 0.040625
0 0.11484375 0.06875 0.0390625 0.05
0 0.64296875 0.1890625 0.0390625 0.078125
0 0.41875 0.61015625 0.04375 0.0546875
0 0.33515625 0.56640625 0.0296875 0.0484375
0 0.32109375 0.67578125 0.0578125 0.0703125
0 0.525 0.0875 0.05 0.059375
0 0.378125 0.45078125 0.0375 0.0421875
0 0.62265625 0.6484375 0.0359375 0.05
0 0.39375 0.19609375 0.0375 0.0484375
0 0.0109375 0.26640625 0.021875 0.0421875
0 0.1546875 0.67578125 0.028125 0.0453125
0 0.04453125 0.50859375 0.0890625 0.1421875
0 0.2484375 0.303125 0.034375 0.04375
0 0.4609375 0.36484375 0.028125 0.0515625
0 0.0390625 0.64921875 0.04375 0.0453125
0 0.090625 0.28671875 0.040625 0.0515625
0 0.89765625 0.39765625 0.0390625 0.0484375
0 0.58828125 0.32265625 0.0296875 0.0609375
0 0.52578125 0.2921875 0.0296875 0.0375
0 0.06015625 0.13046875 0.0296875 0.0421875
0 0.21875 0.44609375 0.034375 0.0453125
0 0.21171875 0.0453125 0.0515625 0.06875
0 0.36171875 0.1578125 0.0484375 0.05
0 0.16796875 0.1953125 0.0296875 0.05625
0 0.19375 0.3234375 0.0375 0.05625
0 0.27890625 0.7171875 0.0390625 0.05625
0 0.29765625 0.340625 0.0578125 0.053125
0 0.6296875 0.38515625 0.034375 0.0546875
0 0.05 0.38359375 0.040625 0.0609375
0 0.4 0.303125 0.034375 0.05
0 0.6578125 0.4390625 0.0375 0.0625
0 0.26640625 0.46953125 0.0453125 0.0640625
0 0.459375 0.4796875 0.025 0.04375
0 0.03984375 0.7265625 0.0296875 0.04375
0 0.4890625 0.62421875 0.040625 0.0640625
0 0.82109375 0.525 0.0390625 0.065625
0 0.121875 0.22578125 0.040625 0.0515625
0 0.084375 0.87578125 0.053125 0.0703125
0 0.43984375 0.284375 0.0390625 0.059375
0 0.39375 0.72734375 0.040625 0.0515625
0 0.31484375 0.10703125 0.0734375 0.0828125
0 0.5 0.30390625 0.03125 0.0390625
0 0.49453125 0.1609375 0.0296875 0.040625
0 0.8078125 0.05859375 0.040625 0.0421875
0 0.27578125 0.57734375 0.0296875 0.0453125
0 0.24765625 0.2203125 0.0390625 0.059375
0 0.296875 0.190625 0.040625 0.053125
0 0.01875 0.12734375 0.034375 0.0453125
0 0.38203125 0.49296875 0.0359375 0.0421875
0 0.4859375 0.71953125 0.028125 0.0515625
0 0.58515625 0.23125 0.0578125 0.078125
0 0.25390625 0.68046875 0.0328125 0.0421875
0 0.16953125 0.7171875 0.0296875 0.040625
0 0.96015625 0.55390625 0.0453125 0.0515625
0 0.01640625 0.36796875 0.0296875 0.0453125
0 0.621875 0.2484375 0.03125 0.046875
0 0.56484375 0.1796875 0.0328125 0.040625
0 0.89375 0.5171875 0.040625 0.059375
0 0.70234375 0.6375 0.0390625 0.05625
0 0.009375 0.31796875 0.01875 0.0609375
0 0.3734375 0.63046875 0.03125 0.0453125
0 0.425 0.0734375 0.0375 0.046875
0 0.80234375 0.64140625 0.0515625 0.0984375
0 0.509375 0.56796875 0.034375 0.0609375
0 0.25078125 0.75625 0.0328125 0.046875
0 0.6890625 0.5171875 0.03125 0.046875
0 0.53828125 0.45625 0.0328125 0.071875
0 0.51171875 0.3546875 0.0328125 0.046875
0 0.209375 0.49453125 0.03125 0.0421875
0 0.0546875 0.1765625 0.03125 0.04375
0 0.253125 0.378125 0.03125 0.04375
0 0.87890625 0.21640625 0.0359375 0.0921875
0 0.22578125 0.71640625 0.0265625 0.0390625
0 0.54765625 0.72421875 0.0328125 0.0359375
0 0.07578125 0.5859375 0.0359375 0.046875
0 0.65546875 0.08046875 0.0296875 0.0328125
0 0.36171875 0.296875 0.0390625 0.05625
0 0.4578125 0.62578125 0.025 0.0421875
0 0.178125 0.9203125 0.0375 0.06875
0 0.134375 0.91875 0.03125 0.0625
0 0.625 0.11328125 0.028125 0.0359375
0 0.27109375 0.4109375 0.0390625 0.040625
0 0.48984375 0.3859375 0.0359375 0.0375
0 0.434375 0.45 0.03125 0.040625
0 0.203125 0.13125 0.028125 0.046875
0 0.26796875 0.534375 0.0296875 0.04375
0 0.3109375 0.54765625 0.028125 0.0484375
0 0.86484375 0.28203125 0.0328125 0.0359375
0 0.12578125 0.7453125 0.0359375 0.05
0 0.15 0.5015625 0.028125 0.0375
0 0.06484375 0.009375 0.0265625 0.01875
0 0.4109375 0.4609375 0.03125 0.034375
0 0.6 0.70546875 0.040625 0.0484375
0 0.86484375 0.0203125 0.0390625 0.040625
0 0.12890625 0.6484375 0.0296875 0.0375
0 0.66328125 0.665625 0.0359375 0.059375
0 0.7494308774834437 0.34974130794701985 0.16245860927152317 0.1665976821192053
0 0.09921875 0.1640625 0.0453125 0.0375
0 0.5484375 0.3796875 0.0375 0.059375
0 0.46953125 0.30859375 0.0296875 0.0390625
0 0.3109375 0.28046875 0.04375 0.0453125
0 0.41640625 0.35546875 0.0328125 0.0671875
0 0.875 0.13515625 0.04375 0.0734375
0 0.75390625 0.50546875 0.0390625 0.0546875
0 0.33984375 0.4890625 0.0265625 0.034375
0 0.81484375 0.21015625 0.0515625 0.1203125
0 0.8765625 0.3171875 0.0375 0.04375
0 0.18203125 0.50703125 0.0265625 0.0359375
0 0.34765625 0.525 0.0328125 0.03125
0 0.63671875 0.31171875 0.0296875 0.0671875
0 0.68984375 0.11171875 0.0515625 0.0265625
0 0.42890625 0.54296875 0.0296875 0.0453125
0 0.29140625 0.378125 0.0328125 0.034375
0 0.09296875 0.11484375 0.0265625 0.0546875
0 0.13943501655629137 0.4158888658940397 0.07036423841059598 0.1005277317880795
0 0.04533319536423841 0.2473820364238411 0.046875 0.071875
0 0.22265625 0.3046875 0.0265625 0.04375
0 0.63828125 0.68046875 0.0265625 0.0390625
0 0.5859375 0.37578125 0.03125 0.0359375
0 0.50078125 0.446875 0.0421875 0.059375
0 0.52890625 0.234375 0.0296875 0.05
0 0.11875 0.134375 0.025 0.03125
0 0.12734375 0.61015625 0.0390625 0.0390625
0 0.1796875 0.09375 0.03125 0.05
0 0.11640625 0.009375 0.0203125 0.01875
0 0.5703125 0.6953125 0.028125 0.05
0 0.028125 0.609375 0.0375 0.034375
0 0.38671875 0.0515625 0.0265625 0.034375
0 0.0859375 0.80546875 0.03125 0.0546875
0 0.2015625 0.68671875 0.028125 0.0765625
0 0.08826055463576159 0.6297081953642383 0.0296875 0.05624999999999991
0 0.00546875 0.64296875 0.0109375 0.0359375
0 0.321875 0.3859375 0.028125 0.03125
0 0.30078125 0.77890625 0.0421875 0.0453125
0 0.0546875 0.8109375 0.025 0.046875
0 0.06796875 0.7 0.0359375 0.040625
0 0.4171875 0.4953125 0.028125 0.040625
0 0.5 0.4859375 0.028125 0.03125
0 0.928125 0.04296875 0.0375 0.0421875
0 0.37109375 0.11171875 0.0234375 0.0265625
0 0.71328125 0.58984375 0.0265625 0.0359375
0 0.3265625 0.6109375 0.021875 0.034375
0 0.1953125 0.18671875 0.021875 0.0453125
0 0.22265625 0.18671875 0.0296875 0.0421875
0 0.3046875 0.4734375 0.0375 0.04375
0 0.976288286423841 0.04818398178807947 0.0296875 0.04843749999999999
0 0.75390625 0.6578125 0.0328125 0.053125
0 0.34609375 0.62265625 0.0234375 0.0390625
0 0.3625 0.5609375 0.025 0.04375
0 0.953125 0.3484375 0.04375 0.0375
0 0.12578125 0.68671875 0.0234375 0.0359375
0 0.90859375 0.271875 0.0265625 0.05625
0 0.11953125 0.3421875 0.0359375 0.0375
0 0.00703125 0.234375 0.0109375 0.021875
0 0.90078125 0.44609375 0.0296875 0.0453125
0 0.7640625 0.4625 0.028125 0.03125
0 0.6875 0.08359375 0.025 0.0359375
0 0.62734375 0.07734375 0.0234375 0.0296875
0 0.1 0.53984375 0.025 0.0390625
0 0.4234375 0.41484375 0.025 0.0328125
0 0.7046875 0.15390625 0.03125 0.0484375
0 0.478125 0.2765625 0.025 0.03125
0 0.9532802152317881 0.24522971854304637 0.040355960264900584 0.04449503311258276
0 0.9615583609271523 0.14640935430463578 0.06932947019867548 0.138658940397351
0 0.9532802152317881 0.4459747516556291 0.06932947019867548 0.15625
