0 0.516406 0.633594 0.0453125 0.0578125
0 0.78125 0.835156 0.034375 0.0703125
0 0.439844 0.464844 0.0234375 0.0359375
0 0.164062 0.554688 0.03125 0.046875
0 0.396875 0.625 0.03125 0.040625
0 0.600781 0.482812 0.0234375 0.028125
0 0.141406 0.26875 0.110937 0.140625
0 0.475 0.760938 0.04375 0.05
0 0.0117188 0.671094 0.0234375 0.0359375
0 0.467187 0.546094 0.025 0.0296875
0 0.879687 0.0179687 0.034375 0.0328125
0 0.38125 0.4375 0.034375 0.040625
0 0.446094 0.720312 0.0390625 0.04375
0 0.557031 0.557031 0.0296875 0.0390625
0 0.16875 0.392188 0.03125 0.040625
0 0.81875 0.613281 0.046875 0.0578125
0 0.764844 0.379687 0.0296875 0.046875
0 0.421094 0.260156 0.0453125 0.0421875
0 0.60625 0.803906 0.025 0.0328125
0 0.728906 0.510156 0.0265625 0.0359375
0 0.028125 0.0367187 0.05625 0.0703125
0 0.267969 0.5 0.0265625 0.04375
0 0.80625 0.366406 0.028125 0.0515625
0 0.053125 0.146094 0.028125 0.0359375
0 0.834375 0.334375 0.025 0.03125
0 0.392188 0.741406 0.034375 0.0453125
0 0.0210938 0.630469 0.0328125 0.0453125
0 0.78125 0.116406 0.03125 0.0421875
0 0.364844 0.503906 0.0328125 0.0359375
0 0.178125 0.791406 0.046875 0.0609375
0 0.565625 0.7875 0.040625 0.0625
0 0.508594 0.396094 0.0265625 0.0328125
0 0.849219 0.249219 0.0296875 0.0421875
0 0.857031 0.841406 0.0640625 0.0921875
0 0.653125 0.800781 0.021875 0.0359375
0 0.709375 0.642187 0.028125 0.04375
0 0.321875 0.504687 0.03125 0.040625
0 0.425781 0.655469 0.0359375 0.0390625
0 0.808594 0.0664062 0.0265625 0.0328125
0 0.816406 0.539062 0.0328125 0.053125
0 0.0148437 0.589063 0.0296875 0.046875
0 0.882031 0.152344 0.0328125 0.0390625
0 0.700781 0.0820312 0.0328125 0.0296875
0 0.732813 0.434375 0.028125 0.0375
0 0.632031 0.808594 0.0265625 0.0328125
0 0.654688 0.703125 0.0375 0.04375
0 0.422656 0.116406 0.0484375 0.0765625
0 0.241406 0.653125 0.0265625 0.0375
0 0.249219 0.750781 0.0328125 0.0421875
0 0.616406 0.522656 0.0265625 0.0390625
0 0.71875 0.125781 0.021875 0.0359375
0 0.241406 0.139844 0.0265625 0.0421875
0 0.157813 0.6875 0.034375 0.053125
0 0.328125 0.296094 0.028125 0.0390625
0 0.138281 0.783594 0.0328125 0.0484375
0 0.930469 0.279687 0.0296875 0.034375
0 0.641406 0.377344 0.0328125 0.0484375
0 0.789062 0.41875 0.034375 0.0375
0 0.246094 0.466406 0.0296875 0.0359375
0 0.0507812 0.639844 0.0359375 0.0609375
0 0.447656 0.51875 0.0296875 0.04375
0 0.544531 0.378906 0.0359375 0.0390625
0 0.130469 0.739844 0.0515625 0.0421875
0 0.53125 0.0804688 0.034375 0.0515625
0 0.182812 0.342187 0.03125 0.034375
0 0.292969 0.553906 0.0328125 0.0390625
0 0.215625 0.669531 0.028125 0.0390625
0 0.025 0.163281 0.04375 0.0671875
0 0.357031 0.727344 0.0296875 0.0390625
0 0.284375 0.832031 0.05625 0.0578125
0 0.555469 0.682813 0.0328125 0.04375
0 0.709375 0.704687 0.03125 0.0375
0 0.526563 0.453125 0.0375 0.040625
0 0.329688 0.735156 0.034375 0.0421875
0 0.601562 0.841406 0.04375 0.0484375
0 0.188281 0.745313 0.0265625 0.0375
0 0.932031 0.0734375 0.0328125 0.05
0 0.622656 0.45625 0.0296875 0.040625
0 0.857813 0.523438 0.0375 0.04375
0 0.428125 0.419531 0.040625 0.0484375
0 0.486719 0.0820312 0.0328125 0.0359375
0 0.472656 0.438281 0.0296875 0.0390625
0 0.329688 0.135156 0.034375 0.0328125
0 0.772656 0.461719 0.0296875 0.0390625
0 0.839844 0.459375 0.0359375 0.065625
0 0.270312 0.565625 0.025 0.03125
0 0.0890625 0.304688 0.034375 0.034375
0 0.730469 0.81875 0.0359375 0.046875
0 0.791406 0.632031 0.0421875 0.0484375
0 0.26875 0.130469 0.034375 0.0484375
0 0.0960938 0.599219 0.0390625 0.0359375
0 0.757031 0.496875 0.0359375 0.040625
0 0.108594 0.773438 0.0296875 0.0375
0 0.204688 0.373437 0.034375 0.040625
0 0.199219 0.409375 0.0328125 0.0375
0 0.134375 0.628125 0.046875 0.05
0 0.621875 0.764063 0.034375 0.053125
0 0.514844 0.759375 0.0296875 0.0625
0 0.740625 0.102344 0.03125 0.0359375
0 0.44375 0.325781 0.03125 0.0390625
0 0.136719 0.382031 0.0328125 0.0546875
0 0.544531 0.327344 0.0484375 0.0671875
0 0.599219 0.379687 0.0453125 0.046875
0 0.117188 0.667188 0.05625 0.04375
0 0.41875 0.366406 0.046875 0.0421875
0 0.711719 0.765625 0.0390625 0.05625
0 0.9125 0.309375 0.03125 0.03125
0 0.754687 0.561719 0.034375 0.0421875
0 0.616406 0.175781 0.0421875 0.0421875
0 0.724219 0.288281 0.0359375 0.0546875
0 0.738281 0.638281 0.0296875 0.0515625
0 0.374219 0.310156 0.0328125 0.0453125
0 0.267188 0.653906 0.0375 0.0453125
0 0.482031 0.505469 0.0265625 0.0515625
0 0.655469 0.507812 0.0453125 0.046875
0 0.635938 0.117969 0.03125 0.0453125
0 0.9625 0.394531 0.0625 0.0796875
0 0.561719 0.480469 0.0359375 0.0484375
0 0.046875 0.480469 0.04375 0.0546875
0 0.676562 0.327344 0.05 0.0828125
0 0.1375 0.855469 0.0375 0.0515625
0 0.816406 0.190625 0.0359375 0.0375
0 0.151562 0.447656 0.0375 0.0578125
0 0.782031 0.346875 0.0328125 0.040625
0 0.475 0.296094 0.03125 0.0328125
0 0.632812 0.852344 0.028125 0.0421875
0 0.240625 0.803906 0.053125 0.0515625
0 0.373437 0.769531 0.040625 0.0453125
0 0.891406 0.667969 0.0421875 0.0546875
0 0.075 0.754687 0.034375 0.05
0 0.0617188 0.275 0.0359375 0.04375
0 0.136719 0.0726563 0.0296875 0.0515625
0 0.0882813 0.642969 0.0359375 0.0421875
0 0.190625 0.60625 0.040625 0.04375
0 0.174219 0.0914062 0.0328125 0.0484375
0 0.192188 0.528906 0.0375 0.0484375
0 0.658594 0.75625 0.0265625 0.04375
0 0.709375 0.18125 0.040625 0.053125
0 0.750781 0.145313 0.0296875 0.034375
0 0.207031 0.0671875 0.0359375 0.04375
0 0.484375 0.153125 0.03125 0.03125
0 0.35 0.202344 0.096875 0.110937
0 0.235938 0.56875 0.0375 0.046875
0 0.239844 0.39375 0.0359375 0.053125
0 0.509375 0.683594 0.03125 0.0453125
0 0.753906 0.221094 0.0421875 0.0546875
0 0.682031 0.117969 0.0359375 0.0390625
0 0.465625 0.389844 0.034375 0.0421875
0 0.598437 0.333594 0.034375 0.0390625
0 0.296875 0.101562 0.0375 0.059375
0 0.160938 0.502344 0.040625 0.0484375
0 0.471875 0.123438 0.028125 0.034375
0 0.0773437 0.425 0.0421875 0.0625
0 0.313281 0.639844 0.0328125 0.0484375
0 0.825781 0.0945313 0.0390625 0.0421875
0 0.889844 0.273438 0.0359375 0.046875
0 0.4625 0.479688 0.03125 0.040625
0 0.122656 0.54375 0.0453125 0.06875
0 0.564062 0.1875 0.05 0.046875
0 0.702344 0.503906 0.0296875 0.0484375
0 0.248437 0.700781 0.034375 0.0484375
0 0.478906 0.692969 0.0328125 0.0453125
0 0.895312 0.432031 0.028125 0.0453125
0 0.422656 0.569531 0.0328125 0.0421875
0 0.2875 0.405469 0.04375 0.0671875
0 0.683594 0.729688 0.0328125 0.05
0 0.684375 0.791406 0.034375 0.0515625
0 0.519531 0.525 0.0390625 0.05
0 0.792969 0.285156 0.0703125 0.0703125
0 0.0664062 0.553906 0.0578125 0.0859375
0 0.589844 0.433594 0.0421875 0.0546875
0 0.385156 0.680469 0.0484375 0.0546875
0 0.883594 0.207031 0.0390625 0.0609375
0 0.641406 0.421094 0.0359375 0.0453125
0 0.853906 0.053125 0.0359375 0.046875
0 0.214844 0.717969 0.0390625 0.0546875
0 0.221875 0.447656 0.0375 0.0453125
0 0.584375 0.534375 0.0375 0.05
0 0.0734375 0.104687 0.034375 0.04375
0 0.103125 0.355469 0.0375 0.0546875
0 0.561719 0.241406 0.0515625 0.0609375
0 0.0640625 0.215625 0.040625 0.059375
0 0.31875 0.453125 0.04375 0.04375
0 0.107031 0.482031 0.0421875 0.0578125
0 0.220313 0.494531 0.040625 0.0546875
0 0.04375 0.378125 0.065625 0.090625
0 0.4875 0.342187 0.04375 0.059375
0 0.497656 0.26875 0.0453125 0.05625
0 0.629687 0.250781 0.05 0.0734375
0 0.202344 0.129688 0.0421875 0.0625
0 0.335938 0.359375 0.034375 0.04375
0 0.775781 0.180469 0.0390625 0.0421875
0 0.417188 0.490625 0.0375 0.04375
0 0.345313 0.409375 0.04375 0.05625
0 0.884375 0.471875 0.03125 0.053125
0 0.813281 0.14375 0.0484375 0.05
0 0.296094 0.329688 0.0484375 0.053125
0 0.258594 0.233594 0.101562 0.117188
0 0.38125 0.395312 0.03125 0.0375
0 0.927344 0.446094 0.0359375 0.0671875
0 0.714063 0.594531 0.0375 0.0484375
0 0.151562 0.138281 0.053125 0.0609375
0 0.361719 0.10625 0.0390625 0.05
0 0.283594 0.605469 0.0421875 0.0578125
