0 0.930469 0.065625 0.0484375 0.115625
0 0.492188 0.167187 0.040625 0.05
0 0.0679687 0.183594 0.0203125 0.0296875
0 0.125781 0.140625 0.0265625 0.025
0 0.0875 0.111719 0.021875 0.0328125
0 0.182812 0.374219 0.028125 0.0328125
0 0.0539063 0.298438 0.0328125 0.046875
0 0.20625 0.592969 0.028125 0.0296875
0 0.961719 0.775 0.0296875 0.03125
0 0.646094 0.574219 0.0296875 0.0296875
0 0.846094 0.108594 0.0234375 0.0328125
0 0.0203125 0.619531 0.040625 0.0953125
0 0.0117188 0.71875 0.0234375 0.046875
0 0.751562 0.700781 0.021875 0.0453125
0 0.622656 0.701563 0.0328125 0.04375
0 0.260156 0.649219 0.0234375 0.0390625
0 0.00859375 0.445312 0.0171875 0.034375
0 0.375 0.627344 0.028125 0.0453125
0 0.241406 0.580469 0.0296875 0.0390625
0 0.1375 0.7625 0.03125 0.04375
0 0.233594 0.635938 0.0328125 0.040625
0 0.596094 0.539844 0.0390625 0.0296875
0 0.0882813 0.286719 0.0234375 0.0296875
0 0.415625 0.18125 0.025 0.046875
0 0.521094 0.744531 0.0296875 0.0421875
0 0.153906 0.371875 0.0296875 0.040625
0 0.444531 0.251563 0.0265625 0.03125
0 0.466406 0.0757812 0.0265625 0.0515625
0 0.272656 0.571094 0.0265625 0.0359375
0 0.0203125 0.284375 0.034375 0.03125
0 0.975781 0.342969 0.0359375 0.0734375
0 0.591406 0.635156 0.0234375 0.0328125
0 0.210156 0.25 0.0265625 0.03125
0 0.25625 0.603125 0.025 0.03125
0 0.0289063 0.402344 0.0265625 0.0328125
0 0.58125 0.75625 0.034375 0.0625
0 0.43125 0.667969 0.028125 0.0328125
0 0.189844 0.474219 0.0265625 0.0328125
0 0.307031 0.452344 0.0234375 0.0328125
0 0.819531 0.838281 0.0390625 0.0484375
0 0.825 0.332031 0.034375 0.0390625
0 0.864062 0.139062 0.028125 0.034375
0 0.138281 0.345313 0.0328125 0.03125
0 0.553125 0.114844 0.025 0.0296875
0 0.819531 0.0546875 0.0390625 0.04375
0 0.167187 0.764063 0.028125 0.040625
0 0.879687 0.046875 0.046875 0.053125
0 0.0125 0.258594 0.025 0.0359375
0 0.6 0.683594 0.034375 0.0421875
0 0.75625 0.642187 0.028125 0.0375
0 0.324219 0.0742188 0.0859375 0.0578125
0 0.551562 0.167187 0.04375 0.040625
0 0.498437 0.479688 0.0375 0.046875
0 0.675781 0.496094 0.0359375 0.0640625
0 0.859375 0.2875 0.028125 0.05
0 0.895312 0.107813 0.03125 0.0375
0 0.215625 0.453125 0.034375 0.0375
0 0.114063 0.108594 0.028125 0.0484375
0 0.547656 0.239063 0.0328125 0.040625
0 0.521875 0.115625 0.03125 0.0375
0 0.0460938 0.467187 0.0328125 0.034375
0 0.084375 0.410937 0.034375 0.034375
0 0.661719 0.675781 0.0296875 0.0390625
0 0.0171875 0.314844 0.034375 0.0359375
0 0.203125 0.084375 0.028125 0.028125
0 0.8 0.585156 0.034375 0.0484375
0 0.379687 0.560156 0.034375 0.0421875
0 0.0195312 0.104687 0.0328125 0.05
0 0.830469 0.717969 0.0328125 0.0390625
0 0.289844 0.636719 0.0328125 0.0484375
0 0.316406 0.709375 0.0359375 0.040625
0 0.30625 0.41875 0.03125 0.03125
0 0.944531 0.657812 0.0296875 0.046875
0 0.934375 0.779688 0.03125 0.0375
0 0.103125 0.325781 0.034375 0.0421875
0 0.464063 0.684375 0.025 0.03125
0 0.655469 0.108594 0.0328125 0.0515625
0 0.166406 0.530469 0.0296875 0.0359375
0 0.174219 0.432813 0.0390625 0.04375
0 0.695312 0.745313 0.03125 0.0375
0 0.314844 0.1125 0.0421875 0.040625
0 0.3875 0.664062 0.028125 0.0375
0 0.891406 0.775781 0.0328125 0.0515625
0 0.325 0.178906 0.028125 0.0453125
0 0.211719 0.403906 0.0328125 0.0390625
0 0.634375 0.651563 0.034375 0.040625
0 0.090625 0.36875 0.025 0.03125
0 0.0539063 0.416406 0.0234375 0.0328125
0 0.078125 0.63125 0.028125 0.0375
0 0.575781 0.703906 0.0296875 0.0421875
0 0.071875 0.695312 0.05625 0.084375
0 0.188281 0.328125 0.0359375 0.046875
0 0.230469 0.496094 0.0296875 0.0296875
0 0.323438 0.628906 0.03125 0.0453125
0 0.496875 0.0914062 0.03125 0.0421875
0 0.232812 0.177344 0.034375 0.0421875
0 0.189063 0.0351562 0.046875 0.0640625
0 0.316406 0.321875 0.0328125 0.034375
0 0.428125 0.596875 0.046875 0.046875
0 0.879687 0.353125 0.03125 0.040625
0 0.917969 0.653906 0.0296875 0.0453125
0 0.15 0.0914062 0.040625 0.0453125
0 0.719531 0.107031 0.0484375 0.0734375
0 0.332812 0.549219 0.0375 0.0546875
0 0.0328125 0.439844 0.03125 0.0328125
0 0.430469 0.0914062 0.0421875 0.0359375
0 0.304688 0.491406 0.034375 0.0421875
0 0.766406 0.751562 0.0265625 0.0375
0 0.632031 0.428125 0.0453125 0.06875
0 0.100781 0.182031 0.0359375 0.0484375
0 0.598437 0.429688 0.025 0.046875
0 0.475781 0.546875 0.0484375 0.071875
0 0.0546875 0.524219 0.028125 0.0421875
0 0.590625 0.084375 0.028125 0.04375
0 0.084375 0.448438 0.040625 0.04375
0 0.546875 0.284375 0.059375 0.05
0 0.288281 0.349219 0.0328125 0.0328125
0 0.140625 0.430469 0.03125 0.0359375
0 0.119531 0.378906 0.0328125 0.0421875
0 0.128125 0.7125 0.046875 0.053125
0 0.532031 0.0695312 0.0578125 0.0515625
0 0.236719 0.680469 0.0328125 0.0328125
0 0.279687 0.696875 0.034375 0.05
0 0.632031 0.310937 0.0359375 0.059375
0 0.358594 0.653125 0.0328125 0.04375
0 0.659375 0.605469 0.03125 0.0390625
0 0.933594 0.314844 0.0359375 0.0515625
0 0.685938 0.307813 0.0375 0.05625
0 0.451562 0.204688 0.040625 0.05625
0 0.172656 0.700781 0.0359375 0.0421875
0 0.614844 0.209375 0.0296875 0.0375
0 0.339063 0.228906 0.0375 0.0453125
0 0.496094 0.603906 0.0265625 0.0359375
0 0.496094 0.370313 0.0578125 0.06875
0 0.425781 0.409375 0.0609375 0.084375
0 0.382812 0.121094 0.034375 0.0421875
0 0.0414063 0.664062 0.0484375 0.05625
0 0.482031 0.279687 0.0390625 0.04375
0 0.427344 0.496094 0.0328125 0.0421875
0 0.219531 0.541406 0.0390625 0.0453125
0 0.717969 0.466406 0.0296875 0.0421875
0 0.696875 0.263281 0.034375 0.0390625
0 0.0601562 0.35625 0.0359375 0.05
0 0.570312 0.48125 0.028125 0.04375
0 0.855469 0.667969 0.0359375 0.0546875
0 0.330469 0.503906 0.0234375 0.0328125
0 0.971875 0.730469 0.034375 0.0515625
0 0.858594 0.803125 0.0328125 0.05625
0 0.434375 0.296094 0.04375 0.0546875
0 0.707812 0.597656 0.040625 0.0484375
0 0.939062 0.709375 0.0375 0.040625
0 0.445312 0.140625 0.0375 0.040625
0 0.125781 0.285937 0.0484375 0.046875
0 0.778125 0.685938 0.03125 0.05625
0 0.0820312 0.0640625 0.0296875 0.053125
0 0.355469 0.382031 0.0390625 0.0421875
0 0.597656 0.347656 0.0359375 0.0578125
0 0.689062 0.390625 0.05 0.078125
0 0.804688 0.519531 0.05 0.0703125
0 0.269531 0.460156 0.0359375 0.0453125
0 0.09375 0.584375 0.0375 0.040625
0 0.0171875 0.365625 0.034375 0.0375
0 0.894531 0.299219 0.0328125 0.0546875
0 0.828906 0.767187 0.0359375 0.059375
0 0.302344 0.586719 0.0390625 0.0453125
0 0.139062 0.58125 0.028125 0.034375
0 0.716406 0.511719 0.0453125 0.0421875
0 0.232812 0.728906 0.034375 0.0453125
0 0.541406 0.48125 0.0296875 0.053125
0 0.345313 0.3 0.040625 0.04375
0 0.621094 0.597656 0.0328125 0.0359375
0 0.402344 0.466406 0.0421875 0.0546875
0 0.104687 0.621094 0.03125 0.0421875
0 0.169531 0.571094 0.0359375 0.0484375
0 0.565625 0.388281 0.040625 0.0484375
0 0.748438 0.58125 0.040625 0.053125
0 0.147656 0.1875 0.0453125 0.05625
0 0.210938 0.360156 0.028125 0.0421875
0 0.971875 0.41875 0.03125 0.05625
0 0.305469 0.389062 0.0328125 0.034375
0 0.884375 0.484375 0.0375 0.071875
0 0.683594 0.695312 0.0296875 0.04375
0 0.528906 0.595312 0.0390625 0.090625
0 0.734375 0.738281 0.025 0.0359375
0 0.891406 0.582031 0.0390625 0.0484375
0 0.172656 0.122656 0.0359375 0.0453125
0 0.266406 0.39375 0.0328125 0.04375
0 0.566406 0.625 0.0296875 0.040625
0 0.228906 0.120312 0.0640625 0.0625
0 0.0609375 0.245312 0.034375 0.04375
0 0.345313 0.457031 0.040625 0.0546875
0 0.266406 0.289844 0.0328125 0.0453125
0 0.499219 0.230469 0.0390625 0.0546875
0 0.775781 0.617969 0.0328125 0.0421875
0 0.728125 0.692187 0.03125 0.046875
0 0.780469 0.305469 0.0515625 0.0671875
0 0.238281 0.336719 0.0453125 0.0515625
0 0.619531 0.116406 0.0328125 0.0421875
0 0.289844 0.271875 0.0328125 0.04375
0 0.666406 0.192969 0.0359375 0.0453125
0 0.882812 0.414062 0.046875 0.05625
0 0.128125 0.666406 0.034375 0.0421875
0 0.594531 0.145313 0.0421875 0.05625
0 0.860937 0.192969 0.05625 0.0640625
0 0.828125 0.284375 0.028125 0.03125
0 0.74375 0.790625 0.040625 0.05625
0 0.10625 0.238281 0.04375 0.0515625
0 0.688281 0.64375 0.0390625 0.046875
0 0.203125 0.291406 0.03125 0.0390625
0 0.932031 0.594531 0.0453125 0.0640625
0 0.417188 0.244531 0.03125 0.0484375
0 0.924219 0.253125 0.0390625 0.053125
0 0.236719 0.379687 0.0328125 0.034375
0 0.840625 0.464844 0.0375 0.0703125
0 0.564844 0.441406 0.0359375 0.0390625
0 0.16875 0.254687 0.05 0.071875
0 0.584375 0.580469 0.0375 0.0578125
0 0.198437 0.182031 0.040625 0.0515625
0 0.192188 0.727344 0.034375 0.0359375
0 0.8 0.159375 0.05 0.053125
0 0.728906 0.344531 0.0484375 0.0703125
0 0.933594 0.428125 0.0359375 0.053125
0 0.421875 0.344531 0.03125 0.0484375
0 0.7875 0.38125 0.0625 0.059375
0 0.134375 0.624219 0.028125 0.0421875
0 0.171094 0.619531 0.0359375 0.0484375
0 0.559375 0.330469 0.034375 0.0515625
0 0.765625 0.44375 0.090625 0.096875
