0 0.420312 0.0554687 0.034375 0.0296875
0 0.0726563 0.497656 0.0296875 0.0390625
0 0.826563 0.799219 0.034375 0.0453125
0 0.744531 0.160938 0.0234375 0.0375
0 0.327344 0.625781 0.0296875 0.0359375
0 0.665625 0.461719 0.025 0.0390625
0 0.667969 0.421094 0.0296875 0.0328125
0 0.465625 0.842188 0.025 0.0375
0 0.0945313 0.242188 0.0328125 0.03125
0 0.0289063 0.34375 0.0421875 0.03125
0 0.35 0.767187 0.03125 0.0375
0 0.18125 0.545313 0.03125 0.034375
0 0.583594 0.692187 0.0265625 0.034375
0 0.234375 0.701563 0.028125 0.0375
0 0.485938 0.711719 0.034375 0.0328125
0 0.504687 0.114063 0.040625 0.034375
0 0.292188 0.0875 0.0375 0.0375
0 0.564844 0.182031 0.0515625 0.0453125
0 0.0789063 0.295312 0.0328125 0.053125
0 0.365625 0.686719 0.03125 0.0359375
0 0.739844 0.514844 0.0265625 0.0359375
0 0.292969 0.392969 0.0421875 0.0359375
0 0.821094 0.210156 0.0328125 0.0421875
0 0.864062 0.70625 0.040625 0.06875
0 0.491406 0.559375 0.0234375 0.028125
0 0.692187 0.724219 0.03125 0.0453125
0 0.566406 0.615625 0.0265625 0.03125
0 0.839844 0.121094 0.0359375 0.0421875
0 0.816406 0.371094 0.0421875 0.0359375
0 0.489844 0.528125 0.0578125 0.04375
0 0.259375 0.589063 0.028125 0.065625
0 0.739844 0.310937 0.0421875 0.04375
0 0.632031 0.0960938 0.0359375 0.0359375
0 0.844531 0.641406 0.0296875 0.0390625
0 0.342969 0.0851562 0.0359375 0.0484375
0 0.539844 0.495313 0.0359375 0.0375
0 0.95625 0.192969 0.0375 0.0453125
0 0.23125 0.278125 0.03125 0.040625
0 0.320312 0.204688 0.071875 0.05
0 0.200781 0.059375 0.0328125 0.03125
0 0.171875 0.203125 0.028125 0.034375
0 0.895312 0.61875 0.034375 0.05
0 0.0148437 0.532031 0.0296875 0.0390625
0 0.976562 0.491406 0.0375 0.0703125
0 0.721875 0.615625 0.040625 0.059375
0 0.1 0.746875 0.0375 0.053125
0 0.764844 0.38125 0.0265625 0.034375
0 0.653125 0.578906 0.03125 0.0421875
0 0.0898438 0.721094 0.0359375 0.0640625
0 0.533594 0.58125 0.0359375 0.04375
0 0.261719 0.190625 0.0265625 0.03125
0 0.0523437 0.377344 0.0453125 0.0453125
0 0.360938 0.561719 0.03125 0.0640625
0 0.374219 0.732031 0.0421875 0.0390625
0 0.233594 0.510156 0.0328125 0.0265625
0 0.633594 0.855469 0.0296875 0.0390625
0 0.660937 0.654688 0.06875 0.0875
0 0.517187 0.877344 0.03125 0.0609375
0 0.703125 0.0289063 0.053125 0.0578125
0 0.259375 0.467187 0.028125 0.0375
0 0.896875 0.0804688 0.05 0.0453125
0 0.714844 0.428125 0.0359375 0.03125
0 0.515625 0.371875 0.028125 0.03125
0 0.708594 0.130469 0.0484375 0.0390625
0 0.61875 0.316406 0.03125 0.0328125
0 0.432031 0.0960938 0.0296875 0.0453125
0 0.108594 0.578906 0.0359375 0.0421875
0 0.489844 0.140625 0.0453125 0.034375
0 0.835156 0.391406 0.0296875 0.0359375
0 0.0984375 0.610937 0.034375 0.0375
0 0.124219 0.301562 0.0390625 0.059375
0 0.046875 0.438281 0.03125 0.0390625
0 0.0859375 0.382031 0.03125 0.0421875
0 0.534375 0.05625 0.028125 0.025
0 0.0601562 0.174219 0.0296875 0.0328125
0 0.314844 0.839063 0.0296875 0.040625
0 0.614844 0.236719 0.0328125 0.0328125
0 0.914844 0.680469 0.0359375 0.0515625
0 0.550781 0.689844 0.0296875 0.0390625
0 0.492969 0.465625 0.0328125 0.03125
0 0.139844 0.628906 0.0296875 0.0328125
0 0.449219 0.395312 0.0265625 0.040625
0 0.921094 0.0578125 0.0640625 0.071875
0 0.166406 0.233594 0.0265625 0.0328125
0 0.332031 0.502344 0.0359375 0.0328125
0 0.138281 0.217187 0.0328125 0.053125
0 0.332031 0.420312 0.0421875 0.034375
0 0.585156 0.288281 0.0296875 0.0359375
0 0.141406 0.540625 0.0265625 0.040625
0 0.721094 0.676562 0.0296875 0.0375
0 0.153906 0.285156 0.0328125 0.0390625
0 0.213281 0.85 0.0328125 0.040625
0 0.040625 0.297656 0.034375 0.0421875
0 0.0148437 0.567969 0.0296875 0.0421875
0 0.561719 0.803125 0.0359375 0.05
0 0.2 0.392188 0.034375 0.0375
0 0.592188 0.505469 0.0375 0.0546875
0 0.146875 0.463281 0.034375 0.0296875
0 0.472656 0.335938 0.0296875 0.034375
0 0.429688 0.703906 0.034375 0.0359375
0 0.128906 0.678125 0.0421875 0.046875
0 0.476562 0.607031 0.03125 0.0359375
0 0.203125 0.653906 0.0375 0.0484375
0 0.920313 0.114063 0.0375 0.034375
0 0.775781 0.216406 0.0296875 0.0421875
0 0.325781 0.470313 0.0453125 0.040625
0 0.923437 0.51875 0.053125 0.0625
0 0.421875 0.735156 0.025 0.0359375
0 0.464844 0.741406 0.0328125 0.0484375
0 0.0171875 0.476562 0.03125 0.034375
0 0.492969 0.83125 0.0328125 0.040625
0 0.584375 0.08125 0.046875 0.028125
0 0.607813 0.849219 0.028125 0.0484375
0 0.390625 0.385938 0.034375 0.0625
0 0.453125 0.801562 0.021875 0.03125
0 0.553125 0.121094 0.040625 0.0515625
0 0.659375 0.50625 0.028125 0.034375
0 0.797656 0.296094 0.101562 0.0921875
0 0.763281 0.434375 0.0546875 0.078125
0 0.164062 0.653906 0.034375 0.0359375
0 0.640625 0.817187 0.025 0.040625
0 0.909375 0.167969 0.0375 0.0546875
0 0.628906 0.136719 0.0390625 0.0359375
0 0.347656 0.842969 0.0328125 0.0421875
0 0.686719 0.5375 0.0296875 0.046875
0 0.863281 0.166406 0.0390625 0.0390625
0 0.539062 0.45625 0.0375 0.046875
0 0.248437 0.853906 0.03125 0.0421875
0 0.379687 0.592969 0.028125 0.0390625
0 0.464844 0.104687 0.0328125 0.03125
0 0.590625 0.586719 0.034375 0.0546875
0 0.970312 0.349219 0.04375 0.0515625
0 0.857813 0.272656 0.03125 0.0453125
0 0.553906 0.298438 0.0390625 0.05
0 0.433594 0.339063 0.0359375 0.046875
0 0.0414063 0.203906 0.0296875 0.0328125
0 0.0640625 0.633594 0.0375 0.0546875
0 0.1375 0.74375 0.040625 0.04375
0 0.084375 0.535937 0.034375 0.040625
0 0.409375 0.120312 0.03125 0.0375
0 0.50625 0.295312 0.03125 0.034375
0 0.753906 0.676562 0.0359375 0.04375
0 0.396875 0.541406 0.040625 0.0484375
0 0.725781 0.382031 0.0328125 0.0421875
0 0.710938 0.335938 0.046875 0.040625
0 0.6625 0.164062 0.028125 0.05
0 0.725781 0.0953125 0.0390625 0.034375
0 0.228125 0.736719 0.034375 0.0390625
0 0.639063 0.533594 0.03125 0.0296875
0 0.31875 0.671875 0.0375 0.040625
0 0.892187 0.775 0.040625 0.059375
0 0.220313 0.553125 0.04375 0.04375
0 0.408594 0.228125 0.0328125 0.04375
0 0.635938 0.292188 0.028125 0.03125
0 0.695312 0.782031 0.0375 0.0546875
0 0.885938 0.375 0.04375 0.04375
0 0.01875 0.622656 0.034375 0.0578125
0 0.395312 0.626562 0.0375 0.046875
0 0.2 0.29375 0.03125 0.0375
0 0.170312 0.61875 0.034375 0.034375
0 0.522656 0.828906 0.0265625 0.0390625
0 0.926562 0.395312 0.040625 0.0625
0 0.100781 0.472656 0.0421875 0.0484375
0 0.435937 0.278906 0.03125 0.0390625
0 0.146875 0.059375 0.028125 0.034375
0 0.173438 0.152344 0.0375 0.0453125
0 0.436719 0.65625 0.0328125 0.040625
0 0.201562 0.48125 0.078125 0.053125
0 0.55625 0.260156 0.034375 0.0328125
0 0.221094 0.233594 0.0296875 0.0328125
0 0.136719 0.499219 0.0359375 0.0421875
0 0.301562 0.138281 0.03125 0.0359375
0 0.599219 0.80625 0.0421875 0.046875
0 0.220313 0.603125 0.0375 0.04375
0 0.786719 0.825781 0.0390625 0.0546875
0 0.157813 0.705469 0.034375 0.0421875
0 0.157813 0.105469 0.034375 0.0390625
0 0.090625 0.878906 0.053125 0.0640625
0 0.196094 0.342969 0.0328125 0.0546875
0 0.071875 0.583594 0.034375 0.0453125
0 0.228125 0.332031 0.03125 0.0453125
0 0.034375 0.249219 0.065625 0.0546875
0 0.289844 0.35 0.0390625 0.0375
0 0.460156 0.211719 0.0421875 0.0484375
0 0.641406 0.385938 0.0453125 0.04375
0 0.772656 0.090625 0.0390625 0.05625
0 0.892187 0.229687 0.040625 0.05625
0 0.461719 0.644531 0.0328125 0.0421875
0 0.24375 0.427344 0.05625 0.0484375
0 0.275781 0.316406 0.0546875 0.0515625
0 0.257031 0.253125 0.0328125 0.05625
0 0.558594 0.653125 0.0265625 0.040625
0 0.20625 0.204688 0.03125 0.03125
0 0.279687 0.495313 0.03125 0.034375
0 0.249219 0.377344 0.0390625 0.0484375
0 0.526563 0.335156 0.053125 0.0484375
0 0.703906 0.220313 0.0296875 0.040625
0 0.822656 0.0625 0.0421875 0.05625
0 0.046875 0.528125 0.034375 0.05
0 0.53125 0.645312 0.0375 0.05
0 0.585156 0.747656 0.0359375 0.0484375
0 0.804688 0.497656 0.028125 0.0390625
0 0.710156 0.171094 0.0328125 0.0390625
0 0.45 0.158594 0.040625 0.0546875
0 0.395312 0.825781 0.03125 0.0546875
0 0.686719 0.375781 0.0390625 0.0515625
0 0.403906 0.185156 0.0328125 0.0390625
0 0.1625 0.407813 0.03125 0.04375
0 0.975 0.267188 0.05 0.06875
0 0.357812 0.646875 0.034375 0.05625
0 0.458594 0.434375 0.0296875 0.0375
0 0.090625 0.657812 0.034375 0.05
0 0.489844 0.43125 0.0265625 0.034375
0 0.241406 0.664844 0.0390625 0.0421875
0 0.11875 0.0859375 0.034375 0.05625
0 0.0757812 0.207813 0.0390625 0.0375
0 0.432031 0.84375 0.0390625 0.059375
0 0.722656 0.554688 0.0265625 0.040625
0 0.285937 0.455469 0.028125 0.0359375
0 0.360938 0.13125 0.046875 0.05
0 0.440625 0.55 0.034375 0.05
0 0.0476562 0.483594 0.0359375 0.0453125
0 0.664844 0.232812 0.0296875 0.03125
0 0.792969 0.652344 0.0421875 0.0390625
0 0.114844 0.534375 0.0296875 0.0375
0 0.432813 0.496094 0.05625 0.0515625
0 0.560156 0.367188 0.0484375 0.05
0 0.129688 0.803125 0.059375 0.06875
0 0.611719 0.41875 0.0484375 0.0625
0 0.816406 0.607813 0.0328125 0.04375
0 0.283594 0.644531 0.0390625 0.0484375
0 0.653125 0.763281 0.040625 0.0484375
0 0.474219 0.0664062 0.0328125 0.0390625
0 0.416406 0.427344 0.0421875 0.0515625
0 0.264062 0.133594 0.0375 0.0484375
0 0.66875 0.809375 0.0375 0.059375
0 0.7375 0.832031 0.040625 0.0609375
0 0.846875 0.55625 0.053125 0.075
0 0.115625 0.165625 0.05 0.0625
0 0.94375 0.592969 0.053125 0.0515625
0 0.517969 0.700781 0.0328125 0.0515625
0 0.639844 0.470313 0.0359375 0.05
0 0.132812 0.375 0.040625 0.05
0 0.071875 0.129688 0.046875 0.05
0 0.914062 0.30625 0.0875 0.075
0 0.741406 0.217969 0.0421875 0.0609375
0 0.3625 0.182031 0.03125 0.0390625
0 0.946094 0.695312 0.0390625 0.05625
0 0.303906 0.521094 0.0328125 0.0484375
0 0.684375 0.278125 0.0875 0.065625
0 0.352344 0.3375 0.0609375 0.09375
