0 0.109375 0.586719 0.025 0.0328125
0 0.496094 0.944531 0.0296875 0.0421875
0 0.642187 0.155469 0.03125 0.0296875
0 0.967969 0.492188 0.0328125 0.034375
0 0.827344 0.303906 0.0296875 0.0453125
0 0.664844 0.390625 0.0328125 0.046875
0 0.246875 0.740625 0.03125 0.0375
0 0.478906 0.410937 0.0265625 0.03125
0 0.653906 0.324219 0.0296875 0.0359375
0 0.375781 0.446094 0.0296875 0.0484375
0 0.499219 0.285156 0.0421875 0.0546875
0 0.317187 0.475 0.028125 0.034375
0 0.341406 0.317969 0.0328125 0.0265625
0 0.210156 0.503125 0.0328125 0.028125
0 0.821875 0.671875 0.021875 0.03125
0 0.0171875 0.351562 0.03125 0.0375
0 0.183594 0.621094 0.0296875 0.0296875
0 0.422656 0.378125 0.0265625 0.03125
0 0.735156 0.0867188 0.0296875 0.0484375
0 0.384375 0.753906 0.025 0.0546875
0 0.885156 0.386719 0.0265625 0.0578125
0 0.0164062 0.0679687 0.0328125 0.0609375
0 0.332031 0.14375 0.0265625 0.028125
0 0.438281 0.672656 0.0328125 0.0453125
0 0.394531 0.376563 0.0265625 0.03125
0 0.317969 0.652344 0.0234375 0.0328125
0 0.33125 0.283594 0.028125 0.0328125
0 0.794531 0.528906 0.0296875 0.0328125
0 0.521094 0.883594 0.0296875 0.0328125
0 0.597656 0.264062 0.0265625 0.0375
0 0.61875 0.428125 0.028125 0.040625
0 0.803906 0.08125 0.0328125 0.034375
0 0.394531 0.342187 0.0265625 0.034375
0 0.465625 0.442187 0.028125 0.034375
0 0.0835937 0.596875 0.0296875 0.040625
0 0.310156 0.354688 0.0390625 0.040625
0 0.589063 0.21875 0.025 0.03125
0 0.471875 0.920313 0.03125 0.0375
0 0.578125 0.0664062 0.028125 0.0296875
0 0.272656 0.0703125 0.0328125 0.03125
0 0.385938 0.420312 0.028125 0.025
0 0.14375 0.24375 0.028125 0.034375
0 0.129688 0.510156 0.04375 0.0296875
0 0.408594 0.241406 0.0328125 0.0453125
0 0.0179687 0.316406 0.0296875 0.0328125
0 0.389062 0.647656 0.028125 0.0421875
0 0.1125 0.142969 0.03125 0.0328125
0 0.592969 0.351562 0.0234375 0.034375
0 0.282813 0.304688 0.028125 0.03125
0 0.767187 0.496094 0.03125 0.0484375
0 0.782812 0.339844 0.040625 0.0546875
0 0.44375 0.126563 0.03125 0.0375
0 0.879687 0.492969 0.053125 0.0515625
0 0.360156 0.145313 0.0265625 0.03125
0 0.5875 0.701563 0.03125 0.046875
0 0.842969 0.0703125 0.0328125 0.046875
0 0.260938 0.714063 0.04375 0.046875
0 0.884375 0.434375 0.028125 0.040625
0 0.0132813 0.158594 0.0265625 0.0640625
0 0.846875 0.672656 0.03125 0.0484375
0 0.148438 0.367188 0.034375 0.05
0 0.03125 0.746094 0.05625 0.0515625
0 0.542188 0.815625 0.03125 0.04375
0 0.925 0.285156 0.03125 0.0390625
0 0.969531 0.795313 0.0515625 0.053125
0 0.235156 0.115625 0.0296875 0.0375
0 0.342969 0.34375 0.0234375 0.028125
0 0.477344 0.610937 0.0296875 0.05
0 0.466406 0.34375 0.0265625 0.05
0 0.332031 0.575781 0.0390625 0.0390625
0 0.403906 0.0710938 0.0296875 0.0390625
0 0.517187 0.205469 0.03125 0.0421875
0 0.96875 0.046875 0.034375 0.0375
0 0.642187 0.344531 0.034375 0.0359375
0 0.5125 0.403125 0.03125 0.034375
0 0.104687 0.616406 0.028125 0.0359375
0 0.35625 0.607813 0.0375 0.040625
0 0.170312 0.474219 0.04375 0.0546875
0 0.0296875 0.552344 0.034375 0.0359375
0 0.554688 0.746875 0.04375 0.06875
0 0.0828125 0.757812 0.03125 0.03125
0 0.321094 0.61875 0.0296875 0.040625
0 0.394531 0.489844 0.0359375 0.0390625
0 0.128125 0.55625 0.025 0.03125
0 0.339844 0.725 0.0328125 0.04375
0 0.89375 0.649219 0.034375 0.0484375
0 0.834375 0.202344 0.03125 0.0390625
0 0.464844 0.489062 0.0265625 0.040625
0 0.867188 0.310156 0.071875 0.0828125
0 0.839844 0.814844 0.0296875 0.0359375
0 0.144531 0.75 0.0359375 0.040625
0 0.441406 0.779688 0.0328125 0.040625
0 0.442187 0.296094 0.03125 0.0328125
0 0.483594 0.151562 0.0421875 0.0375
0 0.335156 0.1 0.0296875 0.05
0 0.799219 0.255469 0.0328125 0.0421875
0 0.315625 0.402344 0.025 0.0390625
0 0.525 0.346094 0.03125 0.0359375
0 0.555469 0.225 0.0421875 0.05
0 0.329688 0.44375 0.034375 0.0375
0 0.494531 0.528906 0.0328125 0.0359375
0 0.425781 0.175781 0.0328125 0.0421875
0 0.592969 0.317969 0.0296875 0.0359375
0 0.777344 0.109375 0.0359375 0.04375
0 0.65 0.908594 0.0375 0.0546875
0 0.121094 0.216406 0.0296875 0.0421875
0 0.4875 0.660937 0.03125 0.034375
0 0.523438 0.649219 0.040625 0.0546875
0 0.983594 0.459375 0.0296875 0.0375
0 0.675 0.0710938 0.028125 0.0328125
0 0.29375 0.773438 0.034375 0.046875
0 0.0203125 0.780469 0.028125 0.0359375
0 0.171094 0.314063 0.0328125 0.053125
0 0.722656 0.189063 0.0328125 0.034375
0 0.646875 0.253906 0.03125 0.0390625
0 0.053125 0.671875 0.0375 0.046875
0 0.647656 0.578906 0.0421875 0.0515625
0 0.0929687 0.663281 0.0390625 0.0546875
0 0.804688 0.200781 0.028125 0.0390625
0 0.703125 0.558594 0.0375 0.0484375
0 0.566406 0.300781 0.0265625 0.0390625
0 0.6625 0.217969 0.028125 0.0296875
0 0.411719 0.296094 0.0296875 0.0296875
0 0.303125 0.721875 0.03125 0.0375
0 0.20625 0.603906 0.0375 0.0390625
0 0.0640625 0.270312 0.040625 0.065625
0 0.920313 0.0890625 0.034375 0.040625
0 0.609375 0.189063 0.046875 0.071875
0 0.366406 0.344531 0.0265625 0.0359375
0 0.614062 0.478125 0.034375 0.040625
0 0.0195312 0.224219 0.0390625 0.0515625
0 0.397656 0.842969 0.0359375 0.0515625
0 0.0148437 0.428125 0.0296875 0.034375
0 0.184375 0.778906 0.028125 0.0359375
0 0.408594 0.404687 0.0328125 0.034375
0 0.0492188 0.483594 0.0359375 0.0390625
0 0.202344 0.417969 0.0953125 0.107813
0 0.707031 0.875781 0.0421875 0.0390625
0 0.298438 0.0945313 0.034375 0.0421875
0 0.971094 0.5625 0.0390625 0.053125
0 0.271094 0.198437 0.0453125 0.05
0 0.292188 0.680469 0.034375 0.0453125
0 0.382031 0.274219 0.0359375 0.0359375
0 0.409375 0.766406 0.025 0.0359375
0 0.367188 0.239063 0.0375 0.040625
0 0.254687 0.291406 0.03125 0.0359375
0 0.110937 0.361719 0.034375 0.0515625
0 0.336719 0.771094 0.0296875 0.0359375
0 0.907812 0.166406 0.0375 0.0453125
0 0.251563 0.646875 0.034375 0.0375
0 0.623438 0.285937 0.0375 0.046875
0 0.3375 0.373437 0.025 0.034375
0 0.820312 0.640625 0.03125 0.034375
0 0.292188 0.245312 0.040625 0.05
0 0.491406 0.342187 0.0296875 0.0375
0 0.567969 0.189063 0.0296875 0.0375
0 0.724219 0.741406 0.0359375 0.0578125
0 0.342969 0.1875 0.0328125 0.046875
0 0.595312 0.880469 0.03125 0.0484375
0 0.694531 0.139062 0.0296875 0.040625
0 0.792969 0.847656 0.0640625 0.0765625
0 0.49375 0.466406 0.028125 0.0359375
0 0.185156 0.123438 0.0390625 0.04375
0 0.796875 0.578906 0.034375 0.0515625
0 0.158594 0.199219 0.0484375 0.0484375
0 0.175 0.5625 0.04375 0.078125
0 0.514063 0.0757812 0.040625 0.0453125
0 0.663281 0.453906 0.0328125 0.0328125
0 0.371875 0.7 0.040625 0.046875
0 0.964844 0.302344 0.0390625 0.0359375
0 0.714063 0.46875 0.03125 0.0375
0 0.203125 0.657812 0.03125 0.0375
0 0.876562 0.852344 0.059375 0.0546875
0 0.385938 0.191406 0.034375 0.0484375
0 0.546875 0.396094 0.028125 0.0390625
0 0.08125 0.390625 0.034375 0.04375
0 0.563281 0.342969 0.0328125 0.0359375
0 0.759375 0.419531 0.040625 0.0515625
0 0.046875 0.41875 0.04375 0.065625
0 0.809375 0.478906 0.0375 0.0421875
0 0.915625 0.347656 0.0375 0.0421875
0 0.557031 0.877344 0.0390625 0.0421875
0 0.740625 0.33125 0.03125 0.046875
0 0.264062 0.482031 0.059375 0.0578125
0 0.697656 0.627344 0.0359375 0.0609375
0 0.445312 0.394531 0.034375 0.0359375
0 0.534375 0.444531 0.028125 0.0484375
0 0.210938 0.746094 0.03125 0.0328125
0 0.146094 0.676562 0.0328125 0.040625
0 0.258594 0.400781 0.0484375 0.0609375
0 0.929688 0.571094 0.0375 0.0890625
0 0.691406 0.329688 0.0328125 0.05
0 0.952344 0.166406 0.0328125 0.0390625
0 0.677344 0.815625 0.0640625 0.103125
0 0.504687 0.701563 0.04375 0.05
0 0.936719 0.203906 0.0328125 0.0328125
0 0.623438 0.807813 0.034375 0.046875
0 0.429688 0.333594 0.040625 0.0484375
0 0.0398437 0.294531 0.0390625 0.0484375
0 0.53125 0.932813 0.0375 0.046875
0 0.617188 0.078125 0.0375 0.040625
0 0.578125 0.811719 0.034375 0.0390625
0 0.571094 0.586719 0.0421875 0.0609375
0 0.0640625 0.544531 0.03125 0.0390625
0 0.458594 0.271875 0.0296875 0.03125
0 0.771094 0.278906 0.0328125 0.0515625
0 0.757812 0.564844 0.0375 0.0671875
0 0.367188 0.383594 0.028125 0.0328125
0 0.863281 0.234375 0.0359375 0.053125
0 0.767187 0.155469 0.0375 0.0390625
0 0.05625 0.352344 0.0375 0.0515625
0 0.0875 0.49375 0.03125 0.046875
0 0.517969 0.59375 0.0546875 0.053125
0 0.135156 0.597656 0.0296875 0.0390625
0 0.664844 0.510938 0.0390625 0.059375
0 0.429688 0.83125 0.03125 0.053125
0 0.83125 0.735156 0.046875 0.0671875
0 0.76875 0.192188 0.034375 0.040625
0 0.732813 0.652344 0.0375 0.0640625
0 0.378125 0.0789063 0.03125 0.0390625
0 0.566406 0.0945313 0.0328125 0.0390625
0 0.584375 0.459375 0.0375 0.0625
0 0.633594 0.764844 0.0296875 0.0515625
0 0.880469 0.796875 0.0390625 0.05
0 0.132812 0.303125 0.04375 0.046875
0 0.0804688 0.448438 0.0421875 0.053125
0 0.616406 0.382031 0.0453125 0.0484375
0 0.746094 0.460938 0.0296875 0.0375
0 0.889844 0.589844 0.0359375 0.0546875
0 0.203906 0.205469 0.0359375 0.0453125
0 0.138281 0.1 0.0390625 0.059375
0 0.467187 0.753125 0.0375 0.05625
0 0.34375 0.416406 0.034375 0.0453125
0 0.722656 0.40625 0.0421875 0.059375
0 0.660937 0.294531 0.03125 0.0328125
0 0.7375 0.829687 0.040625 0.04375
0 0.217187 0.79375 0.040625 0.05
0 0.835156 0.525 0.0390625 0.05625
0 0.128125 0.471875 0.034375 0.040625
0 0.0804688 0.169531 0.0421875 0.0578125
0 0.526563 0.129688 0.040625 0.05625
0 0.238281 0.555469 0.0546875 0.0796875
0 0.83125 0.397656 0.075 0.0859375
0 0.122656 0.419531 0.0609375 0.0609375
0 0.613281 0.532812 0.0421875 0.059375
0 0.100781 0.254687 0.0359375 0.05625
0 0.059375 0.217187 0.03125 0.0375
0 0.207031 0.282031 0.0546875 0.0609375
0 0.38125 0.5625 0.115625 0.115625
0 0.810156 0.157031 0.0390625 0.0453125
0 0.432813 0.514063 0.05625 0.05625
0 0.574219 0.521094 0.0390625 0.0484375
0 0.534375 0.546094 0.040625 0.0546875
0 0.728906 0.521875 0.0421875 0.059375
0 0.352344 0.477344 0.0359375 0.0453125
