0 0.282031 0.45625 0.0265625 0.046875
0 0.333594 0.682813 0.0296875 0.0375
0 0.896094 0.292188 0.0234375 0.0375
0 0.767187 0.716406 0.03125 0.0328125
0 0.253125 0.414844 0.025 0.0328125
0 0.159375 0.561719 0.046875 0.0640625
0 0.121875 0.090625 0.040625 0.040625
0 0.73125 0.842188 0.028125 0.0375
0 0.0351562 0.659375 0.0265625 0.03125
0 0.0203125 0.374219 0.040625 0.0484375
0 0.971875 0.313281 0.0375 0.0453125
0 0.55625 0.653125 0.028125 0.0375
0 0.597656 0.358594 0.0296875 0.0328125
0 0.142969 0.266406 0.0421875 0.0546875
0 0.525 0.771875 0.034375 0.05
0 0.204688 0.39375 0.034375 0.04375
0 0.172656 0.70625 0.0328125 0.040625
0 0.477344 0.525 0.0484375 0.075
0 0.624219 0.669531 0.0328125 0.0359375
0 0.644531 0.435156 0.0484375 0.0765625
0 0.175781 0.502344 0.0328125 0.0328125
0 0.397656 0.746875 0.0328125 0.065625
0 0.823438 0.373437 0.03125 0.04375
0 0.161719 0.377344 0.0390625 0.0421875
0 0.396875 0.628125 0.034375 0.0375
0 0.0273438 0.0890625 0.0484375 0.046875
0 0.419531 0.671094 0.0390625 0.0484375
0 0.276563 0.5 0.028125 0.034375
0 0.465625 0.0726563 0.034375 0.0328125
0 0.465625 0.794531 0.03125 0.0546875
0 0.960938 0.184375 0.03125 0.0375
0 0.149219 0.2125 0.0390625 0.0375
0 0.948438 0.040625 0.034375 0.0375
0 0.554688 0.114844 0.03125 0.0359375
0 0.291406 0.271094 0.0265625 0.0296875
0 0.697656 0.574219 0.0296875 0.0390625
0 0.376563 0.842188 0.025 0.034375
0 0.454688 0.3625 0.034375 0.034375
0 0.90625 0.096875 0.03125 0.040625
0 0.246875 0.883594 0.028125 0.0359375
0 0.528125 0.913281 0.028125 0.0546875
0 0.35625 0.604688 0.025 0.03125
0 0.558594 0.152344 0.0296875 0.0359375
0 0.533594 0.41875 0.0234375 0.0375
0 0.666406 0.120312 0.0328125 0.03125
0 0.307031 0.799219 0.0328125 0.0359375
0 0.233594 0.0929687 0.0328125 0.0484375
0 0.83125 0.7375 0.028125 0.0375
0 0.60625 0.46875 0.028125 0.053125
0 0.494531 0.898438 0.0296875 0.05
0 0.257031 0.194531 0.0328125 0.0328125
0 0.927344 0.350781 0.0328125 0.0484375
0 0.407031 0.867188 0.0265625 0.040625
0 0.357031 0.673437 0.0328125 0.04375
0 0.729688 0.08125 0.034375 0.0375
0 0.217969 0.134375 0.0296875 0.0375
0 0.121094 0.232812 0.0328125 0.034375
0 0.667188 0.877344 0.025 0.0390625
0 0.486719 0.759375 0.0296875 0.034375
0 0.839844 0.399219 0.0296875 0.0390625
0 0.446875 0.303125 0.028125 0.040625
0 0.189063 0.0359375 0.04375 0.053125
0 0.557031 0.84375 0.0671875 0.05625
0 0.157813 0.642969 0.03125 0.0453125
0 0.461719 0.117188 0.0359375 0.0375
0 0.178125 0.46875 0.03125 0.0375
0 0.5875 0.314844 0.04375 0.0546875
0 0.264844 0.535156 0.0234375 0.0328125
0 0.233594 0.659375 0.0234375 0.03125
0 0.319531 0.253125 0.0296875 0.0375
0 0.310937 0.196875 0.03125 0.046875
0 0.6875 0.178906 0.03125 0.0390625
0 0.650781 0.177344 0.0421875 0.0453125
0 0.924219 0.288281 0.0296875 0.0359375
0 0.713281 0.775781 0.0296875 0.0484375
0 0.267969 0.0789063 0.0328125 0.0359375
0 0.530469 0.365625 0.0359375 0.05
0 0.717969 0.235938 0.0296875 0.04375
0 0.185937 0.202344 0.04375 0.0390625
0 0.144531 0.461719 0.0328125 0.0359375
0 0.371875 0.20625 0.03125 0.034375
0 0.784375 0.0195312 0.034375 0.0359375
0 0.298438 0.679688 0.03125 0.040625
0 0.577344 0.463281 0.0296875 0.0359375
0 0.240625 0.85 0.0375 0.0375
0 0.3 0.303125 0.040625 0.046875
0 0.4625 0.571875 0.034375 0.05
0 0.0546875 0.532812 0.03125 0.034375
0 0.38125 0.542969 0.040625 0.0328125
0 0.238281 0.554688 0.0421875 0.059375
0 0.871094 0.382812 0.0265625 0.0375
0 0.864844 0.232812 0.0359375 0.0375
0 0.190625 0.671094 0.03125 0.0359375
0 0.665625 0.527344 0.028125 0.0390625
0 0.226562 0.235938 0.034375 0.05
0 0.383594 0.271875 0.0359375 0.0375
0 0.685156 0.613281 0.0265625 0.0390625
0 0.653906 0.639063 0.0328125 0.065625
0 0.839844 0.296094 0.0296875 0.0421875
0 0.439844 0.817187 0.0265625 0.04375
0 0.421094 0.555469 0.0296875 0.0390625
0 0.3875 0.235156 0.03125 0.0359375
0 0.546094 0.739844 0.0265625 0.0328125
0 0.5625 0.779688 0.034375 0.046875
0 0.899219 0.596875 0.0328125 0.0375
0 0.86875 0.61875 0.034375 0.040625
0 0.595312 0.247656 0.0375 0.0515625
0 0.278906 0.2375 0.0328125 0.040625
0 0.433594 0.767187 0.0328125 0.053125
0 0.571875 0.702344 0.034375 0.0421875
0 0.44375 0.635938 0.040625 0.05
0 0.948438 0.680469 0.03125 0.0640625
0 0.346094 0.442969 0.0328125 0.0515625
0 0.61875 0.524219 0.053125 0.0515625
0 0.308594 0.0882813 0.0359375 0.0453125
0 0.786719 0.353125 0.0328125 0.040625
0 0.313281 0.459375 0.0328125 0.05
0 0.44375 0.872656 0.03125 0.0421875
0 0.972656 0.484375 0.0359375 0.040625
0 0.1875 0.305469 0.0375 0.0328125
0 0.696875 0.842188 0.034375 0.05625
0 0.539844 0.267188 0.0265625 0.0375
0 0.704687 0.465625 0.03125 0.0375
0 0.921094 0.735937 0.0421875 0.053125
0 0.253125 0.702344 0.0375 0.0484375
0 0.0671875 0.640625 0.0375 0.046875
0 0.6625 0.577344 0.040625 0.0484375
0 0.748438 0.246875 0.034375 0.040625
0 0.623438 0.605469 0.028125 0.0390625
0 0.779688 0.463281 0.05 0.0484375
0 0.0773437 0.278906 0.0515625 0.0515625
0 0.332812 0.164062 0.0375 0.06875
0 0.429688 0.253906 0.028125 0.0359375
0 0.2875 0.864062 0.05625 0.05
0 0.959375 0.090625 0.05 0.05
0 0.75625 0.759375 0.04375 0.059375
0 0.215625 0.699219 0.03125 0.0421875
0 0.746875 0.350781 0.034375 0.0515625
0 0.917188 0.450781 0.040625 0.0609375
0 0.7125 0.157031 0.034375 0.0390625
0 0.669531 0.809375 0.0296875 0.04375
0 0.301562 0.56875 0.040625 0.059375
0 0.428906 0.167187 0.0296875 0.034375
0 0.817187 0.58125 0.03125 0.040625
0 0.642969 0.710156 0.0328125 0.0453125
0 0.25 0.271094 0.028125 0.0453125
0 0.116406 0.164844 0.0515625 0.0453125
0 0.814844 0.084375 0.0421875 0.0375
0 0.0570313 0.336719 0.0390625 0.0453125
0 0.475781 0.436719 0.0609375 0.0796875
0 0.478906 0.2 0.0328125 0.05
0 0.559375 0.435156 0.028125 0.0328125
0 0.236719 0.475781 0.0359375 0.0390625
0 0.529688 0.228125 0.034375 0.04375
0 0.880469 0.710938 0.0390625 0.071875
0 0.285156 0.409375 0.0328125 0.040625
0 0.529688 0.638281 0.03125 0.0390625
0 0.540625 0.544531 0.034375 0.0640625
0 0.700781 0.535156 0.0328125 0.0359375
0 0.900781 0.648438 0.0359375 0.046875
0 0.386719 0.428125 0.0390625 0.04375
0 0.516406 0.0664062 0.0390625 0.0359375
0 0.0609375 0.182812 0.05 0.05
0 0.85 0.653906 0.03125 0.0453125
0 0.8375 0.524219 0.13125 0.117188
0 0.686719 0.905469 0.0265625 0.0421875
0 0.40625 0.372656 0.04375 0.0609375
0 0.345313 0.286719 0.04375 0.0515625
0 0.144531 0.121094 0.0359375 0.0421875
0 0.0304688 0.569531 0.0390625 0.0421875
0 0.1125 0.329688 0.0625 0.046875
0 0.430469 0.0914062 0.0390625 0.0453125
0 0.586719 0.625 0.0390625 0.053125
0 0.466406 0.260156 0.0359375 0.0390625
0 0.497656 0.307031 0.0328125 0.0546875
0 0.580469 0.402344 0.0359375 0.0546875
0 0.409375 0.81875 0.03125 0.053125
0 0.0328125 0.301562 0.0375 0.046875
0 0.598437 0.755469 0.0375 0.0609375
0 0.81875 0.0429688 0.040625 0.0484375
0 0.778906 0.102344 0.0421875 0.0421875
0 0.805469 0.704687 0.0359375 0.053125
0 0.403125 0.195312 0.03125 0.04375
0 0.0757812 0.580469 0.0515625 0.0515625
0 0.0390625 0.14375 0.059375 0.05625
0 0.544531 0.326562 0.0390625 0.040625
0 0.116406 0.592969 0.0390625 0.0484375
0 0.669531 0.232031 0.0421875 0.0609375
0 0.625781 0.819531 0.0359375 0.0515625
0 0.714063 0.704687 0.040625 0.0625
0 0.171875 0.846094 0.025 0.0421875
0 0.539062 0.476562 0.04375 0.05625
0 0.516406 0.103125 0.0296875 0.034375
0 0.210156 0.808594 0.0453125 0.0640625
0 0.458594 0.914844 0.0296875 0.0453125
0 0.701563 0.296094 0.05 0.0578125
0 0.185937 0.121875 0.0375 0.040625
0 0.673437 0.729688 0.034375 0.046875
0 0.725 0.616406 0.04375 0.0578125
0 0.873438 0.30625 0.03125 0.04375
0 0.2125 0.503906 0.03125 0.0390625
0 0.840625 0.197656 0.040625 0.0578125
0 0.264844 0.63125 0.0515625 0.06875
0 0.3875 0.111719 0.0375 0.0796875
0 0.328125 0.51875 0.05625 0.065625
0 0.342187 0.228125 0.0375 0.04375
0 0.9125 0.230469 0.034375 0.0421875
0 0.214062 0.278906 0.03125 0.0359375
0 0.804688 0.142188 0.0375 0.046875
0 0.117188 0.536719 0.0375 0.0484375
0 0.0195312 0.903906 0.0390625 0.0578125
0 0.686719 0.383594 0.0390625 0.0609375
0 0.350781 0.330469 0.0421875 0.0421875
0 0.205469 0.6125 0.0515625 0.06875
0 0.739844 0.186719 0.0484375 0.0453125
0 0.246875 0.35625 0.0875 0.071875
0 0.728906 0.394531 0.0390625 0.0578125
0 0.0851562 0.504687 0.0421875 0.046875
0 0.0367187 0.49375 0.0515625 0.05625
0 0.440625 0.210156 0.040625 0.0515625
0 0.785937 0.228906 0.04375 0.0578125
0 0.849219 0.132812 0.0484375 0.0625
0 0.408594 0.307813 0.0484375 0.0625
0 0.610156 0.702344 0.0296875 0.0421875
0 0.252344 0.76875 0.0828125 0.084375
0 0.920313 0.191406 0.034375 0.0484375
0 0.740625 0.557031 0.034375 0.0484375
0 0.503906 0.157813 0.0421875 0.06875
0 0.732031 0.503125 0.0484375 0.059375
