0 0.585156 0.726562 0.0296875 0.046875
0 0.216406 0.492188 0.0296875 0.03125
0 0.189844 0.234375 0.0484375 0.05
0 0.16875 0.50625 0.028125 0.0375
0 0.849219 0.732813 0.0421875 0.05625
0 0.174219 0.670313 0.0359375 0.071875
0 0.323438 0.225781 0.025 0.0296875
0 0.324219 0.710156 0.0328125 0.0578125
0 0.307031 0.170312 0.0234375 0.040625
0 0.528125 0.720312 0.034375 0.046875
0 0.721875 0.454688 0.0375 0.059375
0 0.816406 0.53125 0.0328125 0.03125
0 0.247656 0.227344 0.0296875 0.0328125
0 0.342187 0.467969 0.034375 0.0453125
0 0.485938 0.491406 0.028125 0.0359375
0 0.190625 0.317969 0.025 0.0328125
0 0.505469 0.386719 0.0265625 0.0359375
0 0.147656 0.449219 0.0265625 0.0359375
0 0.251563 0.666406 0.028125 0.0453125
0 0.103125 0.2125 0.025 0.028125
0 0.14375 0.6125 0.034375 0.034375
0 0.403906 0.755469 0.0203125 0.0359375
0 0.0375 0.221094 0.046875 0.0484375
0 0.528125 0.0992187 0.0375 0.0484375
0 0.279687 0.347656 0.0375 0.0328125
0 0.654688 0.70625 0.028125 0.0375
0 0.778125 0.54375 0.028125 0.03125
0 0.8 0.327344 0.028125 0.0359375
0 0.615625 0.453906 0.046875 0.0453125
0 0.0960938 0.298438 0.0859375 0.053125
0 0.532812 0.596094 0.03125 0.0515625
0 0.309375 0.778906 0.040625 0.0609375
0 0.0421875 0.170312 0.03125 0.0375
0 0.902344 0.176563 0.0328125 0.040625
0 0.0179687 0.429688 0.0359375 0.090625
0 0.471875 0.457812 0.034375 0.046875
0 0.235156 0.478125 0.0359375 0.046875
0 0.882031 0.507812 0.0234375 0.0375
0 0.650781 0.384375 0.0421875 0.059375
0 0.191406 0.06875 0.0515625 0.065625
0 0.953125 0.111719 0.040625 0.0546875
0 0.374219 0.172656 0.0640625 0.129688
0 0.0445312 0.129688 0.0390625 0.053125
0 0.8375 0.459375 0.03125 0.040625
0 0.613281 0.622656 0.0265625 0.0359375
0 0.282813 0.655469 0.03125 0.0515625
0 0.346094 0.677344 0.0265625 0.0359375
0 0.409375 0.346094 0.028125 0.0453125
0 0.682031 0.595312 0.0328125 0.034375
0 0.078125 0.178906 0.034375 0.0453125
0 0.696875 0.35 0.0375 0.04375
0 0.0226563 0.652344 0.0453125 0.0578125
0 0.015625 0.191406 0.03125 0.0359375
0 0.182031 0.280469 0.0328125 0.0328125
0 0.128125 0.664062 0.034375 0.046875
0 0.646094 0.757031 0.0296875 0.0421875
0 0.28125 0.308594 0.05 0.0484375
0 0.901563 0.275 0.096875 0.071875
0 0.567187 0.0640625 0.021875 0.03125
0 0.586719 0.585156 0.0296875 0.0359375
0 0.984375 0.0539063 0.03125 0.0453125
0 0.522656 0.535156 0.0359375 0.0421875
0 0.453125 0.665625 0.03125 0.04375
0 0.123438 0.488281 0.03125 0.0390625
0 0.641406 0.10625 0.123438 0.16875
0 0.928906 0.071875 0.0328125 0.0375
0 0.286719 0.697656 0.0296875 0.0515625
0 0.0171875 0.501562 0.03125 0.046875
0 0.154687 0.410156 0.028125 0.0296875
0 0.225781 0.353125 0.0390625 0.040625
0 0.569531 0.371875 0.0546875 0.0875
0 0.360938 0.392188 0.0375 0.053125
0 0.177344 0.190625 0.0328125 0.0375
0 0.917188 0.498437 0.03125 0.071875
0 0.0992187 0.244531 0.0359375 0.0359375
0 0.0226563 0.559375 0.0359375 0.05
0 0.346094 0.0578125 0.0296875 0.03125
0 0.065625 0.65 0.03125 0.04375
0 0.78125 0.240625 0.0375 0.034375
0 0.299219 0.116406 0.0359375 0.0421875
0 0.138281 0.225 0.0390625 0.04375
0 0.571875 0.620313 0.034375 0.046875
0 0.553906 0.682813 0.0359375 0.05625
0 0.0429688 0.271875 0.0578125 0.046875
0 0.139062 0.142188 0.034375 0.034375
0 0.157031 0.102344 0.0328125 0.0390625
0 0.430469 0.628906 0.0296875 0.0359375
0 0.894531 0.120312 0.0453125 0.065625
0 0.464063 0.534375 0.040625 0.065625
0 0.652344 0.655469 0.0359375 0.0453125
0 0.446875 0.420312 0.0375 0.04375
0 0.761719 0.376563 0.0671875 0.059375
0 0.382031 0.640625 0.0421875 0.08125
0 0.2875 0.224219 0.040625 0.0453125
0 0.858594 0.427344 0.0328125 0.0421875
0 0.617188 0.705469 0.05 0.0515625
0 0.253125 0.717188 0.03125 0.04375
0 0.389844 0.0890625 0.0328125 0.0375
0 0.141406 0.5375 0.0328125 0.040625
0 0.717188 0.24375 0.0875 0.071875
0 0.227344 0.3125 0.0390625 0.040625
0 0.824219 0.296094 0.0390625 0.0453125
0 0.641406 0.51875 0.0421875 0.065625
0 0.627344 0.335156 0.0765625 0.0828125
0 0.470313 0.620313 0.05 0.05
0 0.653906 0.257812 0.0421875 0.05625
0 0.330469 0.614844 0.0453125 0.0546875
0 0.441406 0.574219 0.0421875 0.0484375
0 0.233594 0.542969 0.0421875 0.0515625
0 0.0476562 0.363281 0.0921875 0.0734375
0 0.836719 0.242969 0.0359375 0.0421875
0 0.18125 0.44375 0.0375 0.059375
0 0.410937 0.676562 0.021875 0.034375
0 0.795313 0.14375 0.03125 0.04375
0 0.239063 0.258594 0.0375 0.0390625
0 0.9375 0.353906 0.046875 0.0609375
0 0.392188 0.271094 0.05 0.0578125
0 0.221094 0.605469 0.0390625 0.0359375
0 0.432031 0.477344 0.0390625 0.0453125
0 0.924219 0.596875 0.0359375 0.06875
0 0.11875 0.588281 0.0375 0.0421875
0 0.516406 0.308594 0.0453125 0.0453125
0 0.314063 0.532031 0.04375 0.0828125
0 0.502344 0.797656 0.0390625 0.0578125
0 0.407813 0.409375 0.03125 0.0375
0 0.0554687 0.453125 0.0359375 0.040625
0 0.895312 0.363281 0.046875 0.0578125
0 0.335938 0.274219 0.05 0.0609375
0 0.203125 0.51875 0.028125 0.0375
0 0.529688 0.463281 0.05 0.0703125
0 0.214062 0.408594 0.0375 0.0609375
0 0.328125 0.194531 0.034375 0.0421875
0 0.553906 0.279687 0.0515625 0.05625
0 0.824219 0.391406 0.0359375 0.0546875
0 0.286719 0.604688 0.0453125 0.05625
0 0.142188 0.183594 0.0375 0.0453125
0 0.0507812 0.49375 0.0359375 0.040625
0 0.709375 0.305469 0.078125 0.0703125
0 0.105469 0.160938 0.0359375 0.04375
0 0.436719 0.25 0.0390625 0.053125
0 0.332031 0.321875 0.0296875 0.0375
0 0.277344 0.265625 0.0359375 0.040625
0 0.738281 0.142188 0.0734375 0.075
0 0.459375 0.146094 0.0375 0.0453125
0 0.360156 0.708594 0.0328125 0.0421875
0 0.183594 0.14375 0.0390625 0.05625
0 0.480469 0.253906 0.0390625 0.0640625
0 0.870313 0.205469 0.046875 0.0421875
0 0.621094 0.580469 0.0296875 0.0453125
0 0.44375 0.317969 0.0625 0.0640625
0 0.764063 0.280469 0.0375 0.0453125
0 0.0820312 0.541406 0.0609375 0.0671875
0 0.524219 0.353906 0.0421875 0.0578125
0 0.961719 0.217187 0.0421875 0.053125
0 0.584375 0.484375 0.034375 0.040625
0 0.454688 0.19375 0.05625 0.059375
0 0.539844 0.188281 0.0953125 0.101562
0 0.314844 0.658594 0.0359375 0.0515625
0 0.884375 0.457812 0.0375 0.05625
0 0.546875 0.553906 0.0375 0.0515625
0 0.483594 0.103125 0.0484375 0.0625
0 0.10625 0.439063 0.046875 0.078125
0 0.590625 0.538281 0.053125 0.0640625
0 0.417188 0.132812 0.04375 0.059375
0 0.597656 0.657031 0.0328125 0.0484375
0 0.15625 0.352344 0.0625 0.0734375
0 0.371094 0.33125 0.0484375 0.053125
0 0.289844 0.421875 0.0984375 0.10625
