0 0.889844 0.0640625 0.0296875 0.03125
0 0.773438 0.0296875 0.025 0.034375
0 0.904688 0.7 0.028125 0.03125
0 0.164062 0.732031 0.025 0.0515625
0 0.40625 0.408594 0.028125 0.0453125
0 0.575 0.335938 0.034375 0.053125
0 0.153125 0.132812 0.03125 0.03125
0 0.385156 0.8 0.0265625 0.046875
0 0.474219 0.624219 0.0296875 0.0515625
0 0.614062 0.25625 0.028125 0.03125
0 0.303906 0.559375 0.0359375 0.0375
0 0.675781 0.375 0.0453125 0.059375
0 0.344531 0.379687 0.0265625 0.046875
0 0.791406 0.183594 0.0296875 0.0421875
0 0.107813 0.08125 0.034375 0.04375
0 0.272656 0.645312 0.0328125 0.03125
0 0.0257812 0.830469 0.0328125 0.0421875
0 0.0726563 0.432813 0.0390625 0.040625
0 0.288281 0.150781 0.0265625 0.0328125
0 0.924219 0.247656 0.0328125 0.0359375
0 0.332812 0.0664062 0.034375 0.0546875
0 0.173438 0.174219 0.034375 0.0453125
0 0.707031 0.460938 0.0421875 0.071875
0 0.764844 0.385156 0.0296875 0.0484375
0 0.288281 0.0828125 0.0359375 0.040625
0 0.558594 0.603125 0.0734375 0.075
0 0.383594 0.551562 0.0484375 0.0375
0 0.220313 0.457812 0.03125 0.0375
0 0.828125 0.10625 0.03125 0.04375
0 0.660156 0.284375 0.0265625 0.0375
0 0.685938 0.146875 0.028125 0.0375
0 0.157031 0.09375 0.0359375 0.04375
0 0.802344 0.665625 0.0296875 0.046875
0 0.100781 0.334375 0.0703125 0.06875
0 0.41875 0.779688 0.040625 0.08125
0 0.524219 0.649219 0.0265625 0.0359375
0 0.648438 0.358594 0.040625 0.0609375
0 0.202344 0.858594 0.0296875 0.0359375
0 0.264062 0.776563 0.034375 0.05
0 0.0828125 0.14375 0.04375 0.05
0 0.649219 0.599219 0.0328125 0.0390625
0 0.209375 0.774219 0.034375 0.0328125
0 0.722656 0.175 0.0328125 0.05
0 0.2375 0.860156 0.03125 0.0390625
0 0.51875 0.61875 0.028125 0.03125
0 0.119531 0.78125 0.0328125 0.040625
0 0.844531 0.248437 0.0359375 0.040625
0 0.428906 0.703125 0.0296875 0.04375
0 0.607031 0.424219 0.0296875 0.0515625
0 0.178125 0.575 0.028125 0.03125
0 0.723437 0.0796875 0.03125 0.034375
0 0.242969 0.467187 0.0296875 0.0375
0 0.141406 0.730469 0.0296875 0.0453125
0 0.732031 0.128906 0.0453125 0.0484375
0 0.090625 0.190625 0.03125 0.03125
0 0.0171875 0.257031 0.034375 0.0671875
0 0.103125 0.510938 0.03125 0.040625
0 0.0140625 0.704687 0.028125 0.04375
0 0.739062 0.417188 0.028125 0.04375
0 0.0171875 0.167969 0.03125 0.0453125
0 0.617969 0.176563 0.0234375 0.04375
0 0.353906 0.438281 0.0265625 0.0421875
0 0.766406 0.166406 0.0359375 0.0453125
0 0.433594 0.579687 0.0421875 0.040625
0 0.219531 0.307031 0.0359375 0.0453125
0 0.621094 0.121094 0.0359375 0.0640625
0 0.0664062 0.276563 0.0453125 0.05
0 0.65625 0.189844 0.03125 0.0453125
0 0.639844 0.684375 0.0359375 0.0625
0 0.798437 0.584375 0.04375 0.04375
0 0.0265625 0.630469 0.053125 0.0703125
0 0.189844 0.264062 0.0359375 0.05
0 0.294531 0.457812 0.0453125 0.075
0 0.121094 0.128906 0.0265625 0.0328125
0 0.0226563 0.0546875 0.0359375 0.040625
0 0.471094 0.677344 0.0453125 0.0453125
0 0.125 0.4375 0.046875 0.028125
0 0.0125 0.471094 0.025 0.0421875
0 0.339063 0.240625 0.04375 0.0625
0 0.589063 0.084375 0.03125 0.046875
0 0.192969 0.522656 0.0328125 0.0453125
0 0.777344 0.330469 0.0296875 0.0359375
0 0.165625 0.226562 0.04375 0.053125
0 0.598437 0.696875 0.03125 0.0625
0 0.3 0.872656 0.090625 0.139062
0 0.750781 0.614844 0.0328125 0.0671875
0 0.891406 0.553906 0.0328125 0.0390625
0 0.545313 0.539062 0.090625 0.084375
0 0.857813 0.482812 0.05 0.046875
0 0.259375 0.157813 0.03125 0.04375
0 0.617969 0.590625 0.0296875 0.053125
0 0.922656 0.746094 0.0390625 0.0578125
0 0.664062 0.107031 0.03125 0.0515625
0 0.792188 0.486719 0.03125 0.0546875
0 0.864844 0.229687 0.0359375 0.059375
0 0.31875 0.707812 0.0375 0.05625
0 0.942187 0.666406 0.053125 0.0484375
0 0.639063 0.41875 0.028125 0.0375
0 0.70625 0.652344 0.1125 0.226562
0 0.764063 0.558594 0.040625 0.0484375
0 0.0984375 0.46875 0.040625 0.040625
0 0.479688 0.804688 0.059375 0.078125
0 0.717188 0.282031 0.034375 0.0421875
0 0.542969 0.375781 0.0390625 0.0421875
0 0.841406 0.710938 0.0390625 0.0625
0 0.786719 0.75625 0.0578125 0.1
0 0.159375 0.303906 0.034375 0.0453125
0 0.116406 0.396094 0.0421875 0.0515625
0 0.242188 0.0664062 0.0375 0.0359375
0 0.0414063 0.695312 0.0328125 0.04375
0 0.849219 0.05625 0.0421875 0.053125
0 0.442187 0.350781 0.0375 0.0453125
0 0.1125 0.29375 0.034375 0.0375
0 0.869531 0.290625 0.0390625 0.053125
0 0.971875 0.601562 0.05 0.071875
0 0.25625 0.284375 0.034375 0.040625
0 0.228125 0.405469 0.034375 0.0578125
0 0.821875 0.308594 0.046875 0.0421875
0 0.317969 0.757812 0.0390625 0.046875
0 0.910937 0.486719 0.034375 0.0515625
0 0.529688 0.157031 0.08125 0.148438
0 0.059375 0.816406 0.034375 0.0484375
0 0.485938 0.739062 0.0375 0.053125
0 0.532812 0.3375 0.03125 0.034375
0 0.211719 0.814844 0.0421875 0.0484375
0 0.961719 0.158594 0.0359375 0.0578125
0 0.25625 0.1125 0.05 0.053125
0 0.216406 0.353906 0.0359375 0.0390625
0 0.759375 0.2625 0.0375 0.084375
0 0.967188 0.225 0.05625 0.0625
0 0.211719 0.720312 0.0484375 0.06875
0 0.396094 0.614844 0.0890625 0.0734375
0 0.38125 0.486719 0.05 0.0734375
0 0.505469 0.455469 0.0609375 0.0765625
0 0.0726563 0.647656 0.0265625 0.0671875
0 0.370313 0.689062 0.0375 0.0625
0 0.503906 0.589844 0.0296875 0.0453125
0 0.2625 0.700781 0.0375 0.0859375
0 0.1625 0.496094 0.06875 0.0859375
0 0.557813 0.446875 0.034375 0.05625
0 0.898438 0.114844 0.0375 0.0546875
0 0.720312 0.528906 0.034375 0.0515625
0 0.796875 0.428906 0.0375 0.0484375
0 0.340625 0.327344 0.028125 0.0453125
0 0.888281 0.428906 0.0359375 0.0453125
0 0.420312 0.114063 0.034375 0.05
0 0.597656 0.492188 0.0328125 0.059375
0 0.152344 0.611719 0.0421875 0.0546875
0 0.335938 0.79375 0.040625 0.059375
0 0.620313 0.299219 0.034375 0.0484375
0 0.653906 0.473437 0.0390625 0.08125
0 0.585938 0.29375 0.028125 0.040625
0 0.0265625 0.317969 0.05 0.0640625
0 0.798437 0.371875 0.028125 0.05
0 0.258594 0.328125 0.0328125 0.04375
0 0.0671875 0.732813 0.046875 0.08125
0 0.36875 0.749219 0.028125 0.0515625
0 0.780469 0.08125 0.0515625 0.05625
0 0.5125 0.260156 0.034375 0.0484375
0 0.460938 0.110156 0.034375 0.0671875
0 0.319531 0.132031 0.0421875 0.0609375
0 0.402344 0.689844 0.0328125 0.0453125
0 0.486719 0.391406 0.0421875 0.0546875
0 0.75 0.482031 0.034375 0.0609375
0 0.114844 0.640625 0.0421875 0.065625
0 0.310937 0.603906 0.046875 0.0609375
0 0.942187 0.450781 0.04375 0.0578125
0 0.0429688 0.222656 0.0453125 0.0546875
0 0.0570313 0.178906 0.0359375 0.0484375
0 0.535156 0.703125 0.0390625 0.053125
0 0.185156 0.417969 0.0421875 0.0609375
0 0.028125 0.402344 0.046875 0.0703125
0 0.470313 0.280469 0.05 0.0578125
0 0.907031 0.382031 0.0390625 0.0578125
0 0.858594 0.129688 0.0296875 0.040625
0 0.709375 0.35625 0.0375 0.05
0 0.420312 0.207813 0.040625 0.06875
0 0.210156 0.145313 0.0390625 0.065625
0 0.475 0.214844 0.040625 0.0640625
0 0.2875 0.378906 0.071875 0.0890625
0 0.842188 0.380469 0.05 0.0828125
0 0.127344 0.178906 0.0328125 0.0609375
0 0.151562 0.666406 0.034375 0.0390625
0 0.190625 0.660937 0.04375 0.059375
0 0.166406 0.854688 0.0421875 0.05625
0 0.88125 0.622656 0.0625 0.0703125
0 0.151562 0.566406 0.034375 0.0390625
0 0.0328125 0.555469 0.0375 0.0515625
0 0.252344 0.246094 0.0359375 0.0421875
0 0.103125 0.56875 0.05 0.06875
0 0.428906 0.305469 0.0359375 0.0453125
0 0.0945313 0.242188 0.0453125 0.0625
0 0.232812 0.53125 0.04375 0.0875
0 0.375781 0.307031 0.0453125 0.0546875
0 0.828906 0.182812 0.0390625 0.05
0 0.457031 0.534375 0.0734375 0.065625
0 0.405469 0.26875 0.0390625 0.05
0 0.899219 0.196094 0.0390625 0.0546875
0 0.378125 0.138281 0.059375 0.0890625
