0 0.417188 0.603906 0.028125 0.0328125
0 0.448438 0.240625 0.034375 0.046875
0 0.509375 0.7375 0.0375 0.04375
0 0.775781 0.639063 0.0296875 0.0625
0 0.0257812 0.173438 0.0421875 0.053125
0 0.760156 0.705469 0.0328125 0.0546875
0 0.825781 0.675 0.0328125 0.05625
0 0.853906 0.046875 0.0296875 0.0375
0 0.35 0.577344 0.03125 0.0390625
0 0.874219 0.742188 0.0328125 0.046875
0 0.497656 0.682031 0.0421875 0.0515625
0 0.928125 0.392969 0.03125 0.0421875
0 0.246875 0.660937 0.0375 0.046875
0 0.624219 0.385156 0.0296875 0.0515625
0 0.419531 0.203906 0.0421875 0.0453125
0 0.753906 0.628125 0.0265625 0.046875
0 0.68125 0.0632813 0.040625 0.0296875
0 0.690625 0.35 0.028125 0.05625
0 0.304688 0.501562 0.034375 0.0375
0 0.0453125 0.684375 0.034375 0.053125
0 0.896094 0.66875 0.0328125 0.0625
0 0.334375 0.63125 0.028125 0.046875
0 0.508594 0.438281 0.0390625 0.0703125
0 0.0101562 0.357031 0.0203125 0.0453125
0 0.900781 0.0523437 0.0390625 0.0453125
0 0.801562 0.689844 0.03125 0.0421875
0 0.739062 0.411719 0.028125 0.0453125
0 0.460156 0.0875 0.0265625 0.05
0 0.467187 0.633594 0.028125 0.0484375
0 0.250781 0.0859375 0.0296875 0.0375
0 0.719531 0.617188 0.0359375 0.034375
0 0.0140625 0.660937 0.028125 0.04375
0 0.988281 0.192188 0.0234375 0.05
0 0.0140625 0.6125 0.028125 0.046875
0 0.528125 0.164062 0.034375 0.04375
0 0.165625 0.224219 0.028125 0.0484375
0 0.811719 0.216406 0.0265625 0.0328125
0 0.742188 0.3625 0.034375 0.04375
0 0.984375 0.0617188 0.028125 0.0578125
0 0.084375 0.747656 0.034375 0.0546875
0 0.249219 0.203125 0.0390625 0.046875
0 0.775 0.596094 0.03125 0.0296875
0 0.457812 0.596094 0.025 0.0390625
0 0.621094 0.632031 0.0328125 0.0390625
0 0.657812 0.223438 0.0375 0.04375
0 0.646094 0.33125 0.0328125 0.05625
0 0.274219 0.680469 0.0296875 0.0359375
0 0.675781 0.542188 0.0328125 0.05
0 0.497656 0.502344 0.0296875 0.0390625
0 0.388281 0.321094 0.0296875 0.0390625
0 0.115625 0.628125 0.03125 0.04375
0 0.836719 0.096875 0.0359375 0.04375
0 0.30625 0.116406 0.03125 0.0296875
0 0.700781 0.100781 0.0453125 0.0421875
0 0.921094 0.695312 0.0328125 0.046875
0 0.164062 0.566406 0.03125 0.0453125
0 0.803906 0.328906 0.0328125 0.0359375
0 0.848437 0.700781 0.028125 0.0390625
0 0.427344 0.640625 0.0328125 0.04375
0 0.896875 0.0929687 0.028125 0.0328125
0 0.135937 0.383594 0.03125 0.0390625
0 0.828906 0.315625 0.0296875 0.034375
0 0.100781 0.209375 0.0296875 0.03125
0 0.153906 0.410937 0.0359375 0.040625
0 0.417188 0.0890625 0.034375 0.0625
0 0.119531 0.686719 0.0484375 0.0453125
0 0.0140625 0.553906 0.028125 0.0421875
0 0.0164062 0.132031 0.0328125 0.0328125
0 0.130469 0.221094 0.0328125 0.0421875
0 0.0625 0.185156 0.034375 0.0359375
0 0.648438 0.575781 0.034375 0.0453125
0 0.090625 0.490625 0.028125 0.034375
0 0.389844 0.430469 0.0359375 0.0359375
0 0.803906 0.0171875 0.0390625 0.03125
0 0.0148437 0.5125 0.0296875 0.040625
0 0.352344 0.46875 0.0546875 0.04375
0 0.351562 0.313281 0.03125 0.0515625
0 0.207031 0.132812 0.0296875 0.0375
0 0.0523437 0.226562 0.0515625 0.05
0 0.303125 0.35 0.0375 0.040625
0 0.961719 0.354688 0.0328125 0.04375
0 0.247656 0.627344 0.0265625 0.0359375
0 0.490625 0.328125 0.03125 0.034375
0 0.339063 0.142188 0.03125 0.034375
0 0.80625 0.596094 0.03125 0.0421875
0 0.501562 0.149219 0.03125 0.0484375
0 0.619531 0.45625 0.0296875 0.04375
0 0.040625 0.634375 0.034375 0.0375
0 0.63125 0.490625 0.034375 0.03125
0 0.498437 0.284375 0.03125 0.0375
0 0.675781 0.28125 0.0359375 0.04375
0 0.2875 0.282031 0.034375 0.0546875
0 0.676562 0.596875 0.0375 0.0375
0 0.217969 0.169531 0.0296875 0.0390625
0 0.721875 0.6625 0.034375 0.046875
0 0.0953125 0.275781 0.053125 0.0703125
0 0.398438 0.588281 0.034375 0.0453125
0 0.474219 0.371094 0.0359375 0.0640625
0 0.627344 0.186719 0.0265625 0.0359375
0 0.86875 0.528125 0.03125 0.0375
0 0.470313 0.490625 0.034375 0.05
0 0.239844 0.526563 0.0328125 0.040625
0 0.201562 0.703906 0.028125 0.0328125
0 0.191406 0.55625 0.0296875 0.04375
0 0.564844 0.692969 0.0296875 0.0453125
0 0.726562 0.694531 0.034375 0.0359375
0 0.140625 0.59375 0.03125 0.0375
0 0.344531 0.533594 0.0296875 0.0421875
0 0.0429688 0.116406 0.0328125 0.0328125
0 0.242969 0.572656 0.0359375 0.0453125
0 0.650781 0.428125 0.0328125 0.034375
0 0.40625 0.467969 0.034375 0.0453125
0 0.196094 0.324219 0.0390625 0.0453125
0 0.570312 0.522656 0.03125 0.0390625
0 0.2375 0.707812 0.0375 0.0375
0 0.109375 0.5875 0.03125 0.04375
0 0.395312 0.71875 0.040625 0.053125
0 0.657812 0.390625 0.034375 0.05
0 0.0398437 0.290625 0.0328125 0.0375
0 0.679688 0.442969 0.025 0.0359375
0 0.420312 0.147656 0.0375 0.0515625
0 0.201562 0.389844 0.040625 0.0671875
0 0.535156 0.515625 0.0328125 0.0375
0 0.0789063 0.0921875 0.0421875 0.046875
0 0.160938 0.103906 0.03125 0.0453125
0 0.698438 0.40625 0.040625 0.0375
0 0.303906 0.666406 0.0328125 0.0515625
0 0.0820312 0.371875 0.0359375 0.040625
0 0.900781 0.354688 0.0328125 0.059375
0 0.105469 0.532812 0.0328125 0.0375
0 0.775781 0.251563 0.0609375 0.06875
0 0.125781 0.164062 0.0421875 0.059375
0 0.229687 0.428906 0.034375 0.0359375
0 0.538281 0.1125 0.0359375 0.046875
0 0.332812 0.103125 0.034375 0.034375
0 0.0453125 0.349219 0.034375 0.0515625
0 0.785156 0.564844 0.0265625 0.0296875
0 0.726562 0.465625 0.0375 0.040625
0 0.353906 0.392969 0.0890625 0.0890625
0 0.314063 0.596875 0.040625 0.040625
0 0.66875 0.182812 0.028125 0.034375
0 0.833594 0.503125 0.0328125 0.034375
0 0.828125 0.463281 0.034375 0.0390625
0 0.841406 0.564062 0.0390625 0.046875
0 0.58125 0.0742188 0.046875 0.0484375
0 0.771094 0.407031 0.0296875 0.0453125
0 0.3125 0.733594 0.03125 0.0390625
0 0.578125 0.285156 0.040625 0.0609375
0 0.532031 0.56875 0.0359375 0.0625
0 0.110156 0.341406 0.0390625 0.0515625
0 0.360156 0.209375 0.0359375 0.053125
0 0.592188 0.346094 0.025 0.0421875
0 0.871875 0.103125 0.025 0.034375
0 0.0359375 0.748438 0.040625 0.05
0 0.246875 0.314063 0.034375 0.05625
0 0.929688 0.495313 0.0375 0.046875
0 0.158594 0.495313 0.0328125 0.040625
0 0.278125 0.717969 0.03125 0.0390625
0 0.817187 0.424219 0.0375 0.0453125
0 0.176563 0.18125 0.0375 0.040625
0 0.482031 0.225781 0.0484375 0.0828125
0 0.0835937 0.45 0.0296875 0.046875
0 0.160156 0.275781 0.0421875 0.0453125
0 0.233594 0.470313 0.0421875 0.053125
0 0.597656 0.68125 0.0484375 0.0625
0 0.642187 0.267188 0.03125 0.04375
0 0.5 0.60625 0.040625 0.053125
0 0.208594 0.510938 0.0359375 0.05
0 0.585938 0.614062 0.025 0.040625
0 0.64375 0.15 0.040625 0.040625
0 0.325781 0.267969 0.0296875 0.0421875
0 0.891406 0.139062 0.0453125 0.053125
0 0.546094 0.404687 0.0453125 0.053125
0 0.723437 0.321094 0.034375 0.0421875
0 0.610937 0.594531 0.03125 0.0421875
0 0.433594 0.391406 0.0421875 0.0484375
0 0.539844 0.638281 0.0390625 0.0640625
0 0.209375 0.0914062 0.034375 0.0484375
0 0.189844 0.471094 0.0328125 0.0421875
0 0.835938 0.369531 0.034375 0.0546875
0 0.4625 0.709375 0.034375 0.0375
0 0.591406 0.563281 0.0359375 0.0578125
0 0.378906 0.529688 0.0421875 0.059375
0 0.550781 0.335156 0.0390625 0.0671875
0 0.189063 0.604688 0.0375 0.046875
0 0.957031 0.121094 0.0328125 0.0421875
0 0.0867188 0.625 0.0359375 0.05625
0 0.147656 0.630469 0.0328125 0.0453125
0 0.534375 0.697656 0.03125 0.0421875
0 0.0609375 0.580469 0.046875 0.0609375
0 0.764844 0.305469 0.0359375 0.0421875
0 0.234375 0.253906 0.04375 0.0578125
0 0.290625 0.16875 0.046875 0.071875
0 0.828906 0.261719 0.0359375 0.0546875
0 0.714063 0.221094 0.046875 0.0734375
0 0.903906 0.229687 0.0890625 0.125
0 0.682031 0.146875 0.0296875 0.0375
0 0.428906 0.332812 0.0359375 0.053125
0 0.390625 0.64375 0.0375 0.05625
0 0.677344 0.482812 0.0359375 0.04375
0 0.369531 0.169531 0.0359375 0.0359375
0 0.5125 0.364844 0.034375 0.0546875
0 0.467187 0.432031 0.034375 0.0484375
0 0.164844 0.369531 0.0421875 0.0484375
0 0.576563 0.467969 0.053125 0.0578125
0 0.842969 0.619531 0.0359375 0.0484375
0 0.73125 0.5125 0.05 0.05625
0 0.178125 0.654688 0.034375 0.04375
0 0.907812 0.528125 0.040625 0.053125
0 0.815625 0.157813 0.046875 0.0625
0 0.771094 0.107031 0.0515625 0.0546875
0 0.754687 0.05625 0.046875 0.05
0 0.464063 0.146094 0.034375 0.0421875
0 0.0664062 0.526563 0.0453125 0.053125
0 0.278125 0.628906 0.034375 0.0484375
0 0.0320312 0.06875 0.0609375 0.053125
0 0.2875 0.065625 0.040625 0.05625
0 0.89375 0.460938 0.059375 0.0625
0 0.190625 0.240625 0.0375 0.04375
0 0.867188 0.317187 0.046875 0.05
0 0.776563 0.457812 0.04375 0.05625
0 0.0453125 0.436719 0.0625 0.0609375
0 0.41875 0.278125 0.04375 0.05
0 0.56875 0.200781 0.075 0.0953125
0 0.858594 0.429688 0.0328125 0.05
