0 0.900781 0.226562 0.0328125 0.040625
0 0.477344 0.474219 0.0296875 0.0390625
0 0.510156 0.703906 0.0296875 0.0421875
0 0.0546875 0.595312 0.028125 0.03125
0 0.1 0.104687 0.03125 0.028125
0 0.56875 0.439063 0.025 0.03125
0 0.132031 0.427344 0.0328125 0.0390625
0 0.071875 0.628125 0.028125 0.034375
0 0.542188 0.534375 0.03125 0.05
0 0.0335938 0.759375 0.0359375 0.04375
0 0.0960938 0.396094 0.0234375 0.0328125
0 0.748438 0.400781 0.034375 0.0421875
0 0.680469 0.646094 0.0265625 0.0453125
0 0.573438 0.551562 0.03125 0.046875
0 0.124219 0.607031 0.0421875 0.0453125
0 0.189844 0.714063 0.0296875 0.059375
0 0.400781 0.721094 0.0296875 0.0421875
0 0.325 0.375 0.040625 0.040625
0 0.182031 0.208594 0.0390625 0.0609375
0 0.0875 0.564844 0.034375 0.0390625
0 0.582812 0.638281 0.04375 0.0453125
0 0.19375 0.464063 0.034375 0.04375
0 0.566406 0.307031 0.0234375 0.0296875
0 0.178906 0.796875 0.0296875 0.0375
0 0.683594 0.0882813 0.0265625 0.0578125
0 0.989062 0.0921875 0.021875 0.046875
0 0.527344 0.225 0.0328125 0.0375
0 0.433594 0.1375 0.0265625 0.0375
0 0.009375 0.232031 0.01875 0.0359375
0 0.040625 0.283594 0.028125 0.0390625
0 0.265625 0.327344 0.025 0.0359375
0 0.842188 0.433594 0.03125 0.0546875
0 0.148438 0.700781 0.03125 0.0390625
0 0.303125 0.328125 0.028125 0.040625
0 0.138281 0.596875 0.0453125 0.05
0 0.310937 0.205469 0.028125 0.0359375
0 0.571875 0.084375 0.028125 0.03125
0 0.0703125 0.261719 0.03125 0.0359375
0 0.280469 0.182812 0.0234375 0.05625
0 0.515625 0.2625 0.034375 0.04375
0 0.172656 0.480469 0.0328125 0.0453125
0 0.315625 0.810156 0.034375 0.0421875
0 0.0351562 0.322656 0.0328125 0.0421875
0 0.15625 0.51875 0.03125 0.040625
0 0.078125 0.464063 0.034375 0.040625
0 0.550781 0.584375 0.0296875 0.04375
0 0.242969 0.239844 0.0328125 0.0671875
0 0.407031 0.392969 0.0328125 0.0453125
0 0.600781 0.516406 0.0296875 0.0421875
0 0.0625 0.128125 0.03125 0.028125
0 0.227344 0.683594 0.0328125 0.0421875
0 0.428906 0.0679687 0.0359375 0.0578125
0 0.196094 0.342969 0.0234375 0.0296875
0 0.284375 0.233594 0.028125 0.0296875
0 0.146094 0.292969 0.0265625 0.0296875
0 0.503125 0.208594 0.028125 0.0453125
0 0.678906 0.528125 0.0296875 0.04375
0 0.782812 0.855469 0.028125 0.0390625
0 0.0804688 0.519531 0.0359375 0.0359375
0 0.8 0.71875 0.0375 0.065625
0 0.046875 0.227344 0.0375 0.0390625
0 0.428906 0.269531 0.0359375 0.0421875
0 0.0492188 0.402344 0.0421875 0.0453125
0 0.373437 0.40625 0.028125 0.0375
0 0.648438 0.120312 0.0375 0.046875
0 0.871094 0.239063 0.0328125 0.046875
0 0.495313 0.539844 0.03125 0.0609375
0 0.715625 0.0179687 0.05 0.0328125
0 0.203125 0.540625 0.028125 0.03125
0 0.466406 0.217969 0.0421875 0.0609375
0 0.0835937 0.232812 0.0296875 0.03125
0 0.284375 0.580469 0.028125 0.101562
0 0.236719 0.441406 0.0296875 0.0390625
0 0.0945313 0.05625 0.0515625 0.0375
0 0.696875 0.729688 0.04375 0.053125
0 0.628906 0.536719 0.0265625 0.0359375
0 0.358594 0.511719 0.0265625 0.0359375
0 0.279687 0.814062 0.034375 0.046875
0 0.450781 0.75 0.0328125 0.04375
0 0.382031 0.232031 0.0328125 0.0359375
0 0.4 0.620313 0.040625 0.04375
0 0.153906 0.551562 0.0328125 0.046875
0 0.251563 0.704687 0.0375 0.05
0 0.385938 0.485938 0.028125 0.05625
0 0.246875 0.836719 0.0375 0.0484375
0 0.396094 0.428125 0.0234375 0.03125
0 0.283594 0.673437 0.0328125 0.05
0 0.43125 0.685938 0.03125 0.040625
0 0.89375 0.283594 0.028125 0.0359375
0 0.548437 0.065625 0.028125 0.034375
0 0.317187 0.650781 0.034375 0.0515625
0 0.782812 0.55 0.05 0.053125
0 0.669531 0.471875 0.0390625 0.04375
0 0.185937 0.388281 0.0375 0.0390625
0 0.814844 0.0742188 0.0390625 0.0453125
0 0.375781 0.139062 0.0328125 0.03125
0 0.2125 0.371094 0.034375 0.0359375
0 0.409375 0.1625 0.028125 0.034375
0 0.453125 0.554688 0.040625 0.059375
0 0.225 0.178125 0.040625 0.04375
0 0.246875 0.571875 0.0375 0.05
0 0.480469 0.308594 0.0390625 0.0390625
0 0.380469 0.171875 0.0328125 0.046875
0 0.536719 0.096875 0.0296875 0.046875
0 0.323438 0.278125 0.028125 0.03125
0 0.532812 0.483594 0.03125 0.0421875
0 0.140625 0.376563 0.034375 0.0375
0 0.175781 0.290625 0.0296875 0.034375
0 0.202344 0.420312 0.0390625 0.040625
0 0.0148437 0.278125 0.0296875 0.034375
0 0.935938 0.492969 0.109375 0.173438
0 0.372656 0.342187 0.0359375 0.046875
0 0.229687 0.335938 0.0375 0.053125
0 0.460156 0.261719 0.0296875 0.0390625
0 0.15625 0.432813 0.0375 0.046875
0 0.93125 0.260156 0.034375 0.0390625
0 0.879687 0.551562 0.0375 0.05
0 0.967969 0.297656 0.0359375 0.0484375
0 0.646094 0.499219 0.0359375 0.0484375
0 0.742969 0.846875 0.0359375 0.046875
0 0.560938 0.488281 0.028125 0.0546875
0 0.188281 0.766406 0.0296875 0.0328125
0 0.817969 0.142969 0.0484375 0.0671875
0 0.559375 0.258594 0.034375 0.0484375
0 0.263281 0.103906 0.0328125 0.0359375
0 0.740625 0.752344 0.03125 0.0453125
0 0.366406 0.715625 0.0328125 0.05625
0 0.347656 0.598437 0.0296875 0.046875
0 0.585938 0.59375 0.028125 0.04375
0 0.584375 0.15625 0.075 0.065625
0 0.932813 0.21875 0.03125 0.040625
0 0.499219 0.123438 0.0390625 0.046875
0 0.140625 0.178125 0.034375 0.040625
0 0.674219 0.324219 0.0640625 0.0859375
0 0.121094 0.230469 0.0359375 0.0390625
0 0.0671875 0.178906 0.03125 0.0390625
0 0.2125 0.292969 0.028125 0.0328125
0 0.654688 0.221875 0.0875 0.090625
0 0.534375 0.190625 0.028125 0.0375
0 0.140625 0.478906 0.034375 0.0359375
0 0.0265625 0.651563 0.053125 0.075
0 0.102344 0.167187 0.0328125 0.05625
0 0.617969 0.279687 0.0421875 0.05625
0 0.879687 0.691406 0.0375 0.0390625
0 0.607813 0.441406 0.0375 0.0421875
0 0.836719 0.70625 0.0265625 0.046875
0 0.0921875 0.679688 0.03125 0.053125
0 0.309375 0.245312 0.034375 0.046875
0 0.341406 0.310156 0.0359375 0.0421875
0 0.904688 0.766406 0.0375 0.0515625
0 0.116406 0.789062 0.0390625 0.075
0 0.771875 0.757812 0.034375 0.0625
0 0.414844 0.325781 0.0546875 0.0578125
0 0.130469 0.328906 0.0484375 0.0515625
0 0.965625 0.690625 0.04375 0.053125
0 0.484375 0.753125 0.03125 0.065625
0 0.046875 0.546875 0.03125 0.0375
0 0.459375 0.699219 0.03125 0.0390625
0 0.0195312 0.582812 0.0328125 0.046875
0 0.311719 0.108594 0.0484375 0.0734375
0 0.7875 0.322656 0.034375 0.0515625
0 0.525 0.655469 0.034375 0.0453125
0 0.396875 0.68125 0.03125 0.04375
0 0.0859375 0.742969 0.03125 0.0484375
0 0.0390625 0.505469 0.040625 0.0515625
0 0.517187 0.5875 0.028125 0.04375
0 0.189844 0.141406 0.0296875 0.0390625
0 0.709375 0.610937 0.0375 0.040625
0 0.860937 0.159375 0.034375 0.046875
0 0.915625 0.339063 0.05625 0.090625
0 0.876562 0.102344 0.03125 0.0671875
0 0.164844 0.254687 0.0296875 0.0375
0 0.708594 0.453906 0.0453125 0.0515625
0 0.973437 0.196094 0.0375 0.0421875
0 0.221875 0.739844 0.040625 0.0484375
0 0.744531 0.497656 0.0421875 0.0609375
0 0.185937 0.624219 0.034375 0.0546875
0 0.491406 0.66875 0.0328125 0.046875
0 0.305469 0.171875 0.0328125 0.0375
0 0.378906 0.273438 0.0390625 0.040625
0 0.95625 0.357031 0.040625 0.0546875
0 0.260156 0.395312 0.0390625 0.05625
0 0.614844 0.0757812 0.0359375 0.0453125
0 0.149219 0.110937 0.0390625 0.0625
0 0.800781 0.440625 0.0390625 0.046875
0 0.713281 0.538281 0.0328125 0.0421875
0 0.0695312 0.096875 0.0265625 0.034375
0 0.807813 0.225 0.0375 0.04375
0 0.232031 0.0703125 0.0328125 0.04375
0 0.196875 0.0921875 0.040625 0.053125
0 0.507812 0.465625 0.03125 0.04375
0 0.460156 0.169531 0.0390625 0.0421875
0 0.535937 0.447656 0.03125 0.0390625
0 0.278906 0.270312 0.0328125 0.046875
0 0.557031 0.678906 0.0390625 0.0484375
0 0.971094 0.627344 0.0515625 0.0671875
0 0.117969 0.533594 0.0359375 0.0578125
0 0.417969 0.203125 0.0453125 0.046875
0 0.253906 0.529688 0.0296875 0.0375
0 0.488281 0.0804688 0.0328125 0.0390625
0 0.861719 0.296094 0.0390625 0.0515625
0 0.864062 0.371875 0.034375 0.059375
0 0.838281 0.547656 0.0359375 0.0546875
0 0.0796875 0.315625 0.040625 0.05625
0 0.754687 0.360156 0.0375 0.0453125
0 0.622656 0.370313 0.0578125 0.0875
0 0.946094 0.0820312 0.0390625 0.0484375
0 0.757812 0.255469 0.046875 0.0640625
0 0.332812 0.720312 0.0375 0.05625
0 0.553125 0.353906 0.06875 0.0640625
0 0.821875 0.494531 0.040625 0.0609375
0 0.342187 0.169531 0.03125 0.0421875
0 0.272656 0.0671875 0.0328125 0.040625
0 0.480469 0.359375 0.0703125 0.075
