0 0.040625 0.244531 0.025 0.0578125
0 0.149219 0.500781 0.0234375 0.0328125
0 0.548437 0.724219 0.03125 0.0328125
0 0.528125 0.235938 0.028125 0.05
0 0.0289063 0.0679687 0.0359375 0.0421875
0 0.917969 0.207031 0.0328125 0.0484375
0 0.688281 0.084375 0.0265625 0.034375
0 0.478125 0.280469 0.028125 0.0328125
0 0.321875 0.384375 0.025 0.034375
0 0.305469 0.475 0.0359375 0.0375
0 0.489844 0.460156 0.0390625 0.0640625
0 0.765625 0.4625 0.025 0.03125
0 0.754687 0.664844 0.034375 0.0484375
0 0.0125 0.310937 0.025 0.05
0 0.638281 0.682813 0.0296875 0.040625
0 0.344531 0.617969 0.0328125 0.0359375
0 0.560156 0.608594 0.0390625 0.0640625
0 0.0976562 0.732813 0.0328125 0.053125
0 0.342969 0.489844 0.0296875 0.0390625
0 0.623438 0.116406 0.028125 0.0359375
0 0.0867188 0.882812 0.0390625 0.08125
0 0.638281 0.309375 0.0296875 0.059375
0 0.363281 0.557813 0.0296875 0.046875
0 0.197656 0.184375 0.0265625 0.040625
0 0.364062 0.15625 0.046875 0.059375
0 0.102344 0.541406 0.0296875 0.0390625
0 0.360156 0.296875 0.0328125 0.05
0 0.0539063 0.8125 0.0328125 0.05
0 0.65625 0.445312 0.040625 0.059375
0 0.632031 0.604688 0.0296875 0.040625
0 0.975 0.046875 0.040625 0.046875
0 0.411719 0.459375 0.0265625 0.034375
0 0.125781 0.746094 0.0359375 0.0453125
0 0.103125 0.167969 0.046875 0.0453125
0 0.03125 0.610156 0.0375 0.0359375
0 0.457812 0.628125 0.025 0.04375
0 0.880469 0.213281 0.0359375 0.0796875
0 0.621875 0.0773437 0.025 0.0328125
0 0.06875 0.7 0.034375 0.040625
0 0.422656 0.075 0.0390625 0.046875
0 0.314063 0.104687 0.071875 0.09375
0 0.225781 0.71875 0.0265625 0.0375
0 0.588281 0.375 0.0328125 0.0375
0 0.95625 0.682813 0.034375 0.053125
0 0.569531 0.691406 0.0328125 0.0453125
0 0.353125 0.896094 0.053125 0.0828125
0 0.902344 0.442969 0.0328125 0.0390625
0 0.385938 0.053125 0.028125 0.034375
0 0.653906 0.08125 0.0296875 0.03125
0 0.424219 0.419531 0.0296875 0.0421875
0 0.953125 0.442969 0.0625 0.142188
0 0.127344 0.6125 0.0359375 0.0375
0 0.595312 0.75 0.028125 0.040625
0 0.95 0.252344 0.040625 0.0515625
0 0.950781 0.348437 0.0421875 0.04375
0 0.470313 0.307813 0.028125 0.0375
0 0.301562 0.777344 0.034375 0.0484375
0 0.178906 0.917969 0.0421875 0.0640625
0 0.132031 0.917969 0.0328125 0.0578125
0 0.435156 0.448438 0.0328125 0.0375
0 0.0179687 0.683594 0.0359375 0.0453125
0 0.296094 0.379687 0.0265625 0.03125
0 0.725 0.678125 0.03125 0.0375
0 0.0125 0.267969 0.025 0.0453125
0 0.154687 0.678125 0.03125 0.04375
0 0.43125 0.54375 0.03125 0.046875
0 0.269531 0.535156 0.0296875 0.0421875
0 0.208594 0.0492188 0.0453125 0.0578125
0 0.117188 0.342187 0.034375 0.0375
0 0.928906 0.0414063 0.0390625 0.0421875
0 0.661719 0.671094 0.0421875 0.0609375
0 0.129688 0.647656 0.03125 0.0421875
0 0.040625 0.725 0.03125 0.04375
0 0.298438 0.338281 0.053125 0.0546875
0 0.120312 0.134375 0.028125 0.034375
0 0.178906 0.505469 0.0328125 0.0390625
0 0.496875 0.1625 0.025 0.034375
0 0.55 0.379687 0.0375 0.05625
0 0.0429688 0.652344 0.0359375 0.0421875
0 0.01875 0.127344 0.034375 0.0453125
0 0.459375 0.3625 0.028125 0.05
0 0.809375 0.0625 0.04375 0.046875
0 0.272656 0.4125 0.0421875 0.046875
0 0.491406 0.385156 0.0359375 0.0421875
0 0.254687 0.679688 0.03125 0.040625
0 0.0539063 0.178125 0.0265625 0.0375
0 0.134375 0.417188 0.059375 0.1
0 0.203906 0.13125 0.0296875 0.046875
0 0.39375 0.726562 0.034375 0.05
0 0.910156 0.272656 0.0328125 0.0484375
0 0.598437 0.70625 0.0375 0.046875
0 0.371875 0.632812 0.03125 0.04375
0 0.753906 0.503906 0.0328125 0.0515625
0 0.509375 0.56875 0.0375 0.059375
0 0.703125 0.154687 0.03125 0.053125
0 0.199219 0.688281 0.0328125 0.0640625
0 0.0882813 0.807031 0.0421875 0.0546875
0 0.335938 0.567969 0.034375 0.0546875
0 0.642187 0.1875 0.040625 0.06875
0 0.296875 0.191406 0.0375 0.0546875
0 0.8 0.64375 0.05625 0.103125
0 0.90625 0.70625 0.034375 0.05625
0 0.496094 0.208594 0.0421875 0.0515625
0 0.21875 0.445312 0.034375 0.046875
0 0.167969 0.196094 0.0265625 0.0546875
0 0.198437 0.553125 0.046875 0.053125
0 0.236719 0.5375 0.0328125 0.04375
0 0.392188 0.573438 0.034375 0.053125
0 0.0765625 0.585156 0.0375 0.0453125
0 0.485938 0.720312 0.03125 0.046875
0 0.820312 0.521875 0.034375 0.059375
0 0.526563 0.292188 0.034375 0.040625
0 0.320312 0.439844 0.034375 0.0453125
0 0.0507812 0.384375 0.0390625 0.059375
0 0.621094 0.247656 0.0359375 0.0484375
0 0.414844 0.495313 0.0359375 0.046875
0 0.813281 0.213281 0.0546875 0.114063
0 0.589063 0.650781 0.034375 0.0453125
0 0.496875 0.304688 0.028125 0.0375
0 0.171094 0.717188 0.0296875 0.040625
0 0.326562 0.233594 0.078125 0.0546875
0 0.399219 0.303906 0.0390625 0.0484375
0 0.275781 0.579687 0.0359375 0.04375
0 0.0375 0.769531 0.0375 0.0421875
0 0.151562 0.550781 0.0375 0.0484375
0 0.564844 0.180469 0.0296875 0.0328125
0 0.874219 0.136719 0.0453125 0.0703125
0 0.260938 0.628906 0.034375 0.0453125
0 0.138281 0.282031 0.0515625 0.0578125
0 0.597656 0.158594 0.0421875 0.0546875
0 0.514063 0.354688 0.034375 0.046875
0 0.459375 0.479688 0.028125 0.046875
0 0.25 0.307031 0.0375 0.0515625
0 0.539844 0.145313 0.0453125 0.046875
0 0.278906 0.717188 0.0359375 0.05625
0 0.690625 0.5125 0.034375 0.04375
0 0.525 0.090625 0.04375 0.059375
0 0.378906 0.452344 0.0359375 0.0515625
0 0.589844 0.321094 0.0328125 0.0546875
0 0.439063 0.283594 0.0375 0.0546875
0 0.588281 0.227344 0.0515625 0.0609375
0 0.417188 0.610156 0.04375 0.0546875
0 0.873438 0.319531 0.0375 0.0453125
0 0.963281 0.553906 0.0390625 0.0515625
0 0.0921875 0.284375 0.04375 0.059375
0 0.18125 0.600781 0.04375 0.0421875
0 0.319531 0.676562 0.0546875 0.06875
0 0.380469 0.492969 0.0359375 0.0421875
0 0.54375 0.321875 0.0375 0.046875
0 0.654688 0.571094 0.040625 0.0578125
0 0.747656 0.346875 0.207813 0.16875
0 0.252344 0.380469 0.0328125 0.0390625
0 0.602344 0.56875 0.0484375 0.075
0 0.702344 0.6375 0.0390625 0.05625
0 0.249219 0.219531 0.0390625 0.0609375
0 0.395312 0.196094 0.034375 0.0453125
0 0.266406 0.472656 0.0421875 0.0640625
0 0.209375 0.38125 0.04375 0.06875
0 0.489844 0.624219 0.0390625 0.0640625
0 0.0609375 0.133594 0.03125 0.0390625
0 0.628125 0.382812 0.040625 0.05625
0 0.860156 0.369531 0.0421875 0.0578125
0 0.115625 0.0695312 0.0375 0.0515625
0 0.209375 0.75625 0.040625 0.059375
0 0.514063 0.684375 0.0375 0.0625
0 0.3375 0.748438 0.04375 0.0625
0 0.463281 0.114844 0.0640625 0.0671875
0 0.04375 0.507031 0.0875 0.129688
0 0.228906 0.588281 0.0390625 0.0546875
0 0.442187 0.182031 0.05625 0.0734375
0 0.896094 0.396875 0.0390625 0.053125
0 0.539062 0.454688 0.0375 0.0625
0 0.622656 0.646875 0.0328125 0.05625
0 0.210938 0.496094 0.03125 0.0484375
0 0.469531 0.557031 0.0421875 0.0546875
0 0.11875 0.578906 0.03125 0.0421875
0 0.892187 0.517187 0.040625 0.053125
0 0.740625 0.71875 0.034375 0.053125
0 0.696875 0.224219 0.053125 0.0640625
0 0.723437 0.54375 0.0375 0.05625
0 0.195312 0.324219 0.04375 0.0609375
0 0.596875 0.421875 0.040625 0.053125
0 0.753906 0.235156 0.0484375 0.0671875
