0 0.0078125 0.376563 0.015625 0.028125
0 0.505469 0.367188 0.0234375 0.028125
0 0.0195312 0.760156 0.0359375 0.0421875
0 0.74375 0.603125 0.021875 0.03125
0 0.358594 0.165625 0.0296875 0.03125
0 0.124219 0.321875 0.0328125 0.034375
0 0.824219 0.746094 0.0328125 0.0546875
0 0.758594 0.313281 0.0234375 0.0328125
0 0.034375 0.402344 0.03125 0.0421875
0 0.930469 0.35 0.0296875 0.034375
0 0.0109375 0.529688 0.021875 0.059375
0 0.794531 0.697656 0.0328125 0.0421875
0 0.867969 0.503125 0.0296875 0.040625
0 0.232812 0.175781 0.034375 0.0328125
0 0.882812 0.650781 0.03125 0.0484375
0 0.792188 0.547656 0.028125 0.0421875
0 0.0828125 0.4 0.0375 0.0625
0 0.173438 0.110156 0.025 0.0328125
0 0.167969 0.455469 0.0296875 0.0296875
0 0.969531 0.170312 0.0328125 0.053125
0 0.173438 0.551562 0.04375 0.05
0 0.772656 0.421875 0.0359375 0.0375
0 0.228906 0.610937 0.0296875 0.0375
0 0.308594 0.635156 0.0265625 0.0359375
0 0.0765625 0.24375 0.028125 0.0375
0 0.157031 0.68125 0.0296875 0.03125
0 0.760938 0.702344 0.028125 0.0453125
0 0.134375 0.507812 0.028125 0.034375
0 0.317187 0.60625 0.025 0.03125
0 0.657812 0.842188 0.03125 0.05
0 0.350781 0.334375 0.0421875 0.0625
0 0.160938 0.398438 0.053125 0.040625
0 0.396094 0.142969 0.0390625 0.0359375
0 0.352344 0.602344 0.0328125 0.0390625
0 0.220313 0.478906 0.0375 0.0421875
0 0.295312 0.0632813 0.078125 0.0515625
0 0.0171875 0.639844 0.03125 0.0328125
0 0.658594 0.175 0.0390625 0.034375
0 0.735156 0.632812 0.0234375 0.0375
0 0.552344 0.209375 0.0265625 0.0375
0 0.676562 0.469531 0.03125 0.0359375
0 0.666406 0.43125 0.0296875 0.034375
0 0.894531 0.5 0.0265625 0.040625
0 0.0828125 0.617969 0.028125 0.0421875
0 0.609375 0.592969 0.03125 0.0359375
0 0.04375 0.532031 0.028125 0.0453125
0 0.617969 0.320312 0.0296875 0.03125
0 0.221094 0.0976562 0.0296875 0.0328125
0 0.702344 0.371875 0.0328125 0.040625
0 0.73125 0.361719 0.04375 0.0390625
0 0.364844 0.564844 0.0296875 0.0390625
0 0.241406 0.146094 0.0328125 0.0390625
0 0.528125 0.71875 0.03125 0.0375
0 0.0132813 0.216406 0.0265625 0.0546875
0 0.0609375 0.615625 0.034375 0.053125
0 0.648438 0.0773437 0.034375 0.0390625
0 0.246875 0.226562 0.03125 0.04375
0 0.509375 0.275 0.034375 0.040625
0 0.917969 0.442187 0.0390625 0.046875
0 0.821094 0.641406 0.0328125 0.0453125
0 0.108594 0.236719 0.0265625 0.0296875
0 0.9125 0.25 0.028125 0.04375
0 0.838281 0.360156 0.0328125 0.0296875
0 0.830469 0.19375 0.0359375 0.04375
0 0.589844 0.338281 0.0296875 0.0390625
0 0.308594 0.695312 0.0296875 0.03125
0 0.446094 0.700781 0.0296875 0.0359375
0 0.789844 0.734375 0.0296875 0.0375
0 0.282031 0.517187 0.0296875 0.0375
0 0.214062 0.5125 0.028125 0.034375
0 0.354688 0.389844 0.028125 0.0484375
0 0.286719 0.383594 0.0296875 0.0390625
0 0.688281 0.772656 0.0265625 0.0515625
0 0.732031 0.134375 0.0328125 0.03125
0 0.240625 0.739062 0.03125 0.046875
0 0.160156 0.232031 0.0234375 0.0296875
0 0.0226563 0.272656 0.0265625 0.0359375
0 0.539062 0.624219 0.025 0.0359375
0 0.922656 0.5625 0.0515625 0.05625
0 0.527344 0.0882813 0.0328125 0.0359375
0 0.942969 0.392188 0.0296875 0.040625
0 0.454688 0.333594 0.071875 0.0765625
0 0.328125 0.726562 0.021875 0.034375
0 0.878906 0.733594 0.0328125 0.0453125
0 0.110937 0.513281 0.025 0.0359375
0 0.839844 0.021875 0.0484375 0.04375
0 0.161719 0.361719 0.0546875 0.0578125
0 0.678125 0.313281 0.028125 0.0390625
0 0.275781 0.426562 0.0328125 0.040625
0 0.294531 0.332812 0.0296875 0.034375
0 0.775781 0.369531 0.0390625 0.0390625
0 0.497656 0.678906 0.0359375 0.0421875
0 0.185937 0.223438 0.03125 0.034375
0 0.192188 0.0882813 0.028125 0.0359375
0 0.296094 0.796094 0.0359375 0.0515625
0 0.154687 0.0671875 0.028125 0.040625
0 0.522656 0.485938 0.0296875 0.03125
0 0.233594 0.30625 0.0359375 0.0375
0 0.282813 0.88125 0.034375 0.040625
0 0.264062 0.339844 0.028125 0.0359375
0 0.735937 0.557031 0.025 0.0296875
0 0.478125 0.639063 0.03125 0.034375
0 0.540625 0.455469 0.028125 0.0359375
0 0.570312 0.389844 0.0375 0.0515625
0 0.113281 0.628906 0.0359375 0.0390625
0 0.296094 0.253906 0.0390625 0.0359375
0 0.482031 0.521094 0.0265625 0.0390625
0 0.461719 0.6625 0.0296875 0.0375
0 0.896094 0.0796875 0.0390625 0.05625
0 0.26875 0.296094 0.034375 0.0453125
0 0.214844 0.210156 0.0328125 0.0328125
0 0.725781 0.441406 0.0359375 0.0578125
0 0.329688 0.264844 0.03125 0.0390625
0 0.804688 0.0828125 0.040625 0.05
0 0.588281 0.464844 0.0328125 0.0359375
0 0.771094 0.807031 0.0359375 0.0515625
0 0.283594 0.689062 0.0296875 0.0375
0 0.574219 0.754687 0.0515625 0.071875
0 0.325781 0.229687 0.0359375 0.034375
0 0.585156 0.510156 0.0296875 0.0328125
0 0.1375 0.480469 0.0375 0.0359375
0 0.905469 0.021875 0.0359375 0.0375
0 0.316406 0.1625 0.0453125 0.05625
0 0.592188 0.159375 0.04375 0.046875
0 0.514063 0.817969 0.0375 0.0390625
0 0.109375 0.680469 0.03125 0.0359375
0 0.796875 0.599219 0.03125 0.0359375
0 0.239063 0.528906 0.03125 0.0328125
0 0.280469 0.479688 0.0453125 0.05
0 0.339844 0.630469 0.0328125 0.0390625
0 0.121094 0.546094 0.0359375 0.0390625
0 0.0460938 0.150781 0.0453125 0.0453125
0 0.328125 0.528125 0.034375 0.04375
0 0.910156 0.747656 0.0328125 0.0515625
0 0.880469 0.779688 0.0359375 0.040625
0 0.292969 0.548437 0.0359375 0.040625
0 0.775781 0.0179687 0.0328125 0.0359375
0 0.226562 0.35 0.0375 0.046875
0 0.513281 0.221094 0.0421875 0.0515625
0 0.0726563 0.728906 0.0359375 0.0390625
0 0.533594 0.529688 0.0328125 0.0375
0 0.708594 0.189063 0.0328125 0.046875
0 0.73125 0.699219 0.028125 0.0515625
0 0.065625 0.345313 0.034375 0.040625
0 0.469531 0.121875 0.0453125 0.040625
0 0.0242187 0.471094 0.0390625 0.0640625
0 0.408594 0.704687 0.0296875 0.034375
0 0.164844 0.740625 0.0328125 0.0375
0 0.210938 0.263281 0.034375 0.0390625
0 0.423438 0.615625 0.0375 0.05
0 0.521094 0.149219 0.0390625 0.0421875
0 0.334375 0.438281 0.046875 0.0421875
0 0.84375 0.328125 0.040625 0.0375
0 0.921875 0.30625 0.03125 0.0375
0 0.707031 0.649219 0.0390625 0.0453125
0 0.924219 0.114063 0.0328125 0.053125
0 0.673437 0.570312 0.040625 0.05
0 0.298438 0.203906 0.05 0.0484375
0 0.121875 0.274219 0.053125 0.0484375
0 0.496094 0.564844 0.0421875 0.0390625
0 0.111719 0.722656 0.0328125 0.0515625
0 0.733594 0.767187 0.0390625 0.078125
0 0.478906 0.39375 0.0359375 0.0375
0 0.558594 0.489844 0.0328125 0.0421875
0 0.223438 0.802344 0.040625 0.0515625
0 0.240625 0.423438 0.034375 0.04375
0 0.509375 0.0554687 0.046875 0.0359375
0 0.246875 0.654688 0.04375 0.034375
0 0.142969 0.711719 0.0328125 0.0421875
0 0.128906 0.154687 0.0390625 0.040625
0 0.0414063 0.244531 0.0359375 0.0328125
0 0.0859375 0.108594 0.034375 0.0390625
0 0.315625 0.102344 0.03125 0.0296875
0 0.600781 0.275 0.0328125 0.059375
0 0.31875 0.30625 0.046875 0.05
0 0.971875 0.104687 0.04375 0.05
0 0.466406 0.817969 0.0296875 0.0453125
0 0.0570313 0.208594 0.0421875 0.0546875
0 0.342969 0.670313 0.0421875 0.040625
0 0.785156 0.220313 0.0328125 0.034375
0 0.40625 0.569531 0.040625 0.0453125
0 0.764844 0.642187 0.0296875 0.040625
0 0.346094 0.11875 0.0328125 0.053125
0 0.730469 0.30625 0.0296875 0.03125
0 0.595312 0.0789063 0.03125 0.0453125
0 0.675781 0.279687 0.0328125 0.034375
0 0.435156 0.50625 0.0328125 0.046875
0 0.5125 0.428906 0.034375 0.0484375
0 0.707031 0.603125 0.0328125 0.04375
0 0.399219 0.192188 0.0640625 0.04375
0 0.296094 0.73125 0.0359375 0.046875
0 0.648438 0.645312 0.034375 0.046875
0 0.135156 0.2375 0.0265625 0.03125
0 0.617188 0.508594 0.034375 0.0421875
0 0.958594 0.235156 0.0421875 0.0421875
0 0.402344 0.292969 0.0390625 0.0484375
0 0.090625 0.180469 0.034375 0.0390625
0 0.603125 0.379687 0.025 0.0375
0 0.971094 0.2875 0.0578125 0.053125
0 0.4625 0.197656 0.046875 0.0546875
0 0.425 0.0945313 0.05 0.0671875
0 0.867188 0.228906 0.0375 0.0390625
0 0.499219 0.307813 0.0328125 0.03125
0 0.903906 0.371094 0.0328125 0.0359375
0 0.389844 0.517969 0.0421875 0.0546875
0 0.169531 0.260938 0.0359375 0.040625
0 0.467969 0.251563 0.0359375 0.046875
0 0.557813 0.0789063 0.03125 0.0390625
0 0.513281 0.641406 0.0296875 0.0421875
0 0.378125 0.228906 0.034375 0.0390625
0 0.065625 0.683594 0.028125 0.0390625
0 0.0796875 0.566406 0.0375 0.0546875
0 0.190625 0.614844 0.0375 0.0484375
0 0.638281 0.280469 0.0328125 0.0421875
0 0.396094 0.43125 0.0296875 0.0375
0 0.0953125 0.316406 0.034375 0.0390625
0 0.258594 0.703906 0.0328125 0.0453125
0 0.0664062 0.290625 0.0359375 0.046875
0 0.802344 0.332031 0.0421875 0.0546875
0 0.13125 0.445312 0.04375 0.053125
0 0.932031 0.179688 0.0421875 0.046875
0 0.625 0.359375 0.0375 0.040625
0 0.385156 0.357812 0.0359375 0.05
0 0.167187 0.176563 0.04375 0.046875
0 0.877344 0.173438 0.0734375 0.071875
0 0.453906 0.575781 0.0328125 0.0484375
0 0.414062 0.379687 0.0375 0.046875
0 0.738281 0.253125 0.0453125 0.059375
0 0.555469 0.271094 0.0390625 0.0796875
0 0.199219 0.417969 0.0578125 0.0703125
0 0.171094 0.496875 0.0359375 0.040625
0 0.547656 0.66875 0.0328125 0.046875
0 0.117969 0.0859375 0.0390625 0.05625
0 0.780469 0.153906 0.0578125 0.0640625
0 0.803125 0.258594 0.03125 0.0421875
0 0.233594 0.875781 0.0453125 0.0546875
0 0.08125 0.059375 0.040625 0.05
0 0.935156 0.503906 0.0484375 0.0578125
0 0.08125 0.479688 0.053125 0.059375
0 0.629687 0.455469 0.046875 0.0546875
0 0.870313 0.271875 0.034375 0.046875
