0 0.510938 0.782812 0.0375 0.05625
0 0.921875 0.349219 0.0375 0.0515625
0 0.827344 0.271094 0.0265625 0.0359375
0 0.330469 0.2625 0.0234375 0.040625
0 0.370313 0.345313 0.034375 0.0375
0 0.296875 0.607031 0.028125 0.0546875
0 0.482812 0.379687 0.025 0.046875
0 0.388281 0.450781 0.0234375 0.0390625
0 0.140625 0.371094 0.028125 0.0359375
0 0.116406 0.453125 0.0234375 0.03125
0 0.667188 0.234375 0.0375 0.040625
0 0.301562 0.559375 0.03125 0.04375
0 0.707031 0.163281 0.0390625 0.0390625
0 0.344531 0.502344 0.0265625 0.0328125
0 0.1125 0.483594 0.025 0.0328125
0 0.910156 0.509375 0.0296875 0.04375
0 0.13125 0.770312 0.028125 0.0375
0 0.879687 0.755469 0.04375 0.0671875
0 0.351562 0.207813 0.028125 0.040625
0 0.274219 0.275 0.0328125 0.0375
0 0.178125 0.521094 0.025 0.0359375
0 0.326562 0.6375 0.025 0.04375
0 0.44375 0.475 0.040625 0.046875
0 0.486719 0.471094 0.0265625 0.0421875
0 0.7875 0.0179687 0.040625 0.0328125
0 0.380469 0.416406 0.0296875 0.0328125
0 0.065625 0.455469 0.034375 0.0421875
0 0.855469 0.583594 0.0421875 0.0890625
0 0.845312 0.08125 0.04375 0.046875
0 0.146875 0.683594 0.03125 0.0359375
0 0.588281 0.138281 0.0265625 0.0484375
0 0.0921875 0.846094 0.034375 0.0453125
0 0.254687 0.184375 0.025 0.040625
0 0.260938 0.609375 0.025 0.040625
0 0.549219 0.147656 0.0515625 0.0828125
0 0.977344 0.604688 0.0296875 0.05
0 0.308594 0.486719 0.0421875 0.0546875
0 0.245312 0.524219 0.03125 0.0390625
0 0.359375 0.603125 0.03125 0.04375
0 0.821875 0.322656 0.03125 0.0390625
0 0.8875 0.359375 0.03125 0.034375
0 0.247656 0.0585938 0.0328125 0.0390625
0 0.0976562 0.370313 0.0453125 0.071875
0 0.591406 0.0578125 0.0234375 0.03125
0 0.494531 0.622656 0.0328125 0.0484375
0 0.472656 0.710156 0.0328125 0.0484375
0 0.214844 0.50625 0.0296875 0.05
0 0.964063 0.160938 0.034375 0.05
0 0.416406 0.345313 0.0203125 0.0375
0 0.264844 0.104687 0.0265625 0.03125
0 0.713281 0.467969 0.0296875 0.0359375
0 0.210156 0.208594 0.0421875 0.0453125
0 0.228906 0.614844 0.0390625 0.0421875
0 0.375781 0.383594 0.0328125 0.0453125
0 0.349219 0.423438 0.0328125 0.046875
0 0.75625 0.192969 0.034375 0.0515625
0 0.985937 0.424219 0.028125 0.0484375
0 0.203125 0.5625 0.028125 0.0375
0 0.0601562 0.1625 0.0296875 0.034375
0 0.0171875 0.202344 0.034375 0.0578125
0 0.961719 0.232812 0.0296875 0.040625
0 0.421094 0.630469 0.0328125 0.0453125
0 0.053125 0.128906 0.034375 0.0328125
0 0.310156 0.08125 0.0390625 0.05
0 0.70625 0.61875 0.03125 0.04375
0 0.748438 0.453906 0.03125 0.0421875
0 0.847656 0.021875 0.0390625 0.04375
0 0.0804688 0.492969 0.0296875 0.0453125
0 0.635938 0.642187 0.028125 0.040625
0 0.0484375 0.0929687 0.040625 0.0296875
0 0.446094 0.375781 0.0328125 0.0515625
0 0.477344 0.550781 0.0421875 0.0609375
0 0.426562 0.576563 0.03125 0.04375
0 0.734375 0.132031 0.028125 0.0328125
0 0.832812 0.221875 0.028125 0.04375
0 0.86875 0.673437 0.03125 0.059375
0 0.949219 0.285937 0.0296875 0.040625
0 0.533594 0.571094 0.0296875 0.0484375
0 0.415625 0.427344 0.028125 0.0390625
0 0.98125 0.383594 0.03125 0.0390625
0 0.0523437 0.247656 0.0328125 0.0359375
0 0.828125 0.704687 0.028125 0.040625
0 0.659375 0.288281 0.028125 0.0328125
0 0.847656 0.133594 0.0328125 0.0390625
0 0.775 0.413281 0.034375 0.0515625
0 0.299219 0.396094 0.0328125 0.0390625
0 0.698438 0.06875 0.034375 0.0375
0 0.525 0.249219 0.05625 0.0953125
0 0.477344 0.261719 0.0328125 0.0609375
0 0.015625 0.253125 0.028125 0.0375
0 0.497656 0.0945313 0.0390625 0.0484375
0 0.926562 0.246094 0.03125 0.0421875
0 0.660156 0.363281 0.0359375 0.0421875
0 0.421094 0.5 0.0265625 0.04375
0 0.602344 0.357812 0.0265625 0.0625
0 0.905469 0.303906 0.0328125 0.0453125
0 0.438281 0.214844 0.0359375 0.0390625
0 0.272656 0.573438 0.0359375 0.05
0 0.103125 0.592188 0.034375 0.046875
0 0.910156 0.567969 0.0359375 0.0515625
0 0.632031 0.503125 0.0296875 0.0375
0 0.0898438 0.290625 0.0359375 0.053125
0 0.803125 0.447656 0.03125 0.0453125
0 0.713281 0.310937 0.0328125 0.040625
0 0.600781 0.653125 0.0453125 0.065625
0 0.253125 0.672656 0.0375 0.0484375
0 0.246875 0.475781 0.03125 0.0484375
0 0.317969 0.439844 0.0265625 0.0515625
0 0.415625 0.390625 0.03125 0.040625
0 0.751562 0.642969 0.0375 0.0515625
0 0.8125 0.653906 0.028125 0.0359375
0 0.867188 0.23125 0.03125 0.040625
0 0.1125 0.316406 0.0375 0.0390625
0 0.117188 0.209375 0.0375 0.0625
0 0.967188 0.501562 0.028125 0.04375
0 0.341406 0.70625 0.0453125 0.05625
0 0.375 0.0867188 0.034375 0.0453125
0 0.56875 0.58125 0.028125 0.04375
0 0.153125 0.100781 0.0375 0.0453125
0 0.673437 0.321875 0.040625 0.0375
0 0.710156 0.667969 0.0328125 0.0484375
0 0.185937 0.484375 0.034375 0.05
0 0.0242187 0.153906 0.0390625 0.0390625
0 0.704687 0.549219 0.03125 0.0515625
0 0.628906 0.6 0.0390625 0.046875
0 0.725781 0.3875 0.0546875 0.0875
0 0.770312 0.678125 0.03125 0.04375
0 0.894531 0.257812 0.0328125 0.046875
0 0.985937 0.275 0.028125 0.053125
0 0.728125 0.591406 0.034375 0.0453125
0 0.209375 0.267188 0.065625 0.065625
0 0.901563 0.414062 0.046875 0.05625
0 0.7125 0.028125 0.04375 0.05
0 0.691406 0.704687 0.0328125 0.04375
0 0.93125 0.732813 0.0375 0.053125
0 0.308594 0.189063 0.0359375 0.053125
0 0.292188 0.132812 0.0375 0.05625
0 0.215625 0.678906 0.03125 0.0421875
0 0.454688 0.59375 0.03125 0.046875
0 0.145313 0.478125 0.034375 0.040625
0 0.122656 0.108594 0.0328125 0.0359375
0 0.0398437 0.309375 0.0421875 0.05
0 0.191406 0.352344 0.0640625 0.0796875
0 0.159375 0.608594 0.0375 0.0484375
0 0.40625 0.538281 0.034375 0.0453125
0 0.38125 0.632031 0.03125 0.0484375
0 0.0648438 0.203906 0.0484375 0.0484375
0 0.467187 0.175781 0.0625 0.0859375
0 0.197656 0.142969 0.0515625 0.0640625
0 0.567187 0.391406 0.034375 0.0484375
0 0.371875 0.483594 0.03125 0.0421875
0 0.661719 0.489062 0.0390625 0.053125
0 0.153125 0.317187 0.04375 0.053125
0 0.877344 0.497656 0.0328125 0.0484375
0 0.602344 0.565625 0.0390625 0.059375
0 0.395312 0.589063 0.034375 0.046875
0 0.589063 0.259375 0.040625 0.059375
0 0.232031 0.553906 0.0296875 0.0390625
0 0.594531 0.496875 0.0359375 0.059375
0 0.41875 0.691406 0.075 0.0859375
0 0.802344 0.365625 0.0484375 0.053125
0 0.232812 0.379687 0.034375 0.046875
0 0.969531 0.672656 0.0453125 0.0703125
0 0.410937 0.170312 0.0375 0.071875
0 0.622656 0.304688 0.0421875 0.05625
0 0.847656 0.416406 0.0390625 0.0671875
0 0.666406 0.599219 0.0296875 0.0546875
0 0.755469 0.309375 0.0515625 0.05625
0 0.159375 0.18125 0.05 0.06875
0 0.839844 0.503125 0.0359375 0.046875
0 0.147656 0.265625 0.0515625 0.065625
0 0.789062 0.585156 0.071875 0.0921875
0 0.765625 0.121875 0.053125 0.0625
0 0.3 0.242969 0.040625 0.0546875
0 0.941406 0.415625 0.0359375 0.046875
0 0.742969 0.0648438 0.0421875 0.0453125
0 0.375781 0.263281 0.0703125 0.0796875
0 0.639844 0.084375 0.0734375 0.078125
0 0.540625 0.657031 0.053125 0.0734375
0 0.652344 0.546875 0.0484375 0.0625
0 0.436719 0.0882813 0.0546875 0.0765625
0 0.666406 0.171094 0.0359375 0.0640625
0 0.352344 0.157031 0.0546875 0.0640625
0 0.582812 0.725 0.034375 0.053125
