0 0.0484375 0.334375 0.034375 0.05625
0 0.642969 0.297656 0.0296875 0.0359375
0 0.923437 0.330469 0.028125 0.0421875
0 0.636719 0.255469 0.0328125 0.0390625
0 0.957031 0.44375 0.0265625 0.028125
0 0.728125 0.421875 0.028125 0.034375
0 0.709375 0.46875 0.025 0.0375
0 0.592969 0.73125 0.0328125 0.04375
0 0.235156 0.135937 0.0296875 0.034375
0 0.09375 0.117188 0.021875 0.0375
0 0.878125 0.0929687 0.03125 0.0453125
0 0.0929687 0.1625 0.0265625 0.0375
0 0.94375 0.566406 0.03125 0.0515625
0 0.284375 0.105469 0.028125 0.0359375
0 0.479688 0.863281 0.034375 0.0578125
0 0.896094 0.484375 0.0296875 0.046875
0 0.692969 0.39375 0.0265625 0.028125
0 0.025 0.0929687 0.04375 0.0484375
0 0.705469 0.328125 0.0265625 0.0375
0 0.110156 0.732031 0.0390625 0.0640625
0 0.0109375 0.25625 0.021875 0.05625
0 0.302344 0.772656 0.0453125 0.0484375
0 0.901563 0.235156 0.03125 0.0328125
0 0.808594 0.414844 0.0328125 0.0390625
0 0.708594 0.157031 0.0296875 0.0515625
0 0.103906 0.277344 0.0234375 0.0390625
0 0.192969 0.584375 0.0328125 0.0375
0 0.121094 0.674219 0.0515625 0.0546875
0 0.235938 0.485156 0.053125 0.0484375
0 0.209375 0.516406 0.028125 0.0359375
0 0.975781 0.255469 0.0359375 0.0609375
0 0.386719 0.239063 0.0296875 0.0375
0 0.311719 0.310156 0.0265625 0.0515625
0 0.633594 0.211719 0.0390625 0.0578125
0 0.771094 0.23125 0.0328125 0.05
0 0.813281 0.0820312 0.0328125 0.0328125
0 0.436719 0.59375 0.0453125 0.05
0 0.661719 0.513281 0.0265625 0.0546875
0 0.303906 0.224219 0.0390625 0.0609375
0 0.873438 0.383594 0.0375 0.0578125
0 0.766406 0.403125 0.0296875 0.03125
0 0.742188 0.75625 0.03125 0.0625
0 0.01875 0.371094 0.034375 0.0453125
0 0.105469 0.3375 0.0359375 0.05
0 0.792969 0.146875 0.0484375 0.053125
0 0.985937 0.0453125 0.028125 0.046875
0 0.735937 0.285937 0.028125 0.034375
0 0.877344 0.694531 0.0328125 0.0578125
0 0.505469 0.167969 0.0421875 0.0390625
0 0.300781 0.400781 0.0328125 0.0609375
0 0.164062 0.1125 0.03125 0.05
0 0.340625 0.15625 0.034375 0.0375
0 0.160156 0.624219 0.0640625 0.0953125
0 0.932813 0.028125 0.04375 0.04375
0 0.246094 0.165625 0.0296875 0.03125
0 0.475 0.335156 0.046875 0.0671875
0 0.0328125 0.225 0.028125 0.04375
0 0.228125 0.263281 0.03125 0.0296875
0 0.348437 0.214062 0.034375 0.0375
0 0.822656 0.595312 0.0265625 0.046875
0 0.372656 0.840625 0.0359375 0.059375
0 0.8 0.315625 0.028125 0.03125
0 0.410156 0.271094 0.0296875 0.0421875
0 0.260156 0.101562 0.0265625 0.034375
0 0.844531 0.0578125 0.0359375 0.04375
0 0.33125 0.0554687 0.03125 0.0359375
0 0.539844 0.214062 0.0296875 0.0375
0 0.523438 0.467187 0.034375 0.0375
0 0.847656 0.500781 0.0296875 0.0609375
0 0.100781 0.625781 0.0453125 0.0546875
0 0.928125 0.182031 0.046875 0.0578125
0 0.482812 0.676562 0.0375 0.084375
0 0.779688 0.378906 0.0375 0.0359375
0 0.507812 0.614062 0.028125 0.053125
0 0.560156 0.284375 0.0328125 0.04375
0 0.8 0.560156 0.028125 0.0359375
0 0.503125 0.2375 0.028125 0.0375
0 0.503125 0.821094 0.034375 0.0484375
0 0.845312 0.207813 0.03125 0.034375
0 0.0117188 0.320312 0.0234375 0.046875
0 0.714844 0.25625 0.0328125 0.053125
0 0.548437 0.3875 0.03125 0.0375
0 0.184375 0.304688 0.028125 0.059375
0 0.523438 0.326562 0.028125 0.040625
0 0.109375 0.5875 0.03125 0.0375
0 0.573438 0.160156 0.034375 0.0453125
0 0.0179687 0.640625 0.0296875 0.04375
0 0.500781 0.270312 0.0359375 0.040625
0 0.735156 0.385156 0.0359375 0.0390625
0 0.496094 0.391406 0.0328125 0.0421875
0 0.979688 0.31875 0.0375 0.040625
0 0.332031 0.367188 0.0390625 0.0375
0 0.192969 0.734375 0.0390625 0.075
0 0.225781 0.574219 0.0359375 0.0515625
0 0.107031 0.378906 0.0328125 0.0421875
0 0.603125 0.580469 0.03125 0.0640625
0 0.810156 0.691406 0.0328125 0.0359375
0 0.835938 0.301562 0.028125 0.046875
0 0.898438 0.621094 0.040625 0.0609375
0 0.35 0.096875 0.0375 0.04375
0 0.480469 0.589063 0.0296875 0.053125
0 0.252344 0.753906 0.0328125 0.0484375
0 0.25625 0.257031 0.034375 0.0390625
0 0.254687 0.439844 0.034375 0.0578125
0 0.657031 0.635938 0.0328125 0.0625
0 0.916406 0.114844 0.0359375 0.0578125
0 0.0414063 0.165625 0.0390625 0.0375
0 0.520312 0.366406 0.03125 0.0390625
0 0.476562 0.144531 0.034375 0.0390625
0 0.216406 0.295312 0.0359375 0.05
0 0.384375 0.465625 0.03125 0.040625
0 0.819531 0.245312 0.0296875 0.04375
0 0.651563 0.15625 0.034375 0.046875
0 0.132812 0.15625 0.0375 0.04375
0 0.360938 0.275 0.046875 0.0625
0 0.2875 0.679688 0.0375 0.05
0 0.659375 0.363281 0.03125 0.0546875
0 0.220313 0.221875 0.03125 0.04375
0 0.438281 0.184375 0.0359375 0.05625
0 0.833594 0.349219 0.0390625 0.0453125
0 0.689062 0.290625 0.034375 0.0375
0 0.565625 0.542969 0.040625 0.0609375
0 0.13125 0.239844 0.046875 0.104687
0 0.117969 0.469531 0.0359375 0.0515625
0 0.7375 0.330469 0.034375 0.0546875
0 0.253125 0.546875 0.0625 0.065625
0 0.54375 0.88125 0.0375 0.06875
0 0.04375 0.675781 0.0375 0.0453125
0 0.374219 0.185156 0.0484375 0.0515625
0 0.046875 0.407813 0.065625 0.08125
0 0.872656 0.135156 0.0296875 0.0390625
0 0.54375 0.667188 0.065625 0.09375
0 0.734375 0.471094 0.025 0.0421875
0 0.519531 0.429688 0.0453125 0.053125
0 0.177344 0.532031 0.0328125 0.0421875
0 0.489062 0.210156 0.0375 0.0390625
0 0.909375 0.36875 0.028125 0.05
0 0.878125 0.182812 0.034375 0.04375
0 0.748438 0.157813 0.040625 0.05625
0 0.240625 0.638281 0.040625 0.0671875
0 0.789062 0.769531 0.0375 0.0515625
0 0.747656 0.103906 0.0328125 0.0453125
0 0.752344 0.433594 0.0296875 0.0390625
0 0.153125 0.407031 0.0375 0.0484375
0 0.0679687 0.252344 0.0359375 0.0546875
0 0.607031 0.071875 0.0328125 0.040625
0 0.774219 0.344531 0.0421875 0.0421875
0 0.214062 0.104687 0.04375 0.053125
0 0.653906 0.0679687 0.0296875 0.0359375
0 0.267969 0.313281 0.0421875 0.0640625
0 0.285156 0.605469 0.0359375 0.0546875
0 0.982813 0.503906 0.034375 0.0453125
0 0.303125 0.46875 0.04375 0.0625
0 0.559375 0.440625 0.040625 0.0625
0 0.563281 0.342969 0.0359375 0.0453125
0 0.194531 0.158594 0.0390625 0.0609375
0 0.0570313 0.634375 0.0390625 0.04375
0 0.771875 0.696094 0.034375 0.0546875
0 0.888281 0.308594 0.0359375 0.0640625
0 0.265625 0.200781 0.0375 0.0421875
0 0.663281 0.424219 0.0328125 0.0609375
0 0.260156 0.38125 0.0421875 0.053125
0 0.696094 0.607031 0.0390625 0.0671875
0 0.789844 0.520312 0.0328125 0.046875
0 0.61875 0.644531 0.040625 0.0546875
0 0.840625 0.433594 0.03125 0.0421875
0 0.403906 0.357031 0.0578125 0.0640625
0 0.909375 0.429688 0.05 0.053125
0 0.907031 0.566406 0.0390625 0.0546875
0 0.694531 0.55 0.0390625 0.046875
0 0.192969 0.428125 0.0359375 0.0625
0 0.740625 0.565625 0.0375 0.053125
0 0.817187 0.467969 0.034375 0.0453125
0 0.954687 0.403906 0.046875 0.0515625
0 0.434375 0.425 0.1 0.084375
0 0.704687 0.071875 0.0625 0.05625
0 0.644531 0.708594 0.0609375 0.0859375
0 0.151562 0.35625 0.04375 0.05625
0 0.0648438 0.496094 0.0765625 0.0765625
0 0.773438 0.469531 0.034375 0.0515625
0 0.59375 0.488281 0.04375 0.0578125
0 0.178906 0.252344 0.0328125 0.0453125
0 0.160156 0.470313 0.0421875 0.059375
0 0.347656 0.470313 0.0390625 0.05625
