0 0.00703125 0.264062 0.0109375 0.028125
0 0.747656 0.716406 0.0234375 0.0359375
0 0.634375 0.647656 0.021875 0.0328125
0 0.203906 0.629687 0.0234375 0.034375
0 0.304688 0.786719 0.03125 0.0296875
0 0.478125 0.341406 0.03125 0.0296875
0 0.0117188 0.55625 0.0234375 0.05
0 0.923437 0.5875 0.03125 0.053125
0 0.780469 0.621094 0.0265625 0.0421875
0 0.410937 0.153125 0.025 0.034375
0 0.900781 0.397656 0.0359375 0.0296875
0 0.579687 0.198437 0.03125 0.034375
0 0.897656 0.792188 0.0359375 0.046875
0 0.0460938 0.444531 0.0296875 0.0296875
0 0.851562 0.0148437 0.034375 0.0265625
0 0.458594 0.369531 0.0265625 0.0421875
0 0.539062 0.194531 0.034375 0.0328125
0 0.767969 0.560156 0.0390625 0.0578125
0 0.132812 0.504687 0.028125 0.040625
0 0.302344 0.705469 0.0296875 0.0328125
0 0.810156 0.620313 0.0296875 0.0625
0 0.270312 0.526563 0.03125 0.0375
0 0.130469 0.651563 0.0296875 0.04375
0 0.322656 0.845312 0.0453125 0.05625
0 0.269531 0.401563 0.0265625 0.04375
0 0.55 0.535937 0.034375 0.0375
0 0.954687 0.0195312 0.04375 0.0296875
0 0.426562 0.428906 0.034375 0.0515625
0 0.197656 0.430469 0.0265625 0.0359375
0 0.619531 0.782812 0.0296875 0.046875
0 0.325781 0.242969 0.0296875 0.0265625
0 0.34375 0.371875 0.03125 0.0375
0 0.644531 0.678906 0.0234375 0.0328125
0 0.528906 0.71875 0.0265625 0.03125
0 0.846875 0.404687 0.028125 0.03125
0 0.528906 0.292188 0.0296875 0.034375
0 0.273438 0.310937 0.028125 0.0375
0 0.783594 0.717969 0.0296875 0.0421875
0 0.934375 0.51875 0.028125 0.0375
0 0.553125 0.161719 0.03125 0.0328125
0 0.105469 0.601562 0.0203125 0.04375
0 0.477344 0.80625 0.0390625 0.053125
0 0.299219 0.173438 0.0359375 0.046875
0 0.477344 0.517969 0.0296875 0.0328125
0 0.234375 0.3375 0.028125 0.03125
0 0.159375 0.25625 0.03125 0.034375
0 0.236719 0.0539063 0.0296875 0.0265625
0 0.328906 0.714844 0.0234375 0.0390625
0 0.515625 0.590625 0.03125 0.034375
0 0.08125 0.13125 0.034375 0.04375
0 0.0703125 0.63125 0.034375 0.05625
0 0.447656 0.674219 0.0265625 0.0296875
0 0.235156 0.704687 0.0328125 0.04375
0 0.426562 0.292188 0.025 0.034375
0 0.670313 0.685938 0.028125 0.040625
0 0.948438 0.121094 0.034375 0.0453125
0 0.229687 0.489844 0.025 0.0328125
0 0.425 0.767187 0.04375 0.059375
0 0.496094 0.482031 0.0296875 0.0421875
0 0.101562 0.671875 0.03125 0.05
0 0.903125 0.502344 0.03125 0.0296875
0 0.0539063 0.545313 0.0265625 0.040625
0 0.51875 0.544531 0.034375 0.0390625
0 0.379687 0.361719 0.03125 0.0390625
0 0.0757812 0.503125 0.0328125 0.040625
0 0.685156 0.747656 0.0296875 0.0453125
0 0.621875 0.257031 0.028125 0.0453125
0 0.794531 0.0671875 0.0296875 0.0375
0 0.64375 0.214062 0.028125 0.05
0 0.841406 0.701563 0.0359375 0.05
0 0.81875 0.0414063 0.03125 0.0296875
0 0.0320312 0.767969 0.0359375 0.0484375
0 0.657031 0.403906 0.0296875 0.0390625
0 0.917969 0.434375 0.0296875 0.0375
0 0.139844 0.428125 0.0265625 0.034375
0 0.570312 0.667188 0.034375 0.05
0 0.521094 0.620313 0.0265625 0.03125
0 0.240625 0.165625 0.0625 0.10625
0 0.1875 0.577344 0.03125 0.0328125
0 0.453125 0.707031 0.03125 0.0421875
0 0.628125 0.728906 0.0375 0.0484375
0 0.836719 0.0875 0.0515625 0.05
0 0.3 0.748438 0.028125 0.0375
0 0.0757812 0.371875 0.0546875 0.046875
0 0.673437 0.2 0.028125 0.040625
0 0.361719 0.675781 0.0265625 0.0390625
0 0.429688 0.590625 0.03125 0.04375
0 0.508594 0.313281 0.0296875 0.0359375
0 0.685938 0.603125 0.03125 0.0375
0 0.03125 0.530469 0.028125 0.0328125
0 0.39375 0.742969 0.028125 0.0421875
0 0.110156 0.761719 0.0328125 0.0828125
0 0.792188 0.451562 0.0375 0.046875
0 0.01875 0.300781 0.0375 0.0484375
0 0.796094 0.132812 0.0421875 0.05
0 0.0179687 0.383594 0.0359375 0.0515625
0 0.217187 0.848437 0.040625 0.059375
0 0.878906 0.710938 0.0359375 0.06875
0 0.113281 0.410156 0.0296875 0.0421875
0 0.386719 0.785937 0.0328125 0.046875
0 0.988281 0.433594 0.0234375 0.0421875
0 0.567187 0.363281 0.028125 0.0453125
0 0.278125 0.721094 0.034375 0.0390625
0 0.0484375 0.478125 0.03125 0.040625
0 0.549219 0.577344 0.0453125 0.0515625
0 0.275781 0.346875 0.0296875 0.03125
0 0.15 0.582031 0.034375 0.0390625
0 0.50625 0.274219 0.028125 0.0359375
0 0.878125 0.457812 0.034375 0.046875
0 0.885156 0.2625 0.0328125 0.034375
0 0.279687 0.807031 0.028125 0.0359375
0 0.178125 0.6125 0.03125 0.04375
0 0.180469 0.322656 0.0328125 0.0390625
0 0.315625 0.654688 0.03125 0.034375
0 0.160156 0.6625 0.0328125 0.05
0 0.253125 0.808594 0.028125 0.0328125
0 0.714063 0.48125 0.046875 0.071875
0 0.0867188 0.428906 0.0328125 0.0390625
0 0.0703125 0.708594 0.03125 0.0515625
0 0.359375 0.3375 0.03125 0.0375
0 0.0648438 0.773438 0.0296875 0.046875
0 0.649219 0.285156 0.0296875 0.0390625
0 0.197656 0.372656 0.0578125 0.0515625
0 0.130469 0.616406 0.0296875 0.0421875
0 0.241406 0.435156 0.0328125 0.0359375
0 0.489844 0.241406 0.0296875 0.0359375
0 0.91875 0.059375 0.0375 0.05625
0 0.904688 0.541406 0.028125 0.0359375
0 0.4375 0.214844 0.03125 0.0640625
0 0.846094 0.139062 0.0359375 0.040625
0 0.164844 0.0757812 0.0390625 0.0421875
0 0.369531 0.717969 0.0359375 0.0515625
0 0.642969 0.141406 0.0296875 0.0453125
0 0.727344 0.561719 0.0484375 0.0515625
0 0.36875 0.572656 0.034375 0.0359375
0 0.090625 0.336719 0.0375 0.0390625
0 0.61875 0.682813 0.03125 0.040625
0 0.321875 0.124219 0.04375 0.0546875
0 0.933594 0.372656 0.0390625 0.0359375
0 0.116406 0.160938 0.0453125 0.046875
0 0.665625 0.641406 0.03125 0.0421875
0 0.391406 0.223438 0.0296875 0.0375
0 0.110937 0.521875 0.03125 0.034375
0 0.154687 0.488281 0.034375 0.0390625
0 0.134375 0.546875 0.028125 0.0375
0 0.667969 0.442969 0.0265625 0.0390625
0 0.727344 0.441406 0.0328125 0.0359375
0 0.6375 0.466406 0.034375 0.0421875
0 0.0523437 0.410937 0.0390625 0.040625
0 0.264844 0.770312 0.0359375 0.046875
0 0.0335938 0.599219 0.0421875 0.0515625
0 0.985156 0.23125 0.0296875 0.053125
0 0.189844 0.16875 0.0328125 0.040625
0 0.135937 0.382812 0.046875 0.04375
0 0.358594 0.807813 0.0359375 0.0625
0 0.541406 0.434375 0.0484375 0.05
0 0.586719 0.440625 0.0328125 0.0375
0 0.64375 0.557813 0.03125 0.046875
0 0.89375 0.169531 0.0375 0.0515625
0 0.564844 0.283594 0.0296875 0.0359375
0 0.678125 0.152344 0.03125 0.0359375
0 0.976562 0.652344 0.0375 0.0671875
0 0.571875 0.484375 0.046875 0.053125
0 0.609375 0.528125 0.0375 0.046875
0 0.390625 0.671094 0.03125 0.0421875
0 0.482031 0.582812 0.0328125 0.03125
0 0.647656 0.807813 0.0296875 0.046875
0 0.764063 0.682031 0.03125 0.0390625
0 0.0390625 0.111719 0.053125 0.0515625
0 0.471094 0.424219 0.0296875 0.0359375
0 0.428906 0.260156 0.0328125 0.0421875
0 0.802344 0.5375 0.0359375 0.04375
0 0.330469 0.758594 0.0359375 0.0484375
0 0.589844 0.25 0.0328125 0.04375
0 0.0460938 0.267969 0.0390625 0.0328125
0 0.716406 0.229687 0.0265625 0.0375
0 0.657812 0.770312 0.03125 0.04375
0 0.848437 0.51875 0.04375 0.053125
0 0.207031 0.254687 0.0328125 0.046875
0 0.299219 0.214844 0.0390625 0.0390625
0 0.277344 0.458594 0.0421875 0.0578125
0 0.592969 0.330469 0.0359375 0.0515625
0 0.682813 0.805469 0.034375 0.0515625
0 0.389062 0.184375 0.034375 0.0375
0 0.683594 0.116406 0.0359375 0.0421875
0 0.560156 0.229687 0.0328125 0.04375
0 0.733594 0.673437 0.0328125 0.059375
0 0.109375 0.465625 0.04375 0.04375
0 0.894531 0.298438 0.0390625 0.0375
0 0.0554687 0.214062 0.0890625 0.090625
0 0.303125 0.498437 0.0375 0.04375
0 0.742188 0.0851562 0.071875 0.0640625
0 0.95 0.335156 0.05 0.0515625
0 0.394531 0.504687 0.0296875 0.034375
0 0.302344 0.360156 0.0359375 0.0359375
0 0.228906 0.786719 0.0328125 0.0390625
0 0.0820312 0.553125 0.0359375 0.05
0 0.154687 0.192188 0.046875 0.0625
0 0.513281 0.139844 0.0578125 0.0609375
0 0.0945313 0.289844 0.0484375 0.0546875
0 0.674219 0.534375 0.0359375 0.053125
0 0.159375 0.294531 0.0375 0.0546875
0 0.296094 0.59375 0.0609375 0.06875
0 0.895312 0.104687 0.046875 0.053125
0 0.659375 0.336719 0.0375 0.0546875
0 0.430469 0.124219 0.0390625 0.0421875
0 0.149219 0.757031 0.0390625 0.0453125
0 0.304688 0.399219 0.0375 0.0421875
0 0.949219 0.196094 0.0390625 0.0453125
0 0.445312 0.479688 0.040625 0.065625
0 0.226562 0.653906 0.05 0.0515625
0 0.389844 0.317969 0.0421875 0.0359375
0 0.328906 0.467187 0.0359375 0.04375
0 0.892969 0.342969 0.0453125 0.0578125
0 0.746094 0.410937 0.0296875 0.0375
0 0.0164062 0.448438 0.0328125 0.046875
0 0.186719 0.221094 0.0359375 0.0484375
0 0.517187 0.667188 0.034375 0.05625
0 0.623438 0.382031 0.040625 0.0609375
0 0.685938 0.282813 0.034375 0.05
0 0.132031 0.340625 0.0359375 0.04375
0 0.528906 0.232031 0.0265625 0.0421875
0 0.170312 0.807031 0.040625 0.0609375
0 0.486719 0.73125 0.0359375 0.065625
0 0.724219 0.274219 0.0296875 0.0515625
0 0.375781 0.61875 0.0390625 0.059375
0 0.842188 0.455469 0.0375 0.0484375
0 0.215625 0.305469 0.034375 0.0421875
0 0.710156 0.179688 0.0421875 0.0625
0 0.959375 0.461719 0.03125 0.0671875
0 0.480469 0.664844 0.0296875 0.0484375
0 0.766406 0.282031 0.0546875 0.0703125
0 0.790625 0.370313 0.034375 0.04375
0 0.45625 0.308594 0.034375 0.0453125
0 0.935156 0.23125 0.0390625 0.046875
0 0.346094 0.209375 0.0453125 0.053125
0 0.551562 0.33125 0.034375 0.04375
0 0.311719 0.308594 0.0421875 0.0609375
0 0.278906 0.657812 0.0390625 0.053125
0 0.221094 0.545313 0.0421875 0.053125
0 0.965625 0.282813 0.046875 0.0625
0 0.419531 0.358594 0.0453125 0.0578125
0 0.385938 0.135156 0.034375 0.0515625
0 0.696094 0.365625 0.0359375 0.075
0 0.03125 0.7 0.040625 0.053125
0 0.596094 0.141406 0.0640625 0.0890625
0 0.834375 0.238281 0.065625 0.0859375
0 0.514844 0.380469 0.0640625 0.0765625
0 0.353906 0.164062 0.0359375 0.046875
0 0.367969 0.482812 0.0421875 0.05625
0 0.196875 0.48125 0.0375 0.053125
0 0.764844 0.207031 0.0703125 0.0984375
