0 0.135937 0.379687 0.025 0.03125
0 0.0148437 0.742188 0.0265625 0.03125
0 0.549219 0.428125 0.0296875 0.034375
0 0.25625 0.548437 0.034375 0.053125
0 0.355469 0.205469 0.0265625 0.0484375
0 0.751562 0.326562 0.028125 0.0375
0 0.739844 0.103125 0.0265625 0.0375
0 0.728125 0.780469 0.028125 0.0484375
0 0.707812 0.3125 0.0375 0.05
0 0.0328125 0.333594 0.028125 0.0453125
0 0.264844 0.482812 0.0328125 0.05625
0 0.832031 0.628125 0.0296875 0.053125
0 0.34375 0.304688 0.040625 0.046875
0 0.446875 0.376563 0.025 0.0375
0 0.0109375 0.408594 0.021875 0.0484375
0 0.207813 0.45625 0.025 0.034375
0 0.125 0.209375 0.04375 0.05
0 0.078125 0.214062 0.028125 0.040625
0 0.0273438 0.492969 0.0296875 0.0453125
0 0.986719 0.0796875 0.0265625 0.046875
0 0.329688 0.41875 0.034375 0.04375
0 0.321875 0.110937 0.03125 0.03125
0 0.857031 0.0445312 0.0421875 0.0578125
0 0.948438 0.267969 0.028125 0.0359375
0 0.529688 0.302344 0.025 0.0234375
0 0.325781 0.553125 0.0265625 0.04375
0 0.233594 0.595312 0.0296875 0.034375
0 0.0640625 0.811719 0.04375 0.0578125
0 0.710156 0.190625 0.0390625 0.040625
0 0.175781 0.349219 0.0359375 0.0515625
0 0.964844 0.527344 0.0296875 0.0578125
0 0.114844 0.652344 0.0234375 0.0328125
0 0.95 0.102344 0.03125 0.0359375
0 0.185937 0.296875 0.034375 0.05
0 0.308594 0.442187 0.0296875 0.053125
0 0.657812 0.416406 0.01875 0.0296875
0 0.85 0.682031 0.03125 0.0359375
0 0.528125 0.353125 0.028125 0.03125
0 0.578906 0.41875 0.0234375 0.034375
0 0.180469 0.258594 0.0265625 0.0328125
0 0.528906 0.297656 0.0390625 0.0328125
0 0.540625 0.463281 0.03125 0.0484375
0 0.328125 0.280469 0.03125 0.0484375
0 0.585938 0.459375 0.034375 0.04375
0 0.0195312 0.777344 0.0265625 0.0421875
0 0.698438 0.64375 0.034375 0.078125
0 0.360156 0.0484375 0.0296875 0.034375
0 0.09375 0.122656 0.034375 0.0421875
0 0.666406 0.609375 0.0234375 0.034375
0 0.439844 0.591406 0.0484375 0.0484375
0 0.141406 0.623438 0.0328125 0.053125
0 0.625 0.616406 0.0375 0.0453125
0 0.129688 0.478125 0.05625 0.04375
0 0.255469 0.369531 0.0421875 0.0484375
0 0.98125 0.150781 0.034375 0.0640625
0 0.403906 0.559375 0.0484375 0.05625
0 0.0875 0.765625 0.03125 0.053125
0 0.291406 0.598437 0.0359375 0.0625
0 0.839063 0.24375 0.040625 0.046875
0 0.284375 0.315625 0.025 0.046875
0 0.757031 0.204688 0.0265625 0.028125
0 0.98125 0.315625 0.03125 0.0625
0 0.799219 0.0257812 0.0671875 0.0515625
0 0.595312 0.839844 0.028125 0.0515625
0 0.566406 0.78125 0.0296875 0.034375
0 0.801562 0.696875 0.03125 0.04375
0 0.207031 0.316406 0.0296875 0.0359375
0 0.925781 0.0195312 0.0328125 0.0359375
0 0.492188 0.421875 0.025 0.034375
0 0.180469 0.45625 0.0296875 0.05625
0 0.296094 0.55625 0.0328125 0.04375
0 0.352344 0.252344 0.0234375 0.0328125
0 0.546875 0.645312 0.0375 0.05625
0 0.452344 0.427344 0.0421875 0.0546875
0 0.803906 0.332812 0.0484375 0.06875
0 0.855469 0.135937 0.0296875 0.03125
0 0.046875 0.752344 0.0375 0.0515625
0 0.0484375 0.689844 0.05625 0.0484375
0 0.114844 0.270312 0.0328125 0.040625
0 0.928906 0.203125 0.0421875 0.05625
0 0.703125 0.225781 0.040625 0.0484375
0 0.742188 0.282031 0.034375 0.0390625
0 0.854688 0.507031 0.034375 0.0484375
0 0.625781 0.478125 0.0453125 0.05625
0 0.484375 0.491406 0.03125 0.0421875
0 0.149219 0.267969 0.0328125 0.0390625
0 0.395312 0.0742188 0.034375 0.0421875
0 0.608594 0.425781 0.0296875 0.0453125
0 0.358594 0.742188 0.0859375 0.09375
0 0.0171875 0.221875 0.034375 0.04375
0 0.829687 0.769531 0.03125 0.0421875
0 0.282031 0.117969 0.0421875 0.0453125
0 0.317969 0.641406 0.0328125 0.0421875
0 0.228906 0.821094 0.0296875 0.0296875
0 0.225781 0.110156 0.0421875 0.0640625
0 0.571094 0.732031 0.0265625 0.0421875
0 0.159375 0.588281 0.028125 0.0421875
0 0.371094 0.367188 0.0328125 0.04375
0 0.0734375 0.639844 0.03125 0.0421875
0 0.63125 0.55625 0.028125 0.040625
0 0.378125 0.295312 0.034375 0.04375
0 0.833594 0.28125 0.0296875 0.04375
0 0.236719 0.860937 0.0296875 0.05
0 0.596875 0.389062 0.025 0.0375
0 0.271094 0.8125 0.0328125 0.046875
0 0.5625 0.328125 0.034375 0.034375
0 0.275781 0.672656 0.0390625 0.0421875
0 0.566406 0.264844 0.0734375 0.0671875
0 0.198437 0.84375 0.03125 0.053125
0 0.504687 0.328906 0.03125 0.0328125
0 0.755469 0.760156 0.0296875 0.0390625
0 0.957812 0.435937 0.0375 0.046875
0 0.333594 0.364844 0.0359375 0.0421875
0 0.164062 0.128125 0.040625 0.046875
0 0.748438 0.0625 0.034375 0.0375
0 0.605469 0.553125 0.0265625 0.034375
0 0.714844 0.488281 0.0328125 0.0578125
0 0.478125 0.211719 0.0375 0.0453125
0 0.0195312 0.284375 0.0359375 0.053125
0 0.548437 0.0671875 0.034375 0.046875
0 0.264844 0.252344 0.0421875 0.0546875
0 0.603906 0.596094 0.0390625 0.0453125
0 0.772656 0.574219 0.0640625 0.0640625
0 0.0179687 0.561719 0.0265625 0.0453125
0 0.6 0.729688 0.028125 0.03125
0 0.492969 0.271094 0.0296875 0.0421875
0 0.221875 0.202344 0.034375 0.0484375
0 0.289844 0.176563 0.0328125 0.053125
0 0.571875 0.692187 0.025 0.034375
0 0.977344 0.245312 0.0359375 0.04375
0 0.228906 0.339844 0.0359375 0.0453125
0 0.572656 0.157813 0.0296875 0.040625
0 0.604688 0.197656 0.028125 0.0296875
0 0.913281 0.395312 0.0421875 0.05
0 0.835938 0.10625 0.028125 0.0375
0 0.864844 0.371094 0.0265625 0.0421875
0 0.248437 0.296094 0.034375 0.0390625
0 0.885156 0.535156 0.0484375 0.0609375
0 0.234375 0.638281 0.03125 0.0390625
0 0.519531 0.142969 0.0328125 0.0421875
0 0.785937 0.775781 0.028125 0.0453125
0 0.935156 0.533594 0.0328125 0.0546875
0 0.659375 0.8375 0.03125 0.05625
0 0.0507812 0.603906 0.0328125 0.0515625
0 0.904688 0.0921875 0.034375 0.040625
0 0.375 0.234375 0.03125 0.05
0 0.736719 0.364844 0.0421875 0.0453125
0 0.128125 0.0695312 0.034375 0.0453125
0 0.747656 0.635156 0.0359375 0.0484375
0 0.691406 0.84375 0.0296875 0.046875
0 0.633594 0.689844 0.0265625 0.0421875
0 0.478125 0.35625 0.03125 0.0375
0 0.391406 0.416406 0.0390625 0.0484375
0 0.2 0.53125 0.03125 0.040625
0 0.335156 0.173438 0.0390625 0.04375
0 0.551562 0.204688 0.071875 0.0625
0 0.703906 0.4375 0.0265625 0.0375
0 0.785937 0.0734375 0.028125 0.03125
0 0.89375 0.215625 0.028125 0.0375
0 0.467969 0.671094 0.0390625 0.0578125
0 0.490625 0.557031 0.028125 0.0453125
0 0.827344 0.140625 0.0296875 0.03125
0 0.0539063 0.452344 0.0515625 0.0671875
0 0.0203125 0.614062 0.028125 0.0375
0 0.139844 0.536719 0.0359375 0.0546875
0 0.710938 0.270312 0.034375 0.04375
0 0.496094 0.169531 0.0328125 0.0390625
0 0.475781 0.757812 0.0421875 0.075
0 0.317969 0.0757812 0.0328125 0.0328125
0 0.605469 0.339063 0.0421875 0.04375
0 0.932031 0.322656 0.0421875 0.0765625
0 0.750781 0.815625 0.0421875 0.05
0 0.519531 0.670313 0.0359375 0.053125
0 0.346875 0.525781 0.03125 0.0515625
0 0.413281 0.496875 0.0328125 0.05
0 0.721094 0.839844 0.0296875 0.0484375
0 0.911719 0.442969 0.0390625 0.0453125
0 0.423438 0.642187 0.04375 0.05625
0 0.096875 0.521875 0.0375 0.05625
0 0.233594 0.433594 0.0265625 0.0390625
0 0.628906 0.233594 0.0453125 0.0421875
0 0.417969 0.361719 0.0390625 0.0484375
0 0.776563 0.490625 0.04375 0.065625
0 0.0921875 0.0664062 0.03125 0.0421875
0 0.559375 0.538281 0.034375 0.0421875
0 0.894531 0.133594 0.0296875 0.0359375
0 0.364844 0.622656 0.0328125 0.0515625
0 0.603906 0.695312 0.0328125 0.04375
0 0.542969 0.710156 0.0390625 0.0515625
0 0.8 0.109375 0.034375 0.046875
0 0.13125 0.692187 0.0375 0.05
0 0.939062 0.135156 0.0375 0.0421875
0 0.273438 0.416406 0.034375 0.0546875
0 0.515625 0.494531 0.040625 0.0546875
0 0.521875 0.402344 0.03125 0.0484375
0 0.659375 0.653906 0.028125 0.0453125
0 0.432031 0.774219 0.0546875 0.0703125
0 0.239063 0.171875 0.03125 0.0375
0 0.185156 0.683594 0.0734375 0.0765625
0 0.294531 0.509375 0.0328125 0.04375
0 0.308594 0.229687 0.0390625 0.05625
0 0.829687 0.371875 0.040625 0.05625
0 0.367969 0.467187 0.0390625 0.06875
0 0.353906 0.0882813 0.0359375 0.0421875
0 0.429688 0.173438 0.059375 0.078125
0 0.624219 0.279687 0.0359375 0.040625
0 0.633594 0.735937 0.0265625 0.04375
0 0.25625 0.716406 0.0375 0.0453125
0 0.863281 0.433594 0.0359375 0.0453125
0 0.185937 0.182812 0.04375 0.065625
0 0.314844 0.705469 0.0609375 0.0734375
0 0.676562 0.139844 0.05 0.0609375
0 0.764844 0.120312 0.0328125 0.040625
0 0.5625 0.383594 0.040625 0.0578125
0 0.872656 0.722656 0.0359375 0.0546875
0 0.266406 0.0695312 0.0328125 0.0421875
0 0.555469 0.584375 0.0328125 0.046875
0 0.0664062 0.354688 0.0421875 0.053125
0 0.503125 0.604688 0.034375 0.046875
0 0.732031 0.70625 0.0453125 0.08125
0 0.448438 0.294531 0.09375 0.114063
0 0.782812 0.419531 0.1 0.0890625
