0 0.159375 0.682813 0.028125 0.0375
0 0.173438 0.2875 0.034375 0.03125
0 0.386719 0.397656 0.0234375 0.0328125
0 0.546094 0.071875 0.0265625 0.03125
0 0.264844 0.788281 0.0296875 0.0390625
0 0.785937 0.222656 0.025 0.0421875
0 0.370313 0.335156 0.0375 0.0453125
0 0.452344 0.397656 0.0234375 0.0359375
0 0.58125 0.302344 0.021875 0.0328125
0 0.946094 0.542969 0.0296875 0.0484375
0 0.457812 0.689844 0.025 0.0453125
0 0.476562 0.075 0.021875 0.034375
0 0.0257812 0.685938 0.0421875 0.046875
0 0.730469 0.0171875 0.0328125 0.034375
0 0.892187 0.441406 0.03125 0.0421875
0 0.0765625 0.128125 0.053125 0.071875
0 0.340625 0.385156 0.025 0.0390625
0 0.207813 0.408594 0.028125 0.0390625
0 0.465625 0.429688 0.025 0.034375
0 0.571094 0.221094 0.0265625 0.0609375
0 0.374219 0.132812 0.0265625 0.03125
0 0.146094 0.474219 0.0390625 0.0359375
0 0.364844 0.399219 0.0265625 0.0390625
0 0.135156 0.427344 0.0265625 0.0515625
0 0.526563 0.563281 0.03125 0.0421875
0 0.1875 0.01875 0.034375 0.034375
0 0.084375 0.709375 0.0375 0.046875
0 0.450781 0.274219 0.0421875 0.0515625
0 0.664062 0.435937 0.028125 0.034375
0 0.924219 0.4375 0.0265625 0.046875
0 0.459375 0.188281 0.028125 0.0484375
0 0.742188 0.478125 0.03125 0.05
0 0.410937 0.461719 0.03125 0.0359375
0 0.539844 0.603125 0.0328125 0.046875
0 0.38125 0.167969 0.03125 0.0484375
0 0.8875 0.332031 0.04375 0.0734375
0 0.753906 0.414844 0.0421875 0.0515625
0 0.5 0.452344 0.04375 0.0515625
0 0.377344 0.0953125 0.0265625 0.034375
0 0.339844 0.203125 0.0328125 0.0375
0 0.291406 0.523438 0.0484375 0.053125
0 0.670313 0.517969 0.053125 0.0546875
0 0.410937 0.15625 0.03125 0.034375
0 0.658594 0.367188 0.0390625 0.103125
0 0.675781 0.227344 0.0484375 0.0796875
0 0.3125 0.385156 0.028125 0.0546875
0 0.288281 0.179688 0.0546875 0.071875
0 0.110156 0.0734375 0.0328125 0.040625
0 0.953125 0.185156 0.034375 0.0390625
0 0.264844 0.491406 0.0453125 0.0515625
0 0.159375 0.367188 0.025 0.04375
0 0.958594 0.355469 0.0328125 0.0390625
0 0.953125 0.0757812 0.03125 0.0453125
0 0.290625 0.567187 0.034375 0.046875
0 0.0242187 0.547656 0.0484375 0.0828125
0 0.460156 0.65 0.0390625 0.04375
0 0.621875 0.115625 0.03125 0.040625
0 0.025 0.084375 0.0375 0.0625
0 0.744531 0.159375 0.0390625 0.075
0 0.494531 0.403906 0.0296875 0.0328125
0 0.421094 0.39375 0.0328125 0.046875
0 0.34375 0.60625 0.05 0.04375
0 0.384375 0.439063 0.03125 0.04375
0 0.690625 0.310156 0.028125 0.0640625
0 0.854688 0.486719 0.021875 0.0453125
0 0.579687 0.0609375 0.034375 0.034375
0 0.0570313 0.451562 0.0359375 0.05
0 0.410156 0.2375 0.0265625 0.040625
0 0.538281 0.117969 0.0265625 0.0390625
0 0.463281 0.513281 0.0734375 0.0609375
0 0.192188 0.764844 0.034375 0.0421875
0 0.142188 0.319531 0.025 0.0328125
0 0.339063 0.117188 0.034375 0.071875
0 0.898438 0.264844 0.034375 0.0484375
0 0.233594 0.254687 0.0296875 0.040625
0 0.0867188 0.575 0.0296875 0.0375
0 0.683594 0.735156 0.0546875 0.0578125
0 0.474219 0.717188 0.0359375 0.040625
0 0.445312 0.090625 0.034375 0.046875
0 0.124219 0.283594 0.0390625 0.0484375
0 0.978906 0.208594 0.0328125 0.0359375
0 0.824219 0.034375 0.0296875 0.040625
0 0.778125 0.485938 0.034375 0.04375
0 0.369531 0.545313 0.0640625 0.078125
0 0.655469 0.153906 0.0296875 0.0609375
0 0.04375 0.407813 0.0375 0.05625
0 0.860937 0.0539063 0.028125 0.0390625
0 0.0609375 0.645312 0.0375 0.05625
0 0.689844 0.404687 0.0296875 0.05
0 0.430469 0.210156 0.0328125 0.0453125
0 0.715625 0.559375 0.034375 0.04375
0 0.325 0.478125 0.040625 0.05
0 0.746094 0.230469 0.0296875 0.0453125
0 0.459375 0.465625 0.028125 0.034375
0 0.0234375 0.632812 0.03125 0.046875
0 0.53125 0.217187 0.034375 0.05625
0 0.135937 0.236719 0.034375 0.0359375
0 0.436719 0.729688 0.0296875 0.04375
0 0.350781 0.278125 0.0296875 0.034375
0 0.0851562 0.667969 0.0328125 0.0390625
0 0.0515625 0.278125 0.096875 0.203125
0 0.409375 0.692969 0.0375 0.0546875
0 0.250781 0.6625 0.0546875 0.053125
0 0.641406 0.304688 0.0359375 0.046875
0 0.190625 0.371875 0.03125 0.040625
0 0.813281 0.413281 0.0546875 0.0671875
0 0.717188 0.354688 0.0375 0.05
0 0.928125 0.046875 0.03125 0.040625
0 0.588281 0.542188 0.0703125 0.06875
0 0.98125 0.125781 0.0375 0.0828125
0 0.954687 0.239844 0.03125 0.0421875
0 0.197656 0.53125 0.0296875 0.040625
0 0.499219 0.295312 0.0359375 0.05
0 0.514844 0.177344 0.0359375 0.0484375
0 0.360938 0.472656 0.03125 0.0390625
0 0.614062 0.154687 0.0375 0.04375
0 0.84375 0.314063 0.040625 0.071875
0 0.811719 0.0851562 0.0359375 0.0578125
0 0.982031 0.0460938 0.0328125 0.0484375
0 0.0851562 0.342969 0.0640625 0.0765625
0 0.896875 0.0226563 0.040625 0.0453125
0 0.190625 0.314844 0.053125 0.0578125
0 0.199219 0.485156 0.0546875 0.0578125
0 0.321094 0.252344 0.0359375 0.0546875
0 0.492188 0.114844 0.05625 0.0640625
0 0.084375 0.489062 0.05 0.059375
0 0.117188 0.596094 0.04375 0.0609375
0 0.942969 0.289062 0.0390625 0.05625
0 0.797656 0.304688 0.0328125 0.071875
0 0.540625 0.289062 0.05 0.046875
0 0.821875 0.475 0.0375 0.05
0 0.541406 0.50625 0.0765625 0.078125
0 0.103125 0.751562 0.06875 0.075
0 0.140625 0.533594 0.059375 0.0703125
0 0.628125 0.609375 0.053125 0.065625
0 0.217187 0.154687 0.0625 0.078125
0 0.747656 0.529688 0.0515625 0.05625
0 0.855469 0.103125 0.0390625 0.05
0 0.432031 0.432031 0.0359375 0.0453125
0 0.567187 0.155469 0.0375 0.0453125
0 0.896875 0.0828125 0.0375 0.05625
0 0.769531 0.354688 0.0359375 0.053125
0 0.200781 0.632031 0.0515625 0.0421875
0 0.394531 0.490625 0.0359375 0.040625
0 0.261719 0.334375 0.101562 0.13125
0 0.582812 0.102344 0.040625 0.0421875
0 0.314844 0.680469 0.0484375 0.0578125
0 0.730469 0.296094 0.0546875 0.0734375
0 0.638281 0.219531 0.0296875 0.0421875
0 0.333594 0.31875 0.0359375 0.05
0 0.176563 0.578906 0.046875 0.0515625
0 0.625781 0.488281 0.0609375 0.0546875
0 0.414844 0.297656 0.0328125 0.0828125
0 0.610156 0.296094 0.0296875 0.0484375
0 0.128125 0.648438 0.04375 0.05625
0 0.242188 0.551562 0.040625 0.046875
0 0.917969 0.495313 0.0390625 0.053125
0 0.121094 0.373437 0.0453125 0.0625
0 0.244531 0.601562 0.0453125 0.0625
0 0.376563 0.253906 0.0375 0.0515625
0 0.155469 0.128906 0.0984375 0.110937
0 0.845312 0.158594 0.05625 0.0640625
0 0.682813 0.10625 0.05625 0.0875
0 0.922656 0.232031 0.0359375 0.0484375
0 0.903906 0.157813 0.0609375 0.084375
0 0.207813 0.701563 0.08125 0.075
