0 0.273438 0.679688 0.028125 0.034375
0 0.241406 0.628906 0.0328125 0.0359375
0 0.821094 0.240625 0.0265625 0.034375
0 0.390625 0.617969 0.028125 0.0421875
0 0.514844 0.527344 0.0203125 0.0296875
0 0.289062 0.378125 0.028125 0.028125
0 0.289844 0.792969 0.0296875 0.0359375
0 0.367188 0.640625 0.028125 0.05
0 0.147656 0.490625 0.0265625 0.034375
0 0.665625 0.865625 0.04375 0.075
0 0.971875 0.0265625 0.0375 0.034375
0 0.675781 0.663281 0.0234375 0.0359375
0 0.124219 0.452344 0.0359375 0.0421875
0 0.453125 0.182812 0.0375 0.034375
0 0.0429688 0.378906 0.0296875 0.0328125
0 0.179688 0.792188 0.028125 0.03125
0 0.561719 0.435156 0.0421875 0.0578125
0 0.619531 0.31875 0.0328125 0.040625
0 0.409375 0.505469 0.03125 0.0359375
0 0.0117188 0.123438 0.0234375 0.046875
0 0.978125 0.382031 0.034375 0.0421875
0 0.551562 0.720312 0.0375 0.046875
0 0.207813 0.407813 0.028125 0.025
0 0.272656 0.335938 0.0296875 0.040625
0 0.671875 0.309375 0.03125 0.04375
0 0.284375 0.29375 0.034375 0.025
0 0.925781 0.673437 0.0359375 0.05
0 0.645312 0.0570313 0.03125 0.0296875
0 0.640625 0.542188 0.021875 0.03125
0 0.532812 0.396875 0.034375 0.046875
0 0.324219 0.469531 0.0296875 0.0296875
0 0.934375 0.236719 0.03125 0.0359375
0 0.046875 0.776563 0.0375 0.04375
0 0.953125 0.195312 0.05625 0.065625
0 0.1 0.33125 0.03125 0.0375
0 0.254687 0.7 0.034375 0.040625
0 0.539844 0.200781 0.0328125 0.0390625
0 0.982813 0.463281 0.03125 0.0359375
0 0.775781 0.832812 0.0328125 0.0375
0 0.425 0.448438 0.028125 0.0375
0 0.565625 0.582812 0.028125 0.0375
0 0.64375 0.808594 0.034375 0.0453125
0 0.542969 0.482812 0.0328125 0.04375
0 0.125781 0.382812 0.0390625 0.034375
0 0.69375 0.571875 0.025 0.04375
0 0.353125 0.248437 0.04375 0.0625
0 0.359375 0.49375 0.034375 0.046875
0 0.43125 0.520312 0.025 0.034375
0 0.324219 0.729688 0.0359375 0.0375
0 0.309375 0.628125 0.028125 0.040625
0 0.965625 0.13125 0.034375 0.04375
0 0.879687 0.567187 0.03125 0.04375
0 0.628125 0.694531 0.028125 0.0390625
0 0.267188 0.466406 0.03125 0.0390625
0 0.467969 0.140625 0.0265625 0.034375
0 0.203125 0.628125 0.040625 0.046875
0 0.553906 0.292969 0.0390625 0.0421875
0 0.974219 0.557031 0.0359375 0.0359375
0 0.165625 0.4625 0.034375 0.04375
0 0.584375 0.59375 0.028125 0.0375
0 0.210938 0.6875 0.028125 0.034375
0 0.810938 0.60625 0.03125 0.046875
0 0.453906 0.541406 0.0296875 0.0359375
0 0.205469 0.733594 0.0390625 0.0421875
0 0.9 0.160938 0.028125 0.040625
0 0.357812 0.29375 0.028125 0.03125
0 0.907031 0.203906 0.0328125 0.0421875
0 0.31875 0.855469 0.046875 0.0515625
0 0.433594 0.65625 0.0296875 0.046875
0 0.252344 0.196875 0.0390625 0.046875
0 0.0273438 0.569531 0.0453125 0.0671875
0 0.0195312 0.357812 0.0390625 0.053125
0 0.664844 0.130469 0.0328125 0.0359375
0 0.872656 0.176563 0.0296875 0.059375
0 0.858594 0.230469 0.0359375 0.0421875
0 0.655469 0.605469 0.0296875 0.0390625
0 0.363281 0.716406 0.0328125 0.0390625
0 0.103906 0.0960938 0.0328125 0.0359375
0 0.507031 0.479688 0.0328125 0.040625
0 0.145313 0.11875 0.040625 0.05
0 0.803125 0.510938 0.03125 0.046875
0 0.732031 0.565625 0.0421875 0.046875
0 0.690625 0.169531 0.0375 0.0515625
0 0.609375 0.108594 0.040625 0.0359375
0 0.702344 0.111719 0.0328125 0.0359375
0 0.460938 0.700781 0.03125 0.0390625
0 0.214062 0.767969 0.0375 0.0328125
0 0.714063 0.471875 0.053125 0.078125
0 0.0757812 0.500781 0.0328125 0.0640625
0 0.650781 0.719531 0.0390625 0.0421875
0 0.590625 0.501562 0.028125 0.034375
0 0.842969 0.591406 0.0359375 0.0390625
0 0.172656 0.507031 0.0296875 0.0359375
0 0.845312 0.541406 0.03125 0.0484375
0 0.484375 0.528906 0.034375 0.0359375
0 0.703125 0.798437 0.040625 0.046875
0 0.0945313 0.211719 0.0328125 0.0609375
0 0.150781 0.8125 0.0296875 0.0375
0 0.930469 0.117188 0.0453125 0.046875
0 0.355469 0.0640625 0.0328125 0.05
0 0.657812 0.470313 0.028125 0.04375
0 0.28125 0.648438 0.034375 0.0375
0 0.246094 0.304688 0.0328125 0.0625
0 0.605469 0.163281 0.0453125 0.0546875
0 0.167969 0.846094 0.0421875 0.0484375
0 0.896875 0.235156 0.03125 0.0328125
0 0.191406 0.55 0.0328125 0.05
0 0.353125 0.775781 0.040625 0.0390625
0 0.858594 0.746094 0.0390625 0.0734375
0 0.211719 0.185937 0.0328125 0.06875
0 0.615625 0.460156 0.034375 0.0546875
0 0.395312 0.775781 0.028125 0.0484375
0 0.178906 0.150781 0.0421875 0.0421875
0 0.0773437 0.423438 0.0453125 0.059375
0 0.90625 0.538281 0.03125 0.0390625
0 0.539844 0.625 0.0328125 0.046875
0 0.657812 0.41875 0.046875 0.04375
0 0.398438 0.458594 0.028125 0.0296875
0 0.763281 0.35625 0.0546875 0.05625
0 0.015625 0.80625 0.03125 0.053125
0 0.934375 0.553906 0.03125 0.0453125
0 0.260938 0.867969 0.040625 0.0578125
0 0.0359375 0.211719 0.03125 0.0453125
0 0.0921875 0.754687 0.034375 0.04375
0 0.976562 0.296875 0.046875 0.059375
0 0.171094 0.590625 0.0359375 0.040625
0 0.117188 0.494531 0.028125 0.0359375
0 0.29375 0.436719 0.04375 0.0515625
0 0.0992187 0.280469 0.0578125 0.0546875
0 0.79375 0.309375 0.034375 0.0375
0 0.435156 0.4125 0.0328125 0.0375
0 0.129688 0.225781 0.0375 0.0421875
0 0.597656 0.375781 0.0546875 0.0703125
0 0.302344 0.0773437 0.0578125 0.0609375
0 0.440625 0.483594 0.028125 0.0359375
0 0.211719 0.854688 0.0296875 0.0375
0 0.54375 0.3375 0.05 0.05625
0 0.835156 0.182812 0.0328125 0.0375
0 0.414844 0.594531 0.0359375 0.0453125
0 0.803906 0.034375 0.0328125 0.0375
0 0.805469 0.0789063 0.0390625 0.0484375
0 0.7125 0.296094 0.034375 0.0484375
0 0.709375 0.652344 0.034375 0.0453125
0 0.683594 0.702344 0.0296875 0.0421875
0 0.671875 0.757812 0.028125 0.04375
0 0.0289063 0.265625 0.0484375 0.05
0 0.742969 0.835938 0.0359375 0.04375
0 0.642969 0.65625 0.0296875 0.04375
0 0.616406 0.803125 0.0234375 0.040625
0 0.382812 0.560156 0.0375 0.0484375
0 0.280469 0.25625 0.0546875 0.059375
0 0.835938 0.296875 0.040625 0.053125
0 0.303906 0.552344 0.0359375 0.0484375
0 0.110937 0.807813 0.034375 0.046875
0 0.0171875 0.442969 0.034375 0.0421875
0 0.505469 0.144531 0.0484375 0.0578125
0 0.725 0.239844 0.040625 0.0515625
0 0.571875 0.771094 0.053125 0.0671875
0 0.0765625 0.307031 0.03125 0.0390625
0 0.958594 0.500781 0.0359375 0.0484375
0 0.709375 0.853906 0.0375 0.0453125
0 0.0679687 0.360156 0.0328125 0.0546875
0 0.395312 0.414062 0.034375 0.04375
0 0.351562 0.375 0.05625 0.071875
0 0.283594 0.496875 0.0296875 0.034375
0 0.171094 0.416406 0.0359375 0.0453125
0 0.64375 0.367188 0.03125 0.04375
0 0.676562 0.24375 0.040625 0.075
0 0.208594 0.45625 0.0359375 0.05
0 0.944531 0.404687 0.0390625 0.04375
0 0.322656 0.596094 0.0328125 0.0390625
0 0.667969 0.532812 0.0359375 0.04375
0 0.482812 0.211719 0.05625 0.0578125
0 0.971094 0.075 0.0390625 0.053125
0 0.155469 0.692187 0.0734375 0.0875
0 0.907031 0.441406 0.0328125 0.0390625
0 0.528906 0.101562 0.0390625 0.05
0 0.408594 0.64375 0.0265625 0.04375
0 0.903125 0.60625 0.0375 0.053125
0 0.379687 0.163281 0.109375 0.104687
0 0.195312 0.252344 0.053125 0.0515625
0 0.296875 0.194531 0.0375 0.0578125
0 0.947656 0.446094 0.0390625 0.0421875
0 0.879687 0.100781 0.03125 0.0484375
0 0.93125 0.354688 0.040625 0.046875
0 0.396094 0.342187 0.0421875 0.05625
0 0.766406 0.617969 0.0484375 0.0859375
0 0.202344 0.117969 0.0421875 0.0453125
0 0.253125 0.517969 0.034375 0.0421875
0 0.8 0.555469 0.03125 0.0421875
0 0.265625 0.404687 0.034375 0.05
0 0.773438 0.470313 0.040625 0.0625
0 0.419531 0.703906 0.0359375 0.0453125
0 0.471875 0.480469 0.03125 0.0453125
0 0.466406 0.0835937 0.0890625 0.0734375
0 0.446875 0.76875 0.08125 0.075
0 0.107031 0.554688 0.0359375 0.075
0 0.510938 0.771875 0.0375 0.05
0 0.557813 0.128906 0.034375 0.0421875
0 0.885156 0.0546875 0.0328125 0.046875
0 0.847656 0.0890625 0.0296875 0.05
0 0.792188 0.267188 0.0375 0.04375
0 0.203906 0.3625 0.0984375 0.065625
0 0.755469 0.111719 0.0390625 0.0484375
0 0.923437 0.0710938 0.034375 0.0515625
0 0.06875 0.141406 0.090625 0.0828125
0 0.828125 0.354688 0.06875 0.071875
0 0.752344 0.294531 0.0421875 0.0578125
0 0.1625 0.304688 0.103125 0.08125
0 0.224219 0.567969 0.0359375 0.0671875
0 0.692969 0.357812 0.0484375 0.065625
0 0.253125 0.145313 0.05 0.0625
0 0.278125 0.596094 0.040625 0.0578125
0 0.353125 0.444531 0.034375 0.0484375
0 0.482812 0.428906 0.05625 0.0703125
0 0.515625 0.257031 0.04375 0.0546875
0 0.867969 0.421094 0.0421875 0.0546875
0 0.45625 0.278906 0.075 0.0703125
0 0.316406 0.505469 0.0328125 0.0421875
