0 0.157813 0.40625 0.034375 0.04375
0 0.158594 0.194531 0.0265625 0.0328125
0 0.442969 0.377344 0.0296875 0.0453125
0 0.888281 0.40625 0.0265625 0.0375
0 0.298438 0.458594 0.03125 0.0390625
0 0.398438 0.399219 0.0375 0.0359375
0 0.209375 0.614062 0.028125 0.0375
0 0.589844 0.390625 0.0265625 0.034375
0 0.0703125 0.365625 0.021875 0.03125
0 0.353906 0.0710938 0.0296875 0.0296875
0 0.941406 0.561719 0.0296875 0.0390625
0 0.149219 0.647656 0.0328125 0.0703125
0 0.6375 0.0804688 0.040625 0.0390625
0 0.671875 0.235938 0.03125 0.034375
0 0.117969 0.382812 0.0296875 0.0375
0 0.842969 0.500781 0.0296875 0.0390625
0 0.565625 0.710156 0.028125 0.0484375
0 0.425 0.257812 0.028125 0.040625
0 0.759375 0.53125 0.04375 0.046875
0 0.539062 0.210156 0.046875 0.0609375
0 0.692187 0.696094 0.046875 0.0640625
0 0.955469 0.242188 0.0421875 0.05
0 0.100781 0.214062 0.0359375 0.04375
0 0.226562 0.707031 0.03125 0.0421875
0 0.794531 0.504687 0.0328125 0.046875
0 0.271875 0.610156 0.034375 0.0546875
0 0.259375 0.692969 0.0375 0.0546875
0 0.916406 0.227344 0.0265625 0.0359375
0 0.0851562 0.285937 0.0296875 0.03125
0 0.0125 0.470313 0.025 0.05
0 0.280469 0.424219 0.0359375 0.0359375
0 0.664844 0.271875 0.0328125 0.0375
0 0.3875 0.195312 0.040625 0.034375
0 0.278906 0.292969 0.0234375 0.0359375
0 0.171875 0.360938 0.025 0.03125
0 0.096875 0.576563 0.03125 0.034375
0 0.819531 0.4625 0.0328125 0.05625
0 0.639844 0.1375 0.0328125 0.040625
0 0.176563 0.633594 0.03125 0.0484375
0 0.349219 0.519531 0.0296875 0.0703125
0 0.392969 0.245312 0.0296875 0.040625
0 0.357031 0.30625 0.0265625 0.03125
0 0.630469 0.720312 0.0359375 0.05
0 0.040625 0.202344 0.040625 0.0484375
0 0.0609375 0.328906 0.034375 0.0421875
0 0.0148437 0.157813 0.0296875 0.046875
0 0.319531 0.682813 0.0390625 0.04375
0 0.638281 0.667969 0.0328125 0.0453125
0 0.39375 0.773438 0.0625 0.0875
0 0.653906 0.626562 0.0265625 0.046875
0 0.692969 0.300781 0.0390625 0.0390625
0 0.235156 0.364062 0.0296875 0.04375
0 0.178906 0.580469 0.0359375 0.0421875
0 0.346875 0.334375 0.028125 0.03125
0 0.784375 0.409375 0.025 0.0375
0 0.600781 0.66875 0.0296875 0.065625
0 0.110156 0.285937 0.0328125 0.0375
0 0.917969 0.410937 0.0390625 0.040625
0 0.620313 0.603125 0.034375 0.046875
0 0.291406 0.210938 0.0421875 0.05625
0 0.524219 0.40625 0.0328125 0.05625
0 0.50625 0.4625 0.028125 0.053125
0 0.499219 0.349219 0.0328125 0.0515625
0 0.204688 0.502344 0.03125 0.0359375
0 0.921875 0.50625 0.0375 0.06875
0 0.0609375 0.723437 0.03125 0.040625
0 0.596875 0.224219 0.040625 0.0703125
0 0.832031 0.829687 0.0328125 0.053125
0 0.530469 0.766406 0.0421875 0.0828125
0 0.25 0.0890625 0.040625 0.05
0 0.335156 0.147656 0.0328125 0.0390625
0 0.332812 0.192188 0.03125 0.0375
0 0.697656 0.166406 0.0390625 0.0421875
0 0.307031 0.757812 0.0296875 0.040625
0 0.469531 0.389844 0.0328125 0.0390625
0 0.435156 0.169531 0.0390625 0.0390625
0 0.417969 0.548437 0.0390625 0.046875
0 0.385156 0.501562 0.0328125 0.046875
0 0.442969 0.0992187 0.0421875 0.0671875
0 0.967969 0.450781 0.0359375 0.0515625
0 0.239844 0.428906 0.0328125 0.0421875
0 0.696094 0.528906 0.0390625 0.0453125
0 0.309375 0.632812 0.03125 0.046875
0 0.759375 0.166406 0.028125 0.0328125
0 0.866406 0.148438 0.0484375 0.08125
0 0.3125 0.717188 0.03125 0.040625
0 0.942187 0.617969 0.040625 0.0703125
0 0.21875 0.771875 0.04375 0.05625
0 0.351562 0.367969 0.034375 0.0390625
0 0.0398437 0.366406 0.0328125 0.0390625
0 0.46875 0.477344 0.03125 0.0421875
0 0.557813 0.365625 0.040625 0.053125
0 0.510156 0.246875 0.0453125 0.05
0 0.236719 0.633594 0.0328125 0.0515625
0 0.034375 0.315625 0.03125 0.059375
0 0.647656 0.453906 0.0359375 0.0578125
0 0.363281 0.247656 0.0328125 0.0421875
0 0.903906 0.653906 0.0328125 0.0578125
0 0.729688 0.610937 0.034375 0.059375
0 0.241406 0.1875 0.0296875 0.04375
0 0.542188 0.594531 0.03125 0.0515625
0 0.138281 0.324219 0.0328125 0.0484375
0 0.090625 0.175 0.0375 0.05
0 0.38125 0.154687 0.04375 0.053125
0 0.646094 0.227344 0.0359375 0.0546875
0 0.423438 0.4875 0.05 0.059375
0 0.638281 0.284375 0.0265625 0.0375
0 0.09375 0.332031 0.0375 0.0453125
0 0.321875 0.239844 0.034375 0.0453125
0 0.121094 0.534375 0.0515625 0.05625
0 0.860156 0.632812 0.0359375 0.05625
0 0.624219 0.407031 0.0359375 0.0484375
0 0.220313 0.296094 0.053125 0.0640625
0 0.590625 0.297656 0.046875 0.0484375
0 0.269531 0.767969 0.0390625 0.0640625
0 0.0757812 0.246875 0.0390625 0.04375
0 0.20625 0.664062 0.040625 0.046875
0 0.467187 0.669531 0.0875 0.107813
0 0.335156 0.744531 0.0328125 0.0515625
0 0.205469 0.1625 0.0328125 0.046875
0 0.544531 0.477344 0.0359375 0.0671875
0 0.767187 0.20625 0.034375 0.0375
0 0.749219 0.319531 0.0546875 0.0796875
0 0.120312 0.723437 0.03125 0.0625
0 0.313281 0.553906 0.0359375 0.0390625
0 0.297656 0.111719 0.0359375 0.0515625
0 0.866406 0.282813 0.107813 0.11875
0 0.310156 0.307813 0.0359375 0.04375
0 0.129688 0.592969 0.034375 0.0453125
0 0.565625 0.636719 0.0375 0.0671875
0 0.110937 0.104687 0.040625 0.05625
0 0.705469 0.444531 0.0578125 0.104687
0 0.0523437 0.14375 0.0421875 0.05
0 0.802344 0.35 0.0421875 0.059375
0 0.03125 0.633594 0.046875 0.0703125
0 0.703125 0.357031 0.04375 0.0546875
0 0.525781 0.0898438 0.0421875 0.0671875
0 0.150781 0.28125 0.0328125 0.040625
0 0.647656 0.329688 0.0328125 0.040625
0 0.15 0.144531 0.05625 0.0609375
0 0.791406 0.244531 0.0390625 0.0546875
0 0.123438 0.248437 0.040625 0.046875
0 0.928906 0.328906 0.0453125 0.0515625
0 0.721094 0.220313 0.0296875 0.046875
0 0.614062 0.16875 0.034375 0.05
0 0.289062 0.342187 0.03125 0.034375
0 0.339063 0.105469 0.0375 0.0484375
0 0.395312 0.300781 0.04375 0.0609375
0 0.0796875 0.4 0.0375 0.046875
0 0.31875 0.365625 0.0375 0.040625
0 0.4625 0.335156 0.034375 0.0453125
0 0.471094 0.278125 0.0546875 0.059375
0 0.882812 0.582812 0.05 0.06875
0 0.384375 0.08125 0.034375 0.04375
0 0.3625 0.65625 0.0375 0.059375
0 0.560938 0.160938 0.05625 0.065625
0 0.6125 0.478906 0.03125 0.0578125
0 0.817969 0.400781 0.0515625 0.0453125
0 0.201562 0.357031 0.03125 0.0390625
0 0.813281 0.142969 0.0484375 0.0640625
0 0.753906 0.392188 0.0359375 0.05
0 0.688281 0.610937 0.0328125 0.06875
0 0.715625 0.08125 0.071875 0.090625
0 0.935938 0.166406 0.046875 0.0703125
0 0.655469 0.16875 0.0328125 0.04375
0 0.196094 0.23125 0.0640625 0.0875
0 0.741406 0.257812 0.0453125 0.0625
0 0.096875 0.642187 0.05625 0.096875
0 0.209375 0.117188 0.03125 0.040625
0 0.492188 0.153125 0.05625 0.0625
