0 0.75625 0.432031 0.03125 0.0453125
0 0.00859375 0.296094 0.0171875 0.0484375
0 0.0203125 0.566406 0.025 0.0328125
0 0.322656 0.196875 0.0296875 0.034375
0 0.632812 0.214062 0.028125 0.0375
0 0.421875 0.252344 0.0375 0.0390625
0 0.669531 0.222656 0.0296875 0.0328125
0 0.652344 0.302344 0.0359375 0.0546875
0 0.271875 0.589063 0.028125 0.0375
0 0.525 0.358594 0.028125 0.0328125
0 0.046875 0.201562 0.034375 0.034375
0 0.298438 0.611719 0.025 0.0359375
0 0.316406 0.328125 0.0234375 0.0375
0 0.244531 0.059375 0.0234375 0.03125
0 0.60625 0.167187 0.0375 0.0375
0 0.723437 0.253125 0.03125 0.0375
0 0.35 0.325781 0.028125 0.0421875
0 0.0320312 0.244531 0.0328125 0.0453125
0 0.324219 0.854688 0.0296875 0.0375
0 0.597656 0.486719 0.0265625 0.0328125
0 0.311719 0.685938 0.0265625 0.03125
0 0.708594 0.364844 0.0328125 0.0609375
0 0.342187 0.68125 0.028125 0.0375
0 0.0914062 0.799219 0.0328125 0.0578125
0 0.0164062 0.765625 0.0328125 0.059375
0 0.860156 0.705469 0.0265625 0.0421875
0 0.70625 0.628125 0.025 0.0375
0 0.213281 0.148438 0.0265625 0.071875
0 0.846875 0.477344 0.03125 0.0546875
0 0.30625 0.174219 0.025 0.0359375
0 0.389062 0.084375 0.034375 0.0375
0 0.892187 0.564844 0.028125 0.0421875
0 0.1875 0.328906 0.025 0.0328125
0 0.929688 0.433594 0.05 0.0484375
0 0.245312 0.504687 0.040625 0.04375
0 0.0140625 0.0570313 0.028125 0.0296875
0 0.628906 0.6125 0.0265625 0.040625
0 0.0617188 0.503125 0.0265625 0.034375
0 0.0148437 0.527344 0.0296875 0.0453125
0 0.411719 0.717969 0.0296875 0.0421875
0 0.346094 0.230469 0.0328125 0.0359375
0 0.278125 0.834375 0.05625 0.071875
0 0.197656 0.282813 0.0296875 0.03125
0 0.767187 0.090625 0.03125 0.03125
0 0.264844 0.160156 0.0546875 0.0640625
0 0.571094 0.202344 0.0265625 0.0328125
0 0.548437 0.314844 0.025 0.0296875
0 0.932813 0.367188 0.034375 0.05
0 0.314844 0.557031 0.0328125 0.0421875
0 0.0507812 0.595312 0.0328125 0.046875
0 0.0632813 0.259375 0.0328125 0.0375
0 0.89375 0.305469 0.046875 0.0390625
0 0.517969 0.439063 0.0328125 0.05
0 0.84375 0.294531 0.040625 0.0453125
0 0.885156 0.405469 0.0421875 0.0328125
0 0.571875 0.326562 0.025 0.034375
0 0.0640625 0.753906 0.04375 0.0609375
0 0.61875 0.307813 0.025 0.03125
0 0.386719 0.296094 0.0328125 0.0453125
0 0.128125 0.808594 0.0375 0.0671875
0 0.908594 0.469531 0.0328125 0.0421875
0 0.779688 0.328906 0.034375 0.0421875
0 0.536719 0.850781 0.0265625 0.0609375
0 0.116406 0.442187 0.0328125 0.05
0 0.110937 0.0484375 0.03125 0.040625
0 0.44375 0.478906 0.03125 0.0390625
0 0.878906 0.514844 0.0328125 0.0390625
0 0.417969 0.520312 0.0265625 0.05
0 0.034375 0.678906 0.034375 0.0546875
0 0.499219 0.840625 0.0421875 0.078125
0 0.0867188 0.63125 0.0328125 0.05625
0 0.198437 0.682813 0.0375 0.075
0 0.766406 0.217187 0.0453125 0.05
0 0.453906 0.739844 0.0296875 0.0421875
0 0.0851562 0.232812 0.0296875 0.05
0 0.0625 0.810156 0.034375 0.0578125
0 0.0640625 0.290625 0.03125 0.03125
0 0.0296875 0.342187 0.034375 0.046875
0 0.897656 0.353125 0.0359375 0.053125
0 0.247656 0.258594 0.0328125 0.0390625
0 0.666406 0.376563 0.0328125 0.04375
0 0.685156 0.310156 0.0265625 0.0296875
0 0.55625 0.355469 0.03125 0.0390625
0 0.227344 0.771875 0.0359375 0.0875
0 0.763281 0.289844 0.0359375 0.0390625
0 0.401563 0.382031 0.0375 0.0453125
0 0.322656 0.809375 0.0296875 0.04375
0 0.492969 0.107813 0.0390625 0.053125
0 0.23125 0.345313 0.03125 0.040625
0 0.690625 0.265625 0.03125 0.04375
0 0.236719 0.39375 0.0328125 0.040625
0 0.155469 0.325 0.0390625 0.075
0 0.279687 0.213281 0.03125 0.0328125
0 0.45625 0.121094 0.034375 0.0359375
0 0.691406 0.450781 0.0390625 0.0453125
0 0.475 0.219531 0.040625 0.0578125
0 0.621094 0.350781 0.0296875 0.0453125
0 0.710156 0.764063 0.0359375 0.06875
0 0.774219 0.36875 0.0359375 0.046875
0 0.769531 0.478125 0.0328125 0.040625
0 0.603125 0.530469 0.03125 0.0578125
0 0.25625 0.0976562 0.0375 0.0390625
0 0.0796875 0.117188 0.034375 0.053125
0 0.540625 0.392188 0.028125 0.0375
0 0.816406 0.440625 0.0328125 0.046875
0 0.407813 0.790625 0.040625 0.05625
0 0.521094 0.075 0.0546875 0.046875
0 0.209375 0.313281 0.03125 0.0328125
0 0.613281 0.583594 0.0328125 0.0390625
0 0.482812 0.501562 0.0375 0.046875
0 0.149219 0.73125 0.0390625 0.053125
0 0.539844 0.176563 0.0296875 0.046875
0 0.607813 0.651563 0.028125 0.040625
0 0.671875 0.0570313 0.040625 0.0390625
0 0.607813 0.711719 0.03125 0.0609375
0 0.813281 0.705469 0.0328125 0.0515625
0 0.476562 0.690625 0.0375 0.06875
0 0.0140625 0.604688 0.028125 0.04375
0 0.639844 0.174219 0.0296875 0.0359375
0 0.342187 0.607813 0.040625 0.053125
0 0.173438 0.533594 0.03125 0.0421875
0 0.125781 0.246875 0.0484375 0.109375
0 0.797656 0.177344 0.0765625 0.114063
0 0.779688 0.714063 0.028125 0.046875
0 0.940625 0.622656 0.034375 0.0640625
0 0.450781 0.0835937 0.0390625 0.0421875
0 0.575 0.0664062 0.0375 0.0390625
0 0.74375 0.115625 0.034375 0.03125
0 0.560156 0.258594 0.0359375 0.0546875
0 0.735937 0.178125 0.028125 0.03125
0 0.66875 0.725 0.040625 0.046875
0 0.646875 0.665625 0.04375 0.0625
0 0.702344 0.183594 0.0359375 0.0484375
0 0.0273438 0.404687 0.0328125 0.04375
0 0.153125 0.480469 0.0375 0.0796875
0 0.191406 0.610156 0.0328125 0.0578125
0 0.121094 0.617969 0.0453125 0.0984375
0 0.485938 0.594531 0.065625 0.120312
0 0.577344 0.589844 0.0359375 0.0421875
0 0.65 0.246094 0.034375 0.0453125
0 0.38125 0.667188 0.040625 0.053125
0 0.692187 0.674219 0.03125 0.0546875
0 0.383594 0.875781 0.0703125 0.0578125
0 0.582812 0.397656 0.028125 0.0453125
0 0.071875 0.455469 0.040625 0.0578125
0 0.303906 0.239844 0.0390625 0.0421875
0 0.785937 0.639844 0.0375 0.0671875
0 0.0625 0.374219 0.0375 0.0578125
0 0.670313 0.184375 0.03125 0.040625
0 0.339844 0.104687 0.0296875 0.03125
0 0.429688 0.582031 0.03125 0.0703125
0 0.821094 0.090625 0.0546875 0.0625
0 0.609375 0.270312 0.0375 0.04375
0 0.382812 0.558594 0.05 0.0859375
0 0.0921875 0.171094 0.034375 0.0390625
0 0.728906 0.308594 0.0390625 0.0484375
0 0.433594 0.161719 0.0296875 0.0328125
0 0.238281 0.295312 0.0328125 0.04375
0 0.926562 0.146875 0.053125 0.06875
0 0.278125 0.280469 0.04375 0.0484375
0 0.53125 0.7375 0.065625 0.075
0 0.114063 0.753125 0.034375 0.046875
0 0.292969 0.383594 0.0421875 0.0484375
0 0.153906 0.569531 0.0328125 0.0515625
0 0.749219 0.346875 0.0296875 0.0375
0 0.360938 0.829687 0.0375 0.053125
0 0.732031 0.607031 0.0390625 0.0671875
0 0.272656 0.632812 0.0296875 0.04375
0 0.145313 0.117188 0.053125 0.065625
0 0.107813 0.507812 0.0375 0.05
0 0.167187 0.185937 0.04375 0.071875
0 0.261719 0.332031 0.0328125 0.0453125
0 0.882031 0.246094 0.0421875 0.0671875
0 0.666406 0.14375 0.0359375 0.046875
0 0.123438 0.170312 0.03125 0.034375
0 0.185156 0.782812 0.0359375 0.075
0 0.435156 0.665625 0.0390625 0.08125
0 0.0945313 0.323438 0.0421875 0.05625
0 0.336719 0.754687 0.0390625 0.053125
0 0.258594 0.685156 0.0484375 0.0640625
0 0.510156 0.179688 0.0328125 0.046875
0 0.5125 0.529688 0.0375 0.05625
0 0.553125 0.547656 0.040625 0.0703125
0 0.028125 0.15 0.05625 0.0625
0 0.9 0.695312 0.03125 0.05
0 0.190625 0.38125 0.040625 0.05625
0 0.732031 0.703125 0.0453125 0.05625
0 0.383594 0.235156 0.0296875 0.0390625
0 0.973437 0.282031 0.046875 0.0671875
0 0.371875 0.125 0.0375 0.046875
0 0.853906 0.35625 0.0484375 0.059375
0 0.728125 0.477344 0.034375 0.0484375
0 0.034375 0.457031 0.04375 0.0578125
0 0.775781 0.0570313 0.0359375 0.0421875
0 0.882031 0.630469 0.0515625 0.0734375
0 0.342187 0.160938 0.040625 0.05
0 0.546875 0.133594 0.04375 0.0515625
0 0.304688 0.100781 0.0375 0.0421875
0 0.516406 0.227344 0.0359375 0.0453125
0 0.68125 0.603125 0.034375 0.065625
0 0.375 0.195312 0.040625 0.05
0 0.172656 0.257812 0.0359375 0.053125
0 0.714063 0.142188 0.034375 0.040625
0 0.56875 0.648438 0.04375 0.0625
0 0.230469 0.220313 0.0453125 0.0625
