0 0.642187 0.224219 0.034375 0.0453125
0 0.9875 0.424219 0.025 0.0390625
0 0.492188 0.764063 0.021875 0.04375
0 0.576563 0.719531 0.0375 0.0421875
0 0.708594 0.178125 0.0296875 0.03125
0 0.394531 0.13125 0.0265625 0.028125
0 0.191406 0.278906 0.0265625 0.0546875
0 0.1 0.240625 0.05625 0.046875
0 0.391406 0.803906 0.0265625 0.0421875
0 0.449219 0.846094 0.0265625 0.0359375
0 0.474219 0.828125 0.0421875 0.05
0 0.332031 0.58125 0.0234375 0.0375
0 0.0148437 0.585938 0.0296875 0.04375
0 0.672656 0.622656 0.0484375 0.0484375
0 0.275 0.383594 0.028125 0.0296875
0 0.0320312 0.621094 0.0265625 0.0328125
0 0.0523437 0.638281 0.0234375 0.0328125
0 0.485156 0.546094 0.0296875 0.0359375
0 0.111719 0.574219 0.0328125 0.0359375
0 0.652344 0.799219 0.0296875 0.0328125
0 0.414062 0.239063 0.034375 0.059375
0 0.639844 0.644531 0.0234375 0.0328125
0 0.533594 0.464063 0.0296875 0.046875
0 0.0382813 0.326562 0.0359375 0.040625
0 0.170312 0.846875 0.028125 0.040625
0 0.560938 0.769531 0.03125 0.0453125
0 0.471875 0.789844 0.025 0.0328125
0 0.63125 0.147656 0.028125 0.0359375
0 0.516406 0.658594 0.0546875 0.0453125
0 0.353125 0.189063 0.028125 0.03125
0 0.710938 0.497656 0.028125 0.0359375
0 0.892187 0.499219 0.04375 0.0453125
0 0.217969 0.0671875 0.0296875 0.03125
0 0.697656 0.632031 0.0265625 0.0359375
0 0.309375 0.611719 0.05 0.0640625
0 0.184375 0.764844 0.021875 0.0359375
0 0.211719 0.4375 0.0265625 0.0375
0 0.379687 0.221094 0.03125 0.0328125
0 0.510156 0.725 0.0265625 0.046875
0 0.264844 0.579687 0.0328125 0.0375
0 0.851562 0.744531 0.034375 0.0515625
0 0.736719 0.701563 0.0328125 0.046875
0 0.359375 0.120312 0.028125 0.034375
0 0.273438 0.632031 0.03125 0.0390625
0 0.182812 0.435937 0.03125 0.04375
0 0.539062 0.288281 0.028125 0.0359375
0 0.621875 0.445312 0.028125 0.04375
0 0.161719 0.66875 0.0296875 0.040625
0 0.238281 0.723437 0.0296875 0.03125
0 0.657031 0.689062 0.0515625 0.046875
0 0.107813 0.090625 0.034375 0.034375
0 0.224219 0.689062 0.0296875 0.0375
0 0.1625 0.76875 0.028125 0.034375
0 0.511719 0.451562 0.0296875 0.034375
0 0.242188 0.59375 0.025 0.04375
0 0.326562 0.776563 0.03125 0.053125
0 0.223438 0.200781 0.03125 0.0484375
0 0.482812 0.465625 0.028125 0.03125
0 0.25625 0.696094 0.03125 0.0421875
0 0.78125 0.633594 0.03125 0.0296875
0 0.298438 0.471094 0.03125 0.0390625
0 0.403906 0.101562 0.0328125 0.034375
0 0.121094 0.0648438 0.0296875 0.0359375
0 0.417188 0.521875 0.040625 0.053125
0 0.240625 0.835156 0.03125 0.0359375
0 0.254687 0.417188 0.028125 0.028125
0 0.1625 0.183594 0.034375 0.0453125
0 0.446094 0.720312 0.0359375 0.0625
0 0.271875 0.353125 0.03125 0.040625
0 0.696875 0.8875 0.03125 0.0375
0 0.316406 0.182031 0.0296875 0.0484375
0 0.340625 0.740625 0.03125 0.0375
0 0.315625 0.665625 0.025 0.0375
0 0.0382813 0.675781 0.0328125 0.0359375
0 0.394531 0.578125 0.0296875 0.0375
0 0.8125 0.394531 0.028125 0.0328125
0 0.405469 0.692187 0.0359375 0.046875
0 0.16875 0.60625 0.040625 0.06875
0 0.214062 0.616406 0.028125 0.0359375
0 0.124219 0.776563 0.0328125 0.046875
0 0.136719 0.730469 0.0359375 0.0671875
0 0.827344 0.121094 0.0359375 0.0328125
0 0.845312 0.163281 0.034375 0.0515625
0 0.360938 0.301562 0.034375 0.0375
0 0.96875 0.263281 0.046875 0.0453125
0 0.446875 0.641406 0.040625 0.0421875
0 0.338281 0.215625 0.0265625 0.034375
0 0.688281 0.210938 0.0296875 0.0375
0 0.875781 0.0984375 0.0484375 0.05
0 0.329688 0.107813 0.03125 0.03125
0 0.742188 0.185156 0.03125 0.0390625
0 0.385938 0.535156 0.025 0.0328125
0 0.285937 0.265625 0.03125 0.040625
0 0.36875 0.389844 0.034375 0.0359375
0 0.713281 0.659375 0.0328125 0.03125
0 0.24375 0.507031 0.06875 0.0796875
0 0.284375 0.746094 0.059375 0.0515625
0 0.296094 0.678906 0.0296875 0.0359375
0 0.817187 0.346094 0.034375 0.0390625
0 0.2875 0.114844 0.03125 0.0453125
0 0.164062 0.807031 0.046875 0.0515625
0 0.464844 0.136719 0.0359375 0.0390625
0 0.622656 0.578125 0.0359375 0.05
0 0.417969 0.415625 0.0265625 0.034375
0 0.571875 0.353125 0.046875 0.034375
0 0.158594 0.136719 0.0296875 0.0359375
0 0.202344 0.238281 0.0328125 0.0453125
0 0.9125 0.265625 0.034375 0.0375
0 0.65625 0.107813 0.03125 0.0375
0 0.516406 0.251563 0.0390625 0.040625
0 0.572656 0.465625 0.0359375 0.046875
0 0.69375 0.746094 0.03125 0.0453125
0 0.116406 0.624219 0.0328125 0.0453125
0 0.634375 0.828906 0.034375 0.0515625
0 0.346875 0.648438 0.034375 0.046875
0 0.591406 0.322656 0.0640625 0.0515625
0 0.250781 0.660156 0.0328125 0.0390625
0 0.301562 0.0632813 0.0375 0.0421875
0 0.226562 0.272656 0.028125 0.0296875
0 0.0734375 0.732031 0.040625 0.0421875
0 0.453906 0.101562 0.0328125 0.040625
0 0.367969 0.558594 0.0296875 0.0390625
0 0.93125 0.490625 0.03125 0.04375
0 0.192188 0.678125 0.03125 0.0375
0 0.366406 0.76875 0.0390625 0.040625
0 0.372656 0.254687 0.0390625 0.046875
0 0.582031 0.416406 0.0359375 0.0390625
0 0.872656 0.267188 0.0328125 0.0375
0 0.717188 0.369531 0.04375 0.0671875
0 0.078125 0.675 0.046875 0.05
0 0.792969 0.716406 0.0359375 0.0390625
0 0.147656 0.426562 0.0390625 0.0625
0 0.197656 0.645312 0.0328125 0.0375
0 0.746875 0.476562 0.0375 0.065625
0 0.719531 0.309375 0.0328125 0.0375
0 0.678906 0.528906 0.0359375 0.0421875
0 0.853906 0.300781 0.0328125 0.0390625
0 0.126563 0.514063 0.046875 0.05625
0 0.421094 0.151562 0.0328125 0.05625
0 0.920313 0.571094 0.034375 0.0390625
0 0.189063 0.328125 0.0375 0.05
0 0.245312 0.797656 0.034375 0.0453125
0 0.789062 0.510156 0.053125 0.0890625
0 0.754687 0.353125 0.034375 0.053125
0 0.685938 0.25625 0.034375 0.05625
0 0.341406 0.153906 0.0359375 0.0421875
0 0.0890625 0.354688 0.046875 0.059375
0 0.864844 0.355469 0.0296875 0.0359375
0 0.0875 0.059375 0.028125 0.034375
0 0.760938 0.594531 0.040625 0.0546875
0 0.200781 0.8375 0.0359375 0.053125
0 0.285156 0.829687 0.0328125 0.05
0 0.75625 0.782812 0.034375 0.04375
0 0.607813 0.522656 0.034375 0.0421875
0 0.157031 0.246875 0.0359375 0.046875
0 0.40625 0.370313 0.04375 0.05
0 0.732031 0.147656 0.0296875 0.0359375
0 0.819531 0.754687 0.0359375 0.05
0 0.336719 0.255469 0.0328125 0.0421875
0 0.583594 0.654688 0.0359375 0.04375
0 0.291406 0.164062 0.0328125 0.0375
0 0.559375 0.078125 0.028125 0.04375
0 0.871094 0.405469 0.0328125 0.0484375
0 0.196094 0.721875 0.0359375 0.040625
0 0.0726563 0.185156 0.0421875 0.0640625
0 0.0945313 0.763281 0.0296875 0.0359375
0 0.982813 0.149219 0.034375 0.0484375
0 0.947656 0.53125 0.0359375 0.05
0 0.0554687 0.595312 0.0359375 0.046875
0 0.313281 0.357031 0.0390625 0.0390625
0 0.691406 0.0828125 0.0578125 0.0625
0 0.124219 0.1625 0.0359375 0.0375
0 0.0265625 0.284375 0.0375 0.040625
0 0.574219 0.267188 0.0515625 0.053125
0 0.646875 0.553906 0.03125 0.0484375
0 0.248437 0.128125 0.040625 0.06875
0 0.560938 0.617969 0.028125 0.0421875
0 0.815625 0.192188 0.0375 0.046875
0 0.679688 0.38125 0.0375 0.0375
0 0.620313 0.266406 0.05 0.0609375
0 0.775781 0.432031 0.0390625 0.0515625
0 0.895312 0.320312 0.046875 0.0625
0 0.748438 0.846094 0.034375 0.0421875
0 0.882812 0.146875 0.040625 0.04375
0 0.251563 0.309375 0.059375 0.046875
0 0.852344 0.45 0.0359375 0.046875
0 0.417188 0.605469 0.0375 0.0484375
0 0.53125 0.559375 0.03125 0.04375
0 0.882812 0.189063 0.0375 0.040625
0 0.395312 0.323438 0.040625 0.040625
0 0.859375 0.541406 0.0375 0.0453125
0 0.167969 0.0851562 0.0328125 0.0546875
0 0.786719 0.157813 0.0390625 0.04375
0 0.335938 0.440625 0.040625 0.034375
0 0.417969 0.460156 0.0296875 0.0359375
0 0.0195312 0.526563 0.0390625 0.05
0 0.0265625 0.405469 0.040625 0.0546875
0 0.171094 0.492969 0.0609375 0.0578125
0 0.217187 0.764844 0.040625 0.0640625
0 0.590625 0.604688 0.040625 0.05
0 0.09375 0.44375 0.046875 0.06875
0 0.247656 0.245312 0.0359375 0.0625
0 0.188281 0.397656 0.0359375 0.0453125
0 0.814844 0.440625 0.0328125 0.040625
0 0.842969 0.394531 0.0328125 0.0578125
0 0.730469 0.232812 0.0390625 0.059375
0 0.280469 0.23125 0.0359375 0.040625
0 0.504687 0.290625 0.034375 0.04375
0 0.628125 0.725 0.040625 0.053125
0 0.6 0.217969 0.028125 0.0359375
0 0.191406 0.121094 0.0328125 0.0421875
0 0.840625 0.250781 0.0375 0.0453125
0 0.454688 0.307813 0.053125 0.065625
0 0.560938 0.546094 0.04375 0.0515625
0 0.790625 0.291406 0.040625 0.0484375
0 0.326562 0.704687 0.034375 0.05
0 0.360156 0.703906 0.0328125 0.0390625
0 0.4125 0.839063 0.034375 0.0375
0 0.329688 0.396094 0.040625 0.0484375
0 0.385156 0.169531 0.0328125 0.0390625
0 0.635156 0.499219 0.0328125 0.0484375
0 0.564062 0.21875 0.034375 0.040625
0 0.0414063 0.453125 0.0359375 0.04375
0 0.0640625 0.115625 0.040625 0.0375
0 0.0710938 0.534375 0.0609375 0.08125
0 0.735937 0.630469 0.04375 0.0421875
0 0.611719 0.0710938 0.0359375 0.0390625
0 0.947656 0.40625 0.0390625 0.05
0 0.0851562 0.628125 0.0296875 0.04375
0 0.425781 0.796094 0.0390625 0.0546875
0 0.125 0.119531 0.04375 0.0484375
0 0.3625 0.355469 0.034375 0.0359375
0 0.457031 0.430469 0.0515625 0.0703125
0 0.817969 0.0734375 0.0515625 0.0625
0 0.245312 0.451562 0.034375 0.046875
0 0.658594 0.309375 0.0296875 0.040625
0 0.254687 0.186719 0.0375 0.0453125
0 0.783594 0.104687 0.0359375 0.04375
0 0.400781 0.642187 0.0359375 0.040625
0 0.890625 0.446875 0.0375 0.05625
0 0.411719 0.292969 0.0328125 0.0359375
0 0.617969 0.380469 0.0390625 0.0546875
0 0.378906 0.430469 0.0421875 0.0546875
0 0.671094 0.461719 0.0515625 0.0828125
0 0.727344 0.546094 0.0359375 0.0515625
0 0.919531 0.0695312 0.0640625 0.0671875
0 0.457812 0.210938 0.053125 0.096875
0 0.292969 0.420312 0.0421875 0.059375
0 0.504687 0.502344 0.05 0.0546875
0 0.523438 0.207813 0.040625 0.046875
