0 0.0539063 0.651563 0.0453125 0.065625
0 0.636719 0.60625 0.0296875 0.034375
0 0.2125 0.332812 0.025 0.028125
0 0.649219 0.388281 0.0328125 0.0828125
0 0.196094 0.317187 0.0265625 0.040625
0 0.817969 0.696094 0.0296875 0.0421875
0 0.102344 0.0507812 0.0359375 0.0296875
0 0.028125 0.3375 0.0375 0.059375
0 0.745313 0.721094 0.0375 0.0546875
0 0.247656 0.255469 0.0328125 0.0390625
0 0.580469 0.308594 0.0296875 0.0546875
0 0.1375 0.808594 0.03125 0.0484375
0 0.285937 0.669531 0.034375 0.0453125
0 0.134375 0.775 0.025 0.0375
0 0.01875 0.229687 0.028125 0.040625
0 0.06875 0.323438 0.028125 0.0375
0 0.686719 0.588281 0.0390625 0.0859375
0 0.349219 0.297656 0.0421875 0.0671875
0 0.450781 0.807813 0.0234375 0.03125
0 0.0601562 0.390625 0.0328125 0.0375
0 0.0929687 0.179688 0.0296875 0.03125
0 0.824219 0.253906 0.0359375 0.0265625
0 0.0492188 0.474219 0.0296875 0.0390625
0 0.009375 0.289062 0.015625 0.034375
0 0.0101562 0.157813 0.0203125 0.046875
0 0.707812 0.015625 0.034375 0.03125
0 0.576563 0.532812 0.04375 0.059375
0 0.391406 0.754687 0.0328125 0.05
0 0.892969 0.396094 0.0296875 0.0328125
0 0.179688 0.455469 0.034375 0.0453125
0 0.321875 0.717188 0.034375 0.059375
0 0.283594 0.735156 0.0328125 0.0640625
0 0.835156 0.332031 0.0265625 0.0359375
0 0.078125 0.113281 0.025 0.0328125
0 0.314063 0.815625 0.028125 0.0375
0 0.207813 0.365625 0.03125 0.0375
0 0.752344 0.6625 0.0359375 0.05625
0 0.328125 0.108594 0.078125 0.126563
0 0.0796875 0.291406 0.028125 0.0359375
0 0.796875 0.642187 0.040625 0.08125
0 0.41875 0.73125 0.03125 0.040625
0 0.0335938 0.399219 0.0421875 0.0390625
0 0.269531 0.377344 0.0328125 0.0453125
0 0.896875 0.0640625 0.04375 0.04375
0 0.178125 0.132031 0.03125 0.0328125
0 0.755469 0.015625 0.0421875 0.03125
0 0.526563 0.510156 0.0375 0.0765625
0 0.078125 0.757812 0.028125 0.04375
0 0.361719 0.705469 0.0328125 0.0421875
0 0.283594 0.542188 0.0296875 0.04375
0 0.239844 0.447656 0.0359375 0.0484375
0 0.346094 0.659375 0.0328125 0.0375
0 0.794531 0.722656 0.0421875 0.0421875
0 0.69375 0.0445312 0.034375 0.0453125
0 0.149219 0.385156 0.0390625 0.0453125
0 0.223438 0.202344 0.040625 0.0578125
0 0.373437 0.182031 0.040625 0.0390625
0 0.402344 0.835156 0.0296875 0.0390625
0 0.458594 0.411719 0.0328125 0.0421875
0 0.471875 0.560938 0.04375 0.04375
0 0.332031 0.21875 0.0453125 0.059375
0 0.850781 0.0570313 0.0359375 0.0359375
0 0.341406 0.492188 0.0515625 0.0625
0 0.434375 0.264844 0.034375 0.0359375
0 0.151562 0.488281 0.040625 0.0640625
0 0.910156 0.638281 0.0421875 0.0796875
0 0.189063 0.604688 0.0375 0.071875
0 0.0890625 0.54375 0.03125 0.05
0 0.117188 0.434375 0.03125 0.0375
0 0.421875 0.535937 0.03125 0.046875
0 0.650781 0.641406 0.0296875 0.0421875
0 0.101562 0.716406 0.0375 0.0421875
0 0.839844 0.285937 0.0296875 0.040625
0 0.249219 0.345313 0.0359375 0.05
0 0.0882813 0.0820312 0.0390625 0.0328125
0 0.979688 0.550781 0.040625 0.0484375
0 0.266406 0.3 0.0328125 0.046875
0 0.0421875 0.719531 0.03125 0.0484375
0 0.597656 0.0890625 0.0328125 0.04375
0 0.0539063 0.59375 0.0359375 0.04375
0 0.205469 0.405469 0.0421875 0.0671875
0 0.034375 0.127344 0.040625 0.0578125
0 0.0492188 0.210938 0.0359375 0.0375
0 0.374219 0.0835937 0.0578125 0.0765625
0 0.805469 0.292969 0.0390625 0.0484375
0 0.025 0.435156 0.034375 0.0328125
0 0.528125 0.0945313 0.0375 0.0578125
0 0.929688 0.301562 0.03125 0.04375
0 0.809375 0.414062 0.025 0.034375
0 0.351562 0.786719 0.0375 0.0453125
0 0.736719 0.346094 0.0328125 0.0609375
0 0.104687 0.660937 0.04375 0.05625
0 0.517187 0.638281 0.03125 0.0515625
0 0.95 0.107813 0.040625 0.046875
0 0.607031 0.629687 0.0359375 0.059375
0 0.253125 0.496875 0.03125 0.0375
0 0.582812 0.692187 0.040625 0.0625
0 0.875 0.452344 0.059375 0.0796875
0 0.446094 0.05625 0.0265625 0.034375
0 0.404687 0.153125 0.0375 0.04375
0 0.321875 0.390625 0.034375 0.04375
0 0.522656 0.578906 0.0359375 0.0515625
0 0.66875 0.3125 0.03125 0.046875
0 0.978906 0.382812 0.0421875 0.065625
0 0.444531 0.375781 0.0296875 0.0421875
0 0.890625 0.116406 0.046875 0.0515625
0 0.935156 0.355469 0.0484375 0.0453125
0 0.135937 0.211719 0.06875 0.0515625
0 0.211719 0.28125 0.0390625 0.04375
0 0.31875 0.654688 0.025 0.0375
0 0.896875 0.199219 0.05 0.0609375
0 0.405469 0.692969 0.0296875 0.0421875
0 0.153906 0.561719 0.0453125 0.0546875
0 0.040625 0.2875 0.034375 0.046875
0 0.489062 0.503125 0.034375 0.05
0 0.572656 0.228906 0.0359375 0.0578125
0 0.0164062 0.628906 0.0328125 0.0546875
0 0.421094 0.646094 0.0453125 0.0640625
0 0.171094 0.675781 0.0265625 0.0484375
0 0.54375 0.35 0.034375 0.04375
0 0.0507812 0.528906 0.0390625 0.0546875
0 0.345313 0.554688 0.05 0.040625
0 0.776563 0.502344 0.053125 0.0671875
0 0.285156 0.182031 0.0359375 0.0515625
0 0.703125 0.307813 0.03125 0.040625
0 0.228906 0.598437 0.0296875 0.04375
0 0.478125 0.309375 0.040625 0.05625
0 0.107031 0.784375 0.0296875 0.046875
0 0.85625 0.661719 0.0375 0.0703125
0 0.471094 0.78125 0.0296875 0.040625
0 0.0976562 0.40625 0.0328125 0.034375
0 0.288281 0.234375 0.0328125 0.04375
0 0.694531 0.352344 0.0328125 0.0421875
0 0.660937 0.211719 0.034375 0.0515625
0 0.817969 0.585938 0.0359375 0.04375
0 0.390625 0.271875 0.03125 0.040625
0 0.510938 0.232812 0.05 0.04375
0 0.617188 0.228125 0.034375 0.053125
0 0.925 0.158594 0.04375 0.0484375
0 0.773438 0.170312 0.046875 0.0625
0 0.71875 0.525 0.053125 0.05625
0 0.610156 0.444531 0.0390625 0.0421875
0 0.696094 0.432813 0.0421875 0.0625
0 0.864844 0.315625 0.0328125 0.034375
0 0.603125 0.151562 0.034375 0.053125
0 0.373437 0.396094 0.04375 0.0578125
0 0.239063 0.744531 0.034375 0.0609375
0 0.199219 0.720312 0.0359375 0.065625
0 0.446094 0.20625 0.0734375 0.078125
0 0.20625 0.509375 0.046875 0.06875
0 0.23125 0.560938 0.040625 0.05
0 0.140625 0.630469 0.040625 0.0578125
0 0.403906 0.34375 0.0421875 0.065625
0 0.197656 0.667188 0.0296875 0.04375
0 0.795313 0.11875 0.040625 0.0625
0 0.258594 0.621875 0.0421875 0.05
0 0.721094 0.157031 0.0390625 0.0453125
0 0.619531 0.50625 0.0578125 0.071875
0 0.295312 0.416406 0.034375 0.0453125
0 0.646094 0.107813 0.0515625 0.05625
0 0.507031 0.366406 0.0453125 0.0640625
0 0.554688 0.633594 0.0375 0.0484375
0 0.534375 0.301562 0.040625 0.05
0 0.346875 0.63125 0.034375 0.040625
0 0.527344 0.178125 0.0484375 0.05625
0 0.4125 0.410937 0.046875 0.059375
0 0.966406 0.497656 0.0515625 0.0671875
0 0.817969 0.45 0.0359375 0.040625
0 0.702344 0.20625 0.0421875 0.0625
0 0.557031 0.148438 0.0359375 0.05
0 0.0804688 0.444531 0.0359375 0.0390625
0 0.75625 0.428125 0.040625 0.06875
0 0.983594 0.205469 0.0328125 0.0515625
0 0.834375 0.105469 0.040625 0.0578125
0 0.560156 0.571094 0.0328125 0.0484375
0 0.639844 0.167187 0.0390625 0.05
0 0.301562 0.29375 0.05 0.0625
0 0.903125 0.255469 0.034375 0.0421875
0 0.63125 0.322656 0.034375 0.0421875
0 0.955469 0.666406 0.0421875 0.0609375
0 0.378125 0.665625 0.034375 0.05
0 0.290625 0.492188 0.034375 0.04375
0 0.110937 0.129688 0.03125 0.040625
0 0.157031 0.325 0.0453125 0.0625
0 0.339063 0.35625 0.0375 0.046875
0 0.73125 0.271094 0.053125 0.0609375
0 0.833594 0.207813 0.0421875 0.053125
0 0.457812 0.722656 0.03125 0.0484375
0 0.388281 0.596094 0.0828125 0.0671875
0 0.915625 0.505469 0.034375 0.0453125
0 0.508594 0.438281 0.0890625 0.0734375
