0 0.0257812 0.778125 0.0296875 0.0375
0 0.0140625 0.326562 0.028125 0.034375
0 0.0117188 0.0710938 0.0234375 0.0421875
0 0.31875 0.147656 0.025 0.0328125
0 0.472656 0.671094 0.0390625 0.0609375
0 0.482031 0.364062 0.0265625 0.0375
0 0.0164062 0.192188 0.0328125 0.040625
0 0.0109375 0.365625 0.021875 0.04375
0 0.234375 0.0773437 0.03125 0.0359375
0 0.225781 0.434375 0.0296875 0.040625
0 0.749219 0.742969 0.0359375 0.0546875
0 0.433594 0.620313 0.0296875 0.04375
0 0.419531 0.289844 0.0296875 0.0390625
0 0.651563 0.7625 0.028125 0.05
0 0.0757812 0.500781 0.0265625 0.0515625
0 0.485156 0.23125 0.0390625 0.04375
0 0.8875 0.596094 0.025 0.0453125
0 0.18125 0.329688 0.034375 0.040625
0 0.425 0.345313 0.03125 0.065625
0 0.160938 0.635156 0.028125 0.0359375
0 0.0210938 0.714063 0.0359375 0.053125
0 0.360938 0.554688 0.03125 0.040625
0 0.376563 0.2875 0.028125 0.0375
0 0.150781 0.188281 0.0296875 0.0421875
0 0.535156 0.532812 0.0265625 0.05625
0 0.258594 0.178906 0.0453125 0.0546875
0 0.853906 0.516406 0.0390625 0.0546875
0 0.145313 0.469531 0.05 0.0703125
0 0.278125 0.549219 0.04375 0.0515625
0 0.15625 0.227344 0.028125 0.0390625
0 0.340625 0.322656 0.03125 0.0390625
0 0.0757812 0.146094 0.0265625 0.0359375
0 0.347656 0.707812 0.0296875 0.046875
0 0.410156 0.0960938 0.0328125 0.0421875
0 0.021875 0.296094 0.03125 0.0359375
0 0.270312 0.363281 0.028125 0.0421875
0 0.657812 0.103125 0.034375 0.046875
0 0.189844 0.225781 0.0328125 0.0453125
0 0.822656 0.0710938 0.0921875 0.0765625
0 0.60625 0.3625 0.03125 0.046875
0 0.553125 0.0601562 0.04375 0.0328125
0 0.910156 0.564844 0.0328125 0.0421875
0 0.873438 0.638281 0.028125 0.0421875
0 0.16875 0.117969 0.028125 0.0421875
0 0.919531 0.354688 0.0359375 0.04375
0 0.271875 0.317969 0.025 0.0359375
0 0.946875 0.021875 0.046875 0.04375
0 0.916406 0.401563 0.0359375 0.04375
0 0.460938 0.597656 0.025 0.0390625
0 0.664844 0.221094 0.0359375 0.0515625
0 0.128906 0.214844 0.0265625 0.0359375
0 0.571094 0.201562 0.0984375 0.134375
0 0.500781 0.201562 0.0390625 0.046875
0 0.9 0.521094 0.034375 0.0421875
0 0.636719 0.55625 0.0546875 0.103125
0 0.889063 0.282031 0.034375 0.0546875
0 0.428906 0.153906 0.0296875 0.0484375
0 0.0453125 0.228125 0.03125 0.040625
0 0.459375 0.438281 0.04375 0.0484375
0 0.525781 0.1 0.0671875 0.0625
0 0.88125 0.467187 0.034375 0.04375
0 0.738281 0.03125 0.0421875 0.05625
0 0.455469 0.0789063 0.0328125 0.0421875
0 0.909375 0.244531 0.034375 0.0453125
0 0.927344 0.151562 0.0328125 0.04375
0 0.267969 0.239063 0.0484375 0.05625
0 0.410156 0.460156 0.0421875 0.0359375
0 0.547656 0.446094 0.0453125 0.0578125
0 0.139062 0.278906 0.03125 0.0328125
0 0.451562 0.384375 0.03125 0.0375
0 0.449219 0.192969 0.0328125 0.0484375
0 0.714063 0.55625 0.0375 0.05625
0 0.750781 0.600781 0.0390625 0.0546875
0 0.826563 0.192188 0.075 0.071875
0 0.678906 0.589844 0.0328125 0.0765625
0 0.979688 0.129688 0.040625 0.05625
0 0.365625 0.219531 0.03125 0.0359375
0 0.879687 0.71875 0.04375 0.065625
0 0.419531 0.515625 0.0390625 0.040625
0 0.747656 0.090625 0.0390625 0.05
0 0.824219 0.278906 0.0546875 0.0890625
0 0.370313 0.152344 0.046875 0.0546875
0 0.885938 0.377344 0.03125 0.0484375
0 0.290625 0.496094 0.03125 0.0390625
0 0.792969 0.652344 0.0296875 0.0453125
0 0.0578125 0.0953125 0.05 0.053125
0 0.966406 0.410937 0.0453125 0.0625
0 0.115625 0.075 0.040625 0.046875
0 0.478906 0.403906 0.0234375 0.0359375
0 0.810156 0.535156 0.0359375 0.0546875
0 0.658594 0.326562 0.0296875 0.040625
0 0.301562 0.101562 0.034375 0.059375
0 0.820312 0.705469 0.034375 0.0515625
0 0.510156 0.426562 0.0328125 0.040625
0 0.335938 0.517969 0.0375 0.0515625
0 0.613281 0.31875 0.0359375 0.053125
0 0.711719 0.780469 0.0328125 0.0734375
0 0.133594 0.36875 0.0421875 0.0375
0 0.255469 0.121094 0.0578125 0.0578125
0 0.272656 0.675 0.0265625 0.040625
0 0.0898438 0.295312 0.0390625 0.04375
0 0.24375 0.694531 0.040625 0.0546875
0 0.453125 0.252344 0.0375 0.0421875
0 0.772656 0.141406 0.0421875 0.0578125
0 0.225 0.15625 0.0375 0.046875
0 0.190625 0.58125 0.034375 0.05625
0 0.434375 0.577344 0.034375 0.0515625
0 0.0234375 0.132031 0.046875 0.0703125
0 0.407813 0.689062 0.040625 0.075
0 0.449219 0.740625 0.0390625 0.065625
0 0.245312 0.291406 0.0375 0.0546875
0 0.633594 0.0648438 0.0453125 0.0421875
0 0.410156 0.415625 0.0390625 0.05
0 0.530469 0.614062 0.0578125 0.0625
0 0.758594 0.689062 0.0484375 0.0625
0 0.773438 0.504687 0.040625 0.046875
0 0.607813 0.757812 0.034375 0.065625
0 0.929688 0.304688 0.034375 0.05625
0 0.698438 0.690625 0.040625 0.065625
0 0.515625 0.474219 0.0375 0.0515625
0 0.0171875 0.257812 0.034375 0.04375
0 0.109375 0.132031 0.040625 0.0671875
0 0.528906 0.278906 0.0390625 0.0453125
0 0.476562 0.149219 0.059375 0.0671875
0 0.304688 0.70625 0.04375 0.075
0 0.725781 0.465625 0.0984375 0.084375
0 0.104687 0.692969 0.040625 0.0453125
0 0.335156 0.759375 0.0328125 0.04375
0 0.115625 0.646094 0.04375 0.0546875
0 0.969531 0.489062 0.0421875 0.053125
0 0.266406 0.467969 0.0390625 0.0421875
0 0.629687 0.452344 0.046875 0.0640625
0 0.524219 0.809375 0.0515625 0.08125
0 0.129688 0.583594 0.040625 0.0578125
0 0.774219 0.278906 0.0390625 0.0578125
0 0.0234375 0.569531 0.046875 0.0546875
0 0.578906 0.423438 0.0453125 0.0625
0 0.836719 0.654688 0.0328125 0.05625
0 0.311719 0.203906 0.0390625 0.0578125
0 0.508594 0.34375 0.0484375 0.059375
0 0.169531 0.729688 0.0421875 0.05625
0 0.307031 0.30625 0.0484375 0.05625
0 0.0351562 0.502344 0.0390625 0.0578125
0 0.324219 0.419531 0.0703125 0.0953125
0 0.732813 0.214062 0.05625 0.0625
0 0.714063 0.259375 0.0375 0.04375
0 0.29375 0.629687 0.040625 0.05625
0 0.19375 0.071875 0.034375 0.046875
0 0.835938 0.366406 0.053125 0.0796875
0 0.592188 0.679688 0.04375 0.059375
0 0.734375 0.38125 0.053125 0.06875
0 0.970312 0.185937 0.059375 0.05
0 0.178906 0.284375 0.0421875 0.05
0 0.495313 0.728906 0.0375 0.0546875
0 0.166406 0.680469 0.0453125 0.0484375
0 0.630469 0.257031 0.0421875 0.0578125
0 0.565625 0.351562 0.034375 0.065625
0 0.583594 0.51875 0.0484375 0.09375
0 0.40625 0.226562 0.05 0.053125
0 0.0789063 0.204688 0.0546875 0.06875
0 0.846875 0.586719 0.05625 0.0609375
0 0.346094 0.26875 0.0453125 0.0625
0 0.476562 0.29375 0.05625 0.059375
0 0.340625 0.646094 0.04375 0.0578125
0 0.538281 0.707812 0.0421875 0.071875
0 0.678906 0.283594 0.0484375 0.0609375
