0 0.9125 0.783594 0.028125 0.0484375
0 0.2375 0.3625 0.03125 0.05625
0 0.185937 0.296875 0.028125 0.03125
0 0.710938 0.705469 0.021875 0.0328125
0 0.614844 0.103125 0.0265625 0.03125
0 0.0242187 0.760156 0.0359375 0.0484375
0 0.229687 0.240625 0.025 0.025
0 0.54375 0.104687 0.021875 0.028125
0 0.315625 0.542188 0.025 0.034375
0 0.084375 0.182031 0.025 0.0265625
0 0.203125 0.689844 0.03125 0.0328125
0 0.05625 0.541406 0.0375 0.0390625
0 0.278906 0.442187 0.0265625 0.034375
0 0.0734375 0.503125 0.034375 0.034375
0 0.496094 0.196094 0.0203125 0.0265625
0 0.169531 0.275 0.0265625 0.034375
0 0.772656 0.590625 0.0296875 0.040625
0 0.341406 0.534375 0.0234375 0.03125
0 0.324219 0.936719 0.0328125 0.0671875
0 0.600781 0.65 0.0265625 0.046875
0 0.117969 0.489062 0.0296875 0.034375
0 0.499219 0.557031 0.0296875 0.0390625
0 0.0101562 0.198437 0.0203125 0.046875
0 0.0640625 0.438281 0.040625 0.0671875
0 0.282813 0.480469 0.03125 0.0359375
0 0.44375 0.202344 0.028125 0.0328125
0 0.25625 0.759375 0.03125 0.046875
0 0.573438 0.636719 0.03125 0.0453125
0 0.271875 0.279687 0.040625 0.034375
0 0.471094 0.546875 0.0265625 0.040625
0 0.667969 0.810156 0.0265625 0.0421875
0 0.623438 0.598437 0.028125 0.0375
0 0.732031 0.494531 0.0265625 0.0359375
0 0.678906 0.690625 0.0265625 0.034375
0 0.189844 0.560938 0.0296875 0.05
0 0.132031 0.380469 0.0265625 0.0328125
0 0.707812 0.204688 0.028125 0.04375
0 0.757812 0.203125 0.03125 0.05
0 0.932813 0.489844 0.028125 0.0328125
0 0.284375 0.754687 0.040625 0.03125
0 0.459375 0.715625 0.021875 0.0375
0 0.0851562 0.68125 0.0265625 0.04375
0 0.371094 0.541406 0.0328125 0.0359375
0 0.207813 0.428125 0.025 0.03125
0 0.183594 0.353125 0.0265625 0.028125
0 0.50625 0.642187 0.028125 0.0375
0 0.272656 0.355469 0.0328125 0.0515625
0 0.0546875 0.605469 0.034375 0.0546875
0 0.253906 0.253125 0.0265625 0.034375
0 0.990625 0.375781 0.01875 0.0515625
0 0.726562 0.0445312 0.034375 0.0359375
0 0.125781 0.317969 0.0328125 0.0546875
0 0.0640625 0.157813 0.034375 0.034375
0 0.157031 0.44375 0.0328125 0.034375
0 0.852344 0.796094 0.0484375 0.0890625
0 0.227344 0.525781 0.0296875 0.0421875
0 0.985937 0.667969 0.025 0.0421875
0 0.190625 0.645312 0.028125 0.0375
0 0.264844 0.603125 0.0265625 0.0375
0 0.258594 0.533594 0.0265625 0.0359375
0 0.224219 0.580469 0.0296875 0.0359375
0 0.60625 0.139062 0.03125 0.03125
0 0.534375 0.642969 0.028125 0.0421875
0 0.114844 0.567187 0.0359375 0.040625
0 0.692969 0.610937 0.0328125 0.0375
0 0.507031 0.69375 0.0328125 0.040625
0 0.053125 0.235156 0.053125 0.0421875
0 0.0203125 0.0890625 0.034375 0.03125
0 0.39375 0.465625 0.028125 0.0375
0 0.891406 0.648438 0.0328125 0.046875
0 0.29375 0.7875 0.028125 0.034375
0 0.774219 0.107031 0.0484375 0.0640625
0 0.315625 0.576563 0.028125 0.040625
0 0.388281 0.330469 0.0421875 0.0578125
0 0.0203125 0.121875 0.034375 0.0375
0 0.207031 0.496094 0.0296875 0.0390625
0 0.325 0.510938 0.03125 0.03125
0 0.408594 0.586719 0.0421875 0.0578125
0 0.182812 0.471094 0.034375 0.0359375
0 0.521875 0.614844 0.028125 0.0359375
0 0.407813 0.38125 0.03125 0.034375
0 0.971875 0.534375 0.034375 0.046875
0 0.0539063 0.660937 0.0328125 0.034375
0 0.590625 0.796094 0.025 0.0359375
0 0.155469 0.352344 0.0328125 0.0390625
0 0.542969 0.870313 0.0265625 0.040625
0 0.225 0.628125 0.03125 0.034375
0 0.407031 0.246094 0.0265625 0.0328125
0 0.149219 0.628906 0.0328125 0.0453125
0 0.497656 0.747656 0.0328125 0.0421875
0 0.473437 0.107031 0.034375 0.0359375
0 0.332812 0.340625 0.034375 0.040625
0 0.4125 0.441406 0.028125 0.0296875
0 0.141406 0.203125 0.0359375 0.034375
0 0.322656 0.653125 0.0640625 0.059375
0 0.696094 0.657812 0.0265625 0.04375
0 0.575781 0.484375 0.0421875 0.0625
0 0.300781 0.257812 0.0359375 0.040625
0 0.467969 0.304688 0.0328125 0.0375
0 0.06875 0.308594 0.040625 0.0640625
0 0.603906 0.359375 0.0359375 0.040625
0 0.875 0.224219 0.03125 0.0390625
0 0.323438 0.434375 0.034375 0.04375
0 0.860156 0.554688 0.0296875 0.046875
0 0.675781 0.565625 0.0328125 0.053125
0 0.41875 0.503125 0.03125 0.04375
0 0.571875 0.407031 0.03125 0.0453125
0 0.884375 0.146875 0.046875 0.078125
0 0.0703125 0.114844 0.03125 0.0359375
0 0.257031 0.219531 0.0265625 0.0328125
0 0.146094 0.408594 0.0296875 0.0328125
0 0.563281 0.209375 0.0328125 0.0375
0 0.286719 0.533594 0.0296875 0.0359375
0 0.0984375 0.346094 0.0375 0.0484375
0 0.0328125 0.508594 0.03125 0.0328125
0 0.479688 0.25625 0.025 0.03125
0 0.292969 0.328125 0.0296875 0.040625
0 0.346094 0.167187 0.0296875 0.034375
0 0.2 0.803125 0.028125 0.034375
0 0.777344 0.655469 0.0296875 0.0421875
0 0.478125 0.4875 0.03125 0.059375
0 0.528125 0.783594 0.028125 0.0359375
0 0.428906 0.341406 0.0296875 0.0359375
0 0.780469 0.713281 0.0265625 0.0484375
0 0.0609375 0.755469 0.028125 0.0421875
0 0.596094 0.553125 0.0328125 0.0375
0 0.265625 0.6375 0.03125 0.034375
0 0.0976562 0.742188 0.0390625 0.04375
0 0.389062 0.64375 0.04375 0.05
0 0.823438 0.585156 0.03125 0.0359375
0 0.632812 0.232031 0.03125 0.0265625
0 0.364844 0.13125 0.0359375 0.034375
0 0.942969 0.589063 0.0296875 0.04375
0 0.748438 0.266406 0.03125 0.0390625
0 0.288281 0.825781 0.0359375 0.0484375
0 0.734375 0.165625 0.0375 0.0375
0 0.621875 0.465625 0.034375 0.053125
0 0.821875 0.515625 0.040625 0.065625
0 0.807031 0.905469 0.0421875 0.0453125
0 0.0304688 0.291406 0.0296875 0.0390625
0 0.229687 0.464063 0.034375 0.06875
0 0.328906 0.842188 0.0296875 0.04375
0 0.509375 0.2625 0.03125 0.05
0 0.655469 0.614062 0.0328125 0.046875
0 0.841406 0.228906 0.0328125 0.0484375
0 0.8125 0.225 0.034375 0.046875
0 0.382812 0.403906 0.034375 0.0484375
0 0.659375 0.715625 0.03125 0.04375
0 0.89375 0.542188 0.03125 0.040625
0 0.572656 0.174219 0.0328125 0.0359375
0 0.860156 0.173438 0.0328125 0.053125
0 0.557813 0.814062 0.0375 0.046875
0 0.958594 0.390625 0.0296875 0.040625
0 0.873438 0.040625 0.053125 0.05
0 0.779688 0.503906 0.03125 0.0359375
0 0.0765625 0.371094 0.034375 0.0484375
0 0.583594 0.242188 0.0234375 0.034375
0 0.93125 0.457031 0.034375 0.0390625
0 0.0523437 0.707812 0.0484375 0.053125
0 0.188281 0.391406 0.0359375 0.0515625
0 0.658594 0.109375 0.0578125 0.0625
0 0.178906 0.161719 0.0359375 0.0484375
0 0.590625 0.600781 0.034375 0.0421875
0 0.217187 0.20625 0.0375 0.0375
0 0.508594 0.165625 0.0328125 0.034375
0 0.603906 0.204688 0.0328125 0.04375
0 0.213281 0.317187 0.0390625 0.046875
0 0.646875 0.267969 0.03125 0.0390625
0 0.303906 0.379687 0.0390625 0.04375
0 0.823438 0.167969 0.0375 0.0578125
0 0.897656 0.5 0.0359375 0.05
0 0.841406 0.117969 0.0296875 0.0421875
0 0.657031 0.186719 0.0828125 0.0828125
0 0.297656 0.220313 0.0328125 0.04375
0 0.460156 0.169531 0.0359375 0.0421875
0 0.383594 0.0578125 0.0328125 0.05
0 0.392969 0.174219 0.0484375 0.0515625
0 0.520312 0.090625 0.03125 0.04375
0 0.417188 0.210156 0.028125 0.0328125
0 0.535156 0.140625 0.0328125 0.040625
0 0.149219 0.739844 0.0453125 0.0515625
0 0.554688 0.354688 0.028125 0.0375
0 0.926562 0.632812 0.03125 0.0375
0 0.460156 0.590625 0.0296875 0.046875
0 0.817187 0.360156 0.03125 0.0421875
0 0.538281 0.534375 0.0453125 0.05
0 0.542188 0.453125 0.0375 0.053125
0 0.910156 0.596094 0.0328125 0.0359375
0 0.760938 0.458594 0.034375 0.0484375
0 0.610937 0.253906 0.03125 0.0453125
0 0.432813 0.778906 0.028125 0.0390625
0 0.74375 0.589063 0.028125 0.040625
0 0.525 0.36875 0.04375 0.05625
0 0.922656 0.676562 0.0359375 0.04375
0 0.972656 0.2125 0.0453125 0.1125
0 0.628906 0.647656 0.0359375 0.0421875
0 0.363281 0.853906 0.0390625 0.0453125
0 0.410937 0.701563 0.03125 0.046875
0 0.528125 0.195312 0.03125 0.03125
0 0.966406 0.473437 0.0359375 0.04375
0 0.880469 0.379687 0.0609375 0.075
0 0.234375 0.81875 0.040625 0.05625
0 0.844531 0.327344 0.0359375 0.0390625
0 0.683594 0.442969 0.0328125 0.0484375
0 0.536719 0.317969 0.0296875 0.0328125
0 0.253125 0.41875 0.03125 0.034375
0 0.504687 0.407031 0.0375 0.0453125
0 0.652344 0.479688 0.0328125 0.04375
0 0.332031 0.199219 0.0328125 0.0359375
0 0.819531 0.417969 0.0390625 0.0609375
0 0.854688 0.445312 0.034375 0.046875
0 0.476562 0.770312 0.0375 0.05
0 0.246094 0.134375 0.0515625 0.059375
0 0.721875 0.44375 0.034375 0.053125
0 0.579687 0.290625 0.028125 0.040625
0 0.866406 0.277344 0.0390625 0.0484375
0 0.175 0.233594 0.034375 0.0390625
0 0.895312 0.310156 0.04375 0.0515625
0 0.910156 0.257031 0.0453125 0.0578125
0 0.796094 0.547656 0.0359375 0.0453125
0 0.374219 0.754687 0.0796875 0.065625
0 0.488281 0.0710938 0.0390625 0.0421875
0 0.680469 0.26875 0.0359375 0.05
0 0.572656 0.861719 0.0265625 0.0453125
0 0.310937 0.171094 0.03125 0.0421875
0 0.104687 0.409375 0.04375 0.05
0 0.367188 0.264844 0.05 0.0578125
0 0.678906 0.328125 0.0359375 0.053125
0 0.697656 0.385156 0.0359375 0.0421875
0 0.953906 0.10625 0.0859375 0.078125
0 0.736719 0.329688 0.0703125 0.0875
0 0.378125 0.691406 0.034375 0.0453125
0 0.752344 0.394531 0.0578125 0.0640625
0 0.610937 0.295312 0.03125 0.046875
0 0.916406 0.210938 0.0359375 0.05
0 0.103906 0.2625 0.0484375 0.0625
0 0.442969 0.248437 0.0390625 0.053125
0 0.502344 0.304688 0.0328125 0.040625
0 0.330469 0.0804688 0.0546875 0.0703125
0 0.20625 0.74375 0.065625 0.06875
