0 0.264062 0.323438 0.034375 0.03125
0 0.585156 0.417969 0.0296875 0.0421875
0 0.954687 0.846094 0.040625 0.0515625
0 0.305469 0.569531 0.0265625 0.0359375
0 0.751562 0.363281 0.034375 0.0546875
0 0.0304688 0.732813 0.0421875 0.065625
0 0.223438 0.714844 0.028125 0.0265625
0 0.348437 0.34375 0.03125 0.03125
0 0.464844 0.753906 0.0234375 0.0328125
0 0.803125 0.860937 0.034375 0.05625
0 0.663281 0.585156 0.0265625 0.0296875
0 0.739062 0.319531 0.028125 0.0328125
0 0.0585938 0.132812 0.0296875 0.03125
0 0.0148437 0.557813 0.0296875 0.0375
0 0.429688 0.65 0.025 0.0375
0 0.164844 0.810156 0.0265625 0.0328125
0 0.325781 0.675781 0.0296875 0.0390625
0 0.321094 0.717188 0.0265625 0.03125
0 0.375781 0.666406 0.0296875 0.0578125
0 0.266406 0.416406 0.0265625 0.0609375
0 0.949219 0.0851562 0.0328125 0.0359375
0 0.0679687 0.799219 0.0390625 0.0453125
0 0.948438 0.345313 0.06875 0.10625
0 0.425 0.807813 0.03125 0.040625
0 0.121094 0.540625 0.0234375 0.03125
0 0.504687 0.276563 0.025 0.0375
0 0.183594 0.722656 0.0328125 0.0359375
0 0.658594 0.191406 0.0296875 0.0359375
0 0.209375 0.646094 0.021875 0.0296875
0 0.0140625 0.649219 0.028125 0.0515625
0 0.748438 0.627344 0.04375 0.0609375
0 0.4625 0.379687 0.028125 0.034375
0 0.611719 0.510156 0.0296875 0.0359375
0 0.36875 0.730469 0.03125 0.0453125
0 0.303906 0.182812 0.0296875 0.03125
0 0.353125 0.14375 0.03125 0.04375
0 0.448438 0.690625 0.025 0.025
0 0.63125 0.232031 0.034375 0.0296875
0 0.985937 0.0195312 0.028125 0.0390625
0 0.275781 0.642187 0.0296875 0.034375
0 0.053125 0.690625 0.028125 0.03125
0 0.967188 0.607031 0.028125 0.0578125
0 0.0328125 0.288281 0.025 0.0390625
0 0.107031 0.220313 0.0296875 0.03125
0 0.209375 0.229687 0.03125 0.034375
0 0.11875 0.614844 0.03125 0.0328125
0 0.1625 0.0578125 0.034375 0.03125
0 0.177344 0.389062 0.0296875 0.034375
0 0.482031 0.2875 0.0296875 0.040625
0 0.135156 0.761719 0.0609375 0.0734375
0 0.610937 0.698438 0.025 0.05
0 0.482031 0.714844 0.0203125 0.0265625
0 0.282813 0.280469 0.0375 0.0359375
0 0.528125 0.35 0.0375 0.046875
0 0.605469 0.228125 0.0328125 0.0375
0 0.289062 0.696875 0.03125 0.05
0 0.284375 0.114063 0.0375 0.05
0 0.655469 0.146875 0.0359375 0.0375
0 0.925 0.14375 0.040625 0.040625
0 0.103906 0.835938 0.0265625 0.040625
0 0.764844 0.182812 0.0296875 0.03125
0 0.214062 0.0664062 0.025 0.0296875
0 0.352344 0.523438 0.0453125 0.05
0 0.207031 0.271094 0.0328125 0.0328125
0 0.536719 0.175 0.0265625 0.040625
0 0.451562 0.524219 0.03125 0.0421875
0 0.759375 0.566406 0.034375 0.0421875
0 0.146875 0.492969 0.028125 0.0453125
0 0.141406 0.103906 0.0328125 0.0328125
0 0.458594 0.720312 0.0234375 0.03125
0 0.701563 0.416406 0.03125 0.0578125
0 0.164844 0.84375 0.0296875 0.034375
0 0.675781 0.705469 0.0515625 0.0640625
0 0.483594 0.214844 0.0328125 0.0453125
0 0.334375 0.565625 0.028125 0.0375
0 0.195312 0.597656 0.025 0.0328125
0 0.263281 0.18125 0.0328125 0.053125
0 0.85625 0.58125 0.046875 0.046875
0 0.0625 0.278125 0.0375 0.05
0 0.0179687 0.519531 0.0359375 0.0359375
0 0.432813 0.732031 0.028125 0.0390625
0 0.329688 0.640625 0.028125 0.0375
0 0.169531 0.252344 0.0328125 0.0328125
0 0.152344 0.682031 0.0328125 0.0390625
0 0.0179687 0.476562 0.0359375 0.05
0 0.025 0.113281 0.0375 0.0390625
0 0.01875 0.398438 0.0375 0.078125
0 0.103906 0.153906 0.0421875 0.0453125
0 0.170312 0.598437 0.025 0.034375
0 0.628125 0.322656 0.03125 0.0421875
0 0.885938 0.853125 0.05 0.059375
0 0.403125 0.729688 0.025 0.040625
0 0.316406 0.592969 0.0328125 0.0421875
0 0.265625 0.60625 0.028125 0.03125
0 0.146094 0.609375 0.0265625 0.034375
0 0.464844 0.173438 0.0328125 0.0375
0 0.771094 0.734375 0.0453125 0.06875
0 0.182031 0.646094 0.0296875 0.0328125
0 0.66875 0.627344 0.03125 0.0484375
0 0.253125 0.141406 0.025 0.0359375
0 0.192188 0.478125 0.040625 0.046875
0 0.307813 0.438281 0.040625 0.0640625
0 0.776563 0.113281 0.046875 0.0453125
0 0.140625 0.147656 0.028125 0.0421875
0 0.0148437 0.160156 0.0296875 0.0484375
0 0.249219 0.358594 0.0421875 0.0390625
0 0.75625 0.239063 0.04375 0.046875
0 0.236719 0.403125 0.0296875 0.05
0 0.510156 0.561719 0.0265625 0.0390625
0 0.303125 0.529688 0.028125 0.05
0 0.744531 0.680469 0.0296875 0.0328125
0 0.319531 0.784375 0.0359375 0.040625
0 0.485156 0.5 0.0359375 0.046875
0 0.0140625 0.205469 0.028125 0.0328125
0 0.500781 0.391406 0.0390625 0.0453125
0 0.513281 0.242188 0.0359375 0.040625
0 0.366406 0.315625 0.0359375 0.0375
0 0.417188 0.107813 0.03125 0.0375
0 0.239844 0.607813 0.0328125 0.028125
0 0.620313 0.432031 0.0375 0.0640625
0 0.0554687 0.530469 0.0328125 0.0453125
0 0.751562 0.488281 0.04375 0.0546875
0 0.555469 0.139062 0.0359375 0.0375
0 0.0257812 0.340625 0.0453125 0.046875
0 0.792188 0.0476562 0.034375 0.0359375
0 0.385156 0.214062 0.0328125 0.05625
0 0.580469 0.383594 0.0265625 0.0328125
0 0.349219 0.203906 0.0359375 0.0453125
0 0.386719 0.589844 0.0328125 0.0390625
0 0.292188 0.754687 0.0375 0.0625
0 0.678906 0.558594 0.0296875 0.0390625
0 0.307813 0.214062 0.0375 0.0375
0 0.196094 0.335938 0.0453125 0.046875
0 0.253906 0.7375 0.0328125 0.04375
0 0.0375 0.596094 0.040625 0.0515625
0 0.36875 0.103906 0.03125 0.0359375
0 0.665625 0.319531 0.034375 0.0453125
0 0.434375 0.60625 0.0375 0.0375
0 0.552344 0.225781 0.0421875 0.0546875
0 0.515625 0.204688 0.028125 0.0375
0 0.791406 0.270312 0.0359375 0.040625
0 0.667188 0.474219 0.05 0.0640625
0 0.60625 0.378125 0.03125 0.034375
0 0.0507812 0.657031 0.0421875 0.0546875
0 0.117188 0.253906 0.040625 0.0453125
0 0.3625 0.61875 0.034375 0.034375
0 0.605469 0.144531 0.0296875 0.0390625
0 0.107031 0.566406 0.0296875 0.0359375
0 0.180469 0.176563 0.0359375 0.046875
0 0.176563 0.566406 0.03125 0.0390625
0 0.721094 0.11875 0.0578125 0.053125
0 0.378125 0.366406 0.034375 0.0390625
0 0.414062 0.510156 0.034375 0.0453125
0 0.0671875 0.442969 0.053125 0.0765625
0 0.229687 0.307813 0.034375 0.040625
0 0.575781 0.638281 0.0359375 0.0890625
0 0.688281 0.771094 0.0390625 0.0546875
0 0.521875 0.690625 0.034375 0.046875
0 0.264062 0.25 0.046875 0.078125
0 0.803906 0.767969 0.0390625 0.0453125
0 0.49375 0.752344 0.04375 0.0453125
0 0.58125 0.10625 0.040625 0.04375
0 0.160938 0.421875 0.040625 0.05
0 0.209375 0.535937 0.0375 0.05625
0 0.769531 0.435156 0.0484375 0.0546875
0 0.146094 0.646875 0.0328125 0.03125
0 0.469531 0.660937 0.0390625 0.053125
0 0.0898438 0.682031 0.0390625 0.0453125
0 0.644531 0.529688 0.0421875 0.05625
0 0.580469 0.544531 0.0359375 0.0609375
0 0.589844 0.328125 0.0359375 0.053125
0 0.727344 0.384375 0.0359375 0.046875
0 0.339063 0.390625 0.09375 0.078125
0 0.385938 0.477344 0.028125 0.0453125
0 0.324219 0.265625 0.0546875 0.059375
0 0.646094 0.0984375 0.0390625 0.046875
0 0.707812 0.654688 0.040625 0.05
0 0.8625 0.2625 0.115625 0.203125
0 0.613281 0.614062 0.0390625 0.090625
0 0.480469 0.425781 0.0390625 0.0484375
0 0.94375 0.528906 0.05625 0.0734375
0 0.410156 0.559375 0.0296875 0.034375
0 0.453125 0.242969 0.0375 0.0421875
0 0.234375 0.641406 0.028125 0.0328125
0 0.315625 0.321094 0.034375 0.0421875
0 0.0898438 0.521875 0.0390625 0.053125
0 0.903125 0.442969 0.046875 0.0640625
0 0.264062 0.55625 0.040625 0.065625
0 0.717188 0.235938 0.028125 0.04375
0 0.105469 0.371094 0.0546875 0.0515625
0 0.132031 0.311719 0.0484375 0.0484375
0 0.0773437 0.180469 0.0484375 0.0609375
0 0.9625 0.196094 0.04375 0.0578125
0 0.921875 0.283594 0.034375 0.0421875
0 0.546094 0.078125 0.0484375 0.04375
0 0.400781 0.157031 0.0359375 0.0515625
0 0.544531 0.442969 0.0390625 0.0484375
0 0.0765625 0.334375 0.04375 0.05
0 0.225781 0.178125 0.0359375 0.046875
0 0.0523437 0.372656 0.0359375 0.0484375
0 0.215625 0.365625 0.028125 0.034375
0 0.85625 0.120312 0.0375 0.04375
0 0.230469 0.680469 0.0328125 0.0390625
0 0.135156 0.192188 0.0390625 0.05
0 0.716406 0.304688 0.0359375 0.046875
0 0.613281 0.065625 0.0328125 0.034375
0 0.705469 0.346094 0.0359375 0.0390625
0 0.789062 0.397656 0.0375 0.0421875
0 0.899219 0.110156 0.0359375 0.0578125
0 0.778125 0.335938 0.034375 0.04375
0 0.166406 0.217187 0.0390625 0.0375
0 0.352344 0.471875 0.0328125 0.040625
0 0.421875 0.207813 0.03125 0.046875
0 0.152344 0.54375 0.0296875 0.040625
0 0.084375 0.632031 0.03125 0.0421875
0 0.207813 0.120312 0.040625 0.071875
0 0.685938 0.278906 0.034375 0.0515625
0 0.639063 0.278125 0.04375 0.053125
0 0.6625 0.396875 0.0375 0.059375
0 0.421094 0.460938 0.0296875 0.046875
0 0.525781 0.532031 0.0484375 0.0671875
0 0.517969 0.628906 0.0578125 0.0828125
0 0.426562 0.310937 0.071875 0.078125
0 0.383594 0.271875 0.0453125 0.05
0 0.538281 0.483594 0.0390625 0.0453125
