0 0.142969 0.427344 0.0296875 0.0390625
0 0.438281 0.171094 0.0265625 0.0328125
0 0.76875 0.740625 0.034375 0.046875
0 0.873438 0.664844 0.034375 0.0453125
0 0.588281 0.653125 0.0265625 0.046875
0 0.325781 0.415625 0.0328125 0.05
0 0.680469 0.515625 0.0328125 0.03125
0 0.991406 0.084375 0.0171875 0.0375
0 0.0265625 0.299219 0.03125 0.0359375
0 0.378125 0.296094 0.034375 0.0390625
0 0.935938 0.275781 0.028125 0.0734375
0 0.084375 0.564062 0.03125 0.05
0 0.417969 0.728906 0.0296875 0.0515625
0 0.882812 0.35625 0.028125 0.0375
0 0.0523437 0.380469 0.0265625 0.0453125
0 0.0398437 0.240625 0.0390625 0.05
0 0.266406 0.111719 0.0203125 0.0359375
0 0.225 0.121094 0.0375 0.0546875
0 0.476562 0.250781 0.05 0.0390625
0 0.975 0.592969 0.04375 0.0546875
0 0.810156 0.586719 0.0328125 0.0453125
0 0.451562 0.699219 0.03125 0.0484375
0 0.6 0.480469 0.03125 0.0359375
0 0.15625 0.403906 0.034375 0.0421875
0 0.158594 0.657812 0.0296875 0.04375
0 0.65625 0.542969 0.028125 0.0390625
0 0.632812 0.439063 0.03125 0.04375
0 0.733594 0.167969 0.0234375 0.0390625
0 0.0476562 0.457812 0.0328125 0.053125
0 0.371094 0.345313 0.0296875 0.03125
0 0.328906 0.121875 0.0390625 0.05
0 0.171875 0.261719 0.028125 0.0390625
0 0.921094 0.8125 0.0359375 0.05625
0 0.264844 0.15625 0.0453125 0.053125
0 0.376563 0.255469 0.053125 0.0421875
0 0.539062 0.135937 0.034375 0.0625
0 0.460938 0.207813 0.0375 0.046875
0 0.653906 0.200781 0.0296875 0.0359375
0 0.484375 0.360156 0.028125 0.0390625
0 0.090625 0.4625 0.034375 0.053125
0 0.592969 0.125781 0.0359375 0.0890625
0 0.433594 0.478125 0.0296875 0.04375
0 0.346094 0.335938 0.0265625 0.028125
0 0.410937 0.653125 0.034375 0.065625
0 0.713281 0.632812 0.0421875 0.071875
0 0.428906 0.364062 0.0265625 0.03125
0 0.550781 0.857031 0.0546875 0.0703125
0 0.429688 0.526563 0.040625 0.04375
0 0.132812 0.385156 0.028125 0.0328125
0 0.385938 0.594531 0.028125 0.0328125
0 0.15625 0.704687 0.028125 0.04375
0 0.11875 0.13125 0.04375 0.053125
0 0.26875 0.245312 0.059375 0.05625
0 0.392969 0.54375 0.0359375 0.040625
0 0.0679687 0.128906 0.0296875 0.0328125
0 0.646094 0.10625 0.0328125 0.046875
0 0.196875 0.234375 0.034375 0.04375
0 0.670313 0.315625 0.034375 0.05
0 0.101562 0.294531 0.040625 0.0421875
0 0.107031 0.614062 0.0390625 0.053125
0 0.898438 0.0203125 0.034375 0.040625
0 0.26875 0.732031 0.034375 0.0421875
0 0.622656 0.186719 0.0359375 0.0359375
0 0.410937 0.579687 0.028125 0.034375
0 0.111719 0.554688 0.0328125 0.046875
0 0.4 0.189063 0.03125 0.034375
0 0.560156 0.428906 0.0265625 0.0359375
0 0.798437 0.475 0.028125 0.040625
0 0.484375 0.622656 0.034375 0.0359375
0 0.907031 0.175 0.0296875 0.046875
0 0.635156 0.146094 0.0359375 0.0421875
0 0.215625 0.590625 0.034375 0.05
0 0.311719 0.717188 0.0296875 0.040625
0 0.225 0.467969 0.034375 0.0421875
0 0.247656 0.686719 0.0421875 0.0734375
0 0.429688 0.804688 0.040625 0.040625
0 0.366406 0.149219 0.0328125 0.0390625
0 0.879687 0.764844 0.03125 0.0546875
0 0.139062 0.34375 0.034375 0.04375
0 0.353125 0.657812 0.040625 0.0625
0 0.91875 0.0796875 0.0375 0.0375
0 0.144531 0.291406 0.0328125 0.0328125
0 0.208594 0.821094 0.0359375 0.0546875
0 0.582812 0.535156 0.021875 0.0328125
0 0.433594 0.628125 0.0296875 0.04375
0 0.207031 0.685938 0.0328125 0.0625
0 0.864062 0.382812 0.03125 0.05
0 0.251563 0.540625 0.0375 0.040625
0 0.203125 0.379687 0.025 0.03125
0 0.284375 0.613281 0.03125 0.0359375
0 0.280469 0.353906 0.0296875 0.0359375
0 0.896875 0.39375 0.03125 0.040625
0 0.560156 0.285156 0.0828125 0.114063
0 0.782031 0.820312 0.0328125 0.05
0 0.685938 0.103125 0.034375 0.04375
0 0.140625 0.570312 0.040625 0.053125
0 0.635938 0.484375 0.046875 0.04375
0 0.309375 0.361719 0.03125 0.0546875
0 0.314063 0.601562 0.03125 0.046875
0 0.276563 0.303125 0.034375 0.040625
0 0.640625 0.278906 0.040625 0.0609375
0 0.266406 0.386719 0.0390625 0.0421875
0 0.354688 0.466406 0.025 0.0359375
0 0.467969 0.327344 0.0328125 0.0359375
0 0.890625 0.236719 0.028125 0.0515625
0 0.059375 0.6 0.034375 0.059375
0 0.0789063 0.639063 0.0328125 0.05
0 0.983594 0.447656 0.0328125 0.0421875
0 0.439063 0.419531 0.028125 0.0453125
0 0.803906 0.730469 0.0328125 0.0421875
0 0.327344 0.502344 0.0359375 0.0546875
0 0.515625 0.628906 0.03125 0.0453125
0 0.0265625 0.582031 0.04375 0.0578125
0 0.0148437 0.507812 0.0296875 0.05625
0 0.628906 0.38125 0.0359375 0.04375
0 0.0554687 0.075 0.0984375 0.065625
0 0.621875 0.683594 0.034375 0.0578125
0 0.414062 0.39375 0.03125 0.040625
0 0.304688 0.192188 0.03125 0.0375
0 0.445312 0.0960938 0.028125 0.0390625
0 0.896094 0.466406 0.0359375 0.0640625
0 0.495313 0.283594 0.034375 0.0390625
0 0.9625 0.075 0.034375 0.05
0 0.0257812 0.167187 0.0515625 0.059375
0 0.515625 0.367969 0.03125 0.0359375
0 0.865625 0.558594 0.0625 0.101562
0 0.753906 0.371094 0.0359375 0.0703125
0 0.170312 0.758594 0.034375 0.0609375
0 0.800781 0.410156 0.0546875 0.0640625
0 0.175 0.078125 0.04375 0.05625
0 0.06875 0.267188 0.0375 0.053125
0 0.582812 0.809375 0.0375 0.05
0 0.190625 0.135156 0.0375 0.0390625
0 0.544531 0.483594 0.0296875 0.0390625
0 0.871875 0.715625 0.0375 0.05
0 0.16875 0.315625 0.03125 0.04375
0 0.594531 0.400781 0.0421875 0.0609375
0 0.2875 0.505469 0.03125 0.0359375
0 0.172656 0.360156 0.0328125 0.0390625
0 0.440625 0.295312 0.034375 0.046875
0 0.778906 0.307031 0.0453125 0.0484375
0 0.229687 0.380469 0.028125 0.0421875
0 0.489062 0.685938 0.0375 0.053125
0 0.760156 0.134375 0.0296875 0.0375
0 0.467969 0.754687 0.0421875 0.05
0 0.280469 0.432031 0.0296875 0.0390625
0 0.73125 0.517969 0.034375 0.0765625
0 0.940625 0.435937 0.0375 0.05
0 0.878125 0.291406 0.04375 0.0515625
0 0.104687 0.683594 0.04375 0.0609375
0 0.819531 0.203125 0.0484375 0.078125
0 0.0882813 0.377344 0.0359375 0.0671875
0 0.475781 0.41875 0.0390625 0.053125
0 0.922656 0.664844 0.0578125 0.0640625
0 0.184375 0.539062 0.0375 0.04375
0 0.488281 0.127344 0.0484375 0.0703125
0 0.0304688 0.746094 0.0359375 0.0859375
0 0.771875 0.222656 0.040625 0.0578125
0 0.742188 0.260938 0.028125 0.04375
0 0.365625 0.429688 0.03125 0.040625
0 0.932031 0.525 0.0484375 0.065625
0 0.222656 0.770312 0.0390625 0.05625
0 0.4 0.154687 0.03125 0.034375
0 0.352344 0.574219 0.0390625 0.0640625
0 0.847656 0.749219 0.0359375 0.0578125
0 0.764063 0.482031 0.034375 0.0515625
0 0.694531 0.570312 0.0453125 0.059375
0 0.852344 0.629687 0.0328125 0.04375
0 0.132812 0.217187 0.08125 0.09375
0 0.329688 0.0695312 0.034375 0.0421875
0 0.863281 0.0921875 0.0359375 0.040625
0 0.748438 0.444531 0.03125 0.0421875
0 0.225781 0.309375 0.0828125 0.09375
0 0.792188 0.0429688 0.065625 0.0671875
0 0.842188 0.46875 0.040625 0.05625
0 0.384375 0.0914062 0.05 0.0703125
0 0.607031 0.757812 0.0359375 0.0625
0 0.321094 0.309375 0.0296875 0.040625
0 0.80625 0.53125 0.046875 0.053125
0 0.730469 0.0828125 0.0515625 0.06875
0 0.808594 0.116406 0.0703125 0.0859375
