0 0.0296875 0.472656 0.025 0.0421875
0 0.788281 0.114844 0.0296875 0.0328125
0 0.132812 0.421094 0.03125 0.0359375
0 0.009375 0.360156 0.01875 0.0453125
0 0.009375 0.10625 0.01875 0.0375
0 0.865625 0.777344 0.034375 0.0453125
0 0.115625 0.440625 0.0375 0.05
0 0.985156 0.263281 0.0265625 0.0390625
0 0.351562 0.688281 0.034375 0.0484375
0 0.2125 0.671094 0.03125 0.0390625
0 0.392969 0.232031 0.0453125 0.0484375
0 0.138281 0.683594 0.0359375 0.0484375
0 0.45 0.224219 0.046875 0.0546875
0 0.405469 0.735937 0.0265625 0.053125
0 0.505469 0.271094 0.0296875 0.0390625
0 0.535156 0.575 0.0265625 0.05625
0 0.122656 0.373437 0.0328125 0.04375
0 0.11875 0.08125 0.04375 0.0375
0 0.407813 0.0625 0.028125 0.0375
0 0.421094 0.103906 0.0265625 0.0328125
0 0.483594 0.382812 0.0296875 0.046875
0 0.726562 0.396094 0.0375 0.0359375
0 0.0460938 0.7125 0.0328125 0.040625
0 0.553125 0.173438 0.06875 0.065625
0 0.0789063 0.657812 0.0296875 0.040625
0 0.460938 0.455469 0.034375 0.0453125
0 0.974219 0.0484375 0.0421875 0.04375
0 0.973437 0.114844 0.034375 0.0453125
0 0.989062 0.357812 0.021875 0.046875
0 0.83125 0.171094 0.025 0.0328125
0 0.0835937 0.266406 0.0578125 0.0828125
0 0.04375 0.0796875 0.03125 0.0375
0 0.602344 0.534375 0.0328125 0.0625
0 0.902344 0.451562 0.0296875 0.0375
0 0.644531 0.489844 0.0296875 0.0390625
0 0.961719 0.174219 0.0640625 0.0609375
0 0.717188 0.759375 0.03125 0.05625
0 0.228906 0.601562 0.0265625 0.0375
0 0.425781 0.496875 0.0328125 0.04375
0 0.278125 0.155469 0.025 0.0328125
0 0.978906 0.313281 0.0421875 0.0453125
0 0.267969 0.678906 0.0296875 0.0421875
0 0.452344 0.646875 0.0390625 0.06875
0 0.695312 0.496875 0.03125 0.053125
0 0.571875 0.34375 0.028125 0.0375
0 0.392969 0.56875 0.0359375 0.053125
0 0.597656 0.325 0.0359375 0.05
0 0.275 0.33125 0.065625 0.08125
0 0.439063 0.710938 0.03125 0.046875
0 0.344531 0.878906 0.0359375 0.0578125
0 0.928906 0.483594 0.0453125 0.0421875
0 0.548437 0.642187 0.0375 0.053125
0 0.872656 0.178906 0.0328125 0.0546875
0 0.296094 0.0601562 0.0265625 0.0390625
0 0.684375 0.420312 0.040625 0.05625
0 0.880469 0.629687 0.0359375 0.05
0 0.969531 0.509375 0.0390625 0.040625
0 0.496875 0.10625 0.0375 0.059375
0 0.544531 0.310156 0.0390625 0.0546875
0 0.335156 0.4 0.0296875 0.05
0 0.659375 0.610937 0.0375 0.06875
0 0.224219 0.371094 0.0421875 0.0546875
0 0.0960938 0.124219 0.0421875 0.0578125
0 0.803125 0.386719 0.0375 0.0421875
0 0.51875 0.790625 0.05 0.065625
0 0.533594 0.683594 0.0359375 0.0515625
0 0.129688 0.145313 0.034375 0.04375
0 0.789844 0.0742188 0.0421875 0.0546875
0 0.225781 0.559375 0.0328125 0.040625
0 0.495313 0.433594 0.053125 0.0515625
0 0.324219 0.353906 0.0328125 0.0484375
0 0.0171875 0.642969 0.034375 0.0546875
0 0.76875 0.400781 0.034375 0.0390625
0 0.317187 0.623438 0.0375 0.059375
0 0.774219 0.235938 0.0296875 0.034375
0 0.0554687 0.405469 0.0515625 0.0609375
0 0.569531 0.732031 0.0265625 0.0453125
0 0.353125 0.0882813 0.03125 0.0359375
0 0.169531 0.596875 0.0390625 0.05625
0 0.341406 0.544531 0.0328125 0.0484375
0 0.164062 0.23125 0.046875 0.04375
0 0.199219 0.497656 0.0359375 0.0578125
0 0.783594 0.202344 0.0359375 0.0390625
0 0.748438 0.607813 0.03125 0.05
0 0.178125 0.717969 0.046875 0.0421875
0 0.910156 0.214062 0.0390625 0.053125
0 0.159375 0.433594 0.028125 0.0390625
0 0.261719 0.71875 0.0359375 0.05
0 0.160156 0.642969 0.0265625 0.0421875
0 0.320312 0.0882813 0.03125 0.0484375
0 0.791406 0.689062 0.0578125 0.103125
0 0.229687 0.6375 0.028125 0.04375
0 0.0453125 0.665625 0.034375 0.040625
0 0.595312 0.132031 0.03125 0.0421875
0 0.5625 0.107813 0.040625 0.053125
0 0.939062 0.5375 0.034375 0.05
0 0.671875 0.328906 0.04375 0.0515625
0 0.50625 0.559375 0.03125 0.05
0 0.253125 0.79375 0.05 0.090625
0 0.685156 0.826563 0.0359375 0.04375
0 0.614844 0.415625 0.0328125 0.034375
0 0.941406 0.658594 0.0421875 0.0515625
0 0.370313 0.188281 0.078125 0.0703125
0 0.465625 0.132812 0.025 0.04375
0 0.94375 0.76875 0.05 0.065625
0 0.733594 0.221094 0.0390625 0.0421875
0 0.1875 0.410937 0.0375 0.05
0 0.096875 0.334375 0.034375 0.040625
0 0.695312 0.0664062 0.0375 0.0359375
0 0.664062 0.103906 0.040625 0.0484375
0 0.239844 0.251563 0.0484375 0.075
0 0.953906 0.378125 0.0453125 0.053125
0 0.610937 0.232812 0.034375 0.034375
0 0.444531 0.567187 0.0390625 0.053125
0 0.165625 0.767969 0.034375 0.0515625
0 0.773438 0.355469 0.03125 0.0390625
0 0.729688 0.558594 0.03125 0.0453125
0 0.482031 0.603906 0.0390625 0.0578125
0 0.282813 0.4125 0.05625 0.0625
0 0.720312 0.110937 0.0375 0.0375
0 0.30625 0.146875 0.034375 0.04375
0 0.215625 0.441406 0.0375 0.0421875
0 0.283594 0.116406 0.0296875 0.0390625
0 0.784375 0.577344 0.040625 0.0859375
0 0.673437 0.197656 0.0375 0.0484375
0 0.321875 0.270312 0.059375 0.078125
0 0.666406 0.74375 0.0421875 0.06875
0 0.210156 0.746094 0.0421875 0.0640625
0 0.907031 0.078125 0.0359375 0.040625
0 0.169531 0.35625 0.0484375 0.059375
0 0.535937 0.474219 0.025 0.0359375
0 0.615625 0.0898438 0.040625 0.0484375
0 0.60625 0.467187 0.04375 0.05625
0 0.178906 0.116406 0.0484375 0.0578125
0 0.09375 0.501562 0.0375 0.05
0 0.435937 0.176563 0.028125 0.04375
0 0.190625 0.629687 0.034375 0.046875
0 0.8125 0.248437 0.03125 0.05625
0 0.309375 0.200781 0.040625 0.0515625
0 0.753125 0.157813 0.0375 0.05
0 0.215625 0.172656 0.0375 0.0453125
0 0.0867188 0.570312 0.0484375 0.059375
0 0.0265625 0.1625 0.053125 0.075
0 0.696094 0.55 0.0359375 0.05625
0 0.513281 0.507812 0.0359375 0.05625
0 0.119531 0.542969 0.0390625 0.0484375
0 0.658594 0.378125 0.0296875 0.040625
0 0.5875 0.382031 0.040625 0.0453125
0 0.400781 0.628906 0.0390625 0.0484375
0 0.277344 0.634375 0.0390625 0.046875
0 0.657812 0.153906 0.0375 0.0484375
0 0.0421875 0.540625 0.05625 0.059375
0 0.1375 0.489844 0.034375 0.0421875
0 0.176563 0.292969 0.059375 0.0546875
0 0.752344 0.470313 0.0296875 0.040625
0 0.790625 0.496094 0.0375 0.0484375
0 0.702344 0.607031 0.0359375 0.0484375
0 0.899219 0.529688 0.0390625 0.05625
0 0.0742188 0.45625 0.0359375 0.053125
0 0.557813 0.421875 0.0375 0.05625
0 0.317969 0.732813 0.0390625 0.053125
0 0.160156 0.554688 0.0328125 0.046875
0 0.0421875 0.332031 0.05 0.0578125
0 0.583594 0.26875 0.0453125 0.05625
0 0.855469 0.0796875 0.0421875 0.046875
0 0.385156 0.126563 0.0359375 0.05
0 0.348437 0.46875 0.0375 0.059375
0 0.816406 0.523438 0.0390625 0.040625
0 0.126563 0.610937 0.053125 0.053125
0 0.899219 0.713281 0.0546875 0.0578125
0 0.542188 0.366406 0.034375 0.0421875
0 0.645312 0.228906 0.034375 0.0484375
0 0.353906 0.628906 0.0421875 0.0578125
0 0.434375 0.135156 0.03125 0.0390625
0 0.342187 0.126563 0.03125 0.05
0 0.805469 0.321875 0.0828125 0.071875
0 0.114844 0.196094 0.0515625 0.0609375
0 0.233594 0.691406 0.0390625 0.0578125
0 0.260938 0.578906 0.0375 0.0578125
0 0.828906 0.126563 0.0359375 0.04375
0 0.645312 0.446094 0.034375 0.0484375
0 0.175781 0.18125 0.0359375 0.05
0 0.635938 0.680469 0.05625 0.0703125
0 0.864062 0.679688 0.04375 0.053125
0 0.707812 0.361719 0.04375 0.0515625
0 0.630469 0.828125 0.0359375 0.071875
0 0.244531 0.130469 0.0421875 0.0484375
0 0.414062 0.3125 0.140625 0.1
0 0.0328125 0.272656 0.046875 0.0546875
0 0.708594 0.160156 0.0390625 0.0484375
0 0.0578125 0.607813 0.046875 0.05625
0 0.615625 0.182812 0.034375 0.046875
0 0.433594 0.388281 0.0640625 0.0609375
0 0.883594 0.122656 0.0578125 0.0515625
0 0.285156 0.5 0.0859375 0.0875
0 0.219531 0.325781 0.0359375 0.0421875
0 0.807813 0.442187 0.05625 0.05625
0 0.532812 0.235938 0.084375 0.075
0 0.728125 0.3125 0.0625 0.05625
0 0.692969 0.251563 0.0484375 0.05625
0 0.869531 0.267969 0.0453125 0.0640625
0 0.957812 0.44375 0.084375 0.071875
