0 0.257812 0.140625 0.025 0.034375
0 0.953125 0.5625 0.034375 0.040625
0 0.603125 0.798437 0.028125 0.040625
0 0.258594 0.317969 0.0265625 0.0328125
0 0.478125 0.0429688 0.040625 0.0578125
0 0.8625 0.675781 0.028125 0.0453125
0 0.707812 0.401563 0.03125 0.046875
0 0.0101562 0.649219 0.0203125 0.0578125
0 0.253906 0.575 0.0328125 0.03125
0 0.382031 0.226562 0.0296875 0.040625
0 0.283594 0.245312 0.0296875 0.034375
0 0.375781 0.682031 0.0328125 0.0484375
0 0.56875 0.171875 0.034375 0.04375
0 0.552344 0.779688 0.0234375 0.0375
0 0.3875 0.530469 0.025 0.0421875
0 0.071875 0.421094 0.034375 0.0671875
0 0.89375 0.494531 0.0375 0.0671875
0 0.00859375 0.253125 0.0171875 0.034375
0 0.501562 0.472656 0.028125 0.0359375
0 0.201562 0.419531 0.028125 0.0421875
0 0.144531 0.378906 0.0328125 0.0390625
0 0.0726563 0.515625 0.0296875 0.0375
0 0.808594 0.357812 0.0296875 0.046875
0 0.104687 0.453906 0.03125 0.0515625
0 0.421875 0.521094 0.0375 0.0453125
0 0.565625 0.829687 0.028125 0.046875
0 0.151562 0.509375 0.03125 0.046875
0 0.789844 0.685156 0.0265625 0.0359375
0 0.970312 0.120312 0.05 0.0625
0 0.742969 0.021875 0.0359375 0.034375
0 0.1625 0.0640625 0.0375 0.059375
0 0.389844 0.188281 0.0296875 0.0328125
0 0.722656 0.696875 0.0296875 0.04375
0 0.378125 0.611719 0.025 0.0328125
0 0.138281 0.200781 0.0265625 0.0328125
0 0.670313 0.479688 0.028125 0.040625
0 0.311719 0.258594 0.0296875 0.0359375
0 0.733594 0.375 0.0234375 0.0375
0 0.466406 0.342187 0.0328125 0.065625
0 0.334375 0.45 0.028125 0.034375
0 0.975781 0.253906 0.0328125 0.0421875
0 0.676562 0.378125 0.040625 0.0625
0 0.860937 0.383594 0.028125 0.0359375
0 0.11875 0.655469 0.03125 0.0421875
0 0.490625 0.21875 0.028125 0.03125
0 0.460156 0.153125 0.0234375 0.034375
0 0.419531 0.298438 0.0296875 0.03125
0 0.422656 0.484375 0.0296875 0.04375
0 0.409375 0.228125 0.025 0.03125
0 0.828906 0.1 0.0390625 0.0375
0 0.755469 0.217969 0.0328125 0.0640625
0 0.153125 0.685938 0.04375 0.040625
0 0.0460938 0.467969 0.0328125 0.0421875
0 0.364062 0.173438 0.028125 0.046875
0 0.260938 0.2375 0.03125 0.040625
0 0.484375 0.683594 0.028125 0.0359375
0 0.508594 0.0804688 0.0234375 0.0296875
0 0.0515625 0.30625 0.0375 0.028125
0 0.279687 0.191406 0.03125 0.0296875
0 0.588281 0.55 0.0296875 0.040625
0 0.742188 0.415625 0.03125 0.040625
0 0.786719 0.296094 0.0296875 0.0421875
0 0.883594 0.571875 0.0328125 0.040625
0 0.565625 0.328125 0.03125 0.040625
0 0.413281 0.614062 0.0296875 0.0375
0 0.904688 0.233594 0.034375 0.0421875
0 0.428125 0.339063 0.04375 0.053125
0 0.660156 0.684375 0.0296875 0.040625
0 0.403125 0.653906 0.028125 0.0390625
0 0.548437 0.402344 0.03125 0.0421875
0 0.708594 0.353125 0.0265625 0.0375
0 0.838281 0.739844 0.0484375 0.0796875
0 0.822656 0.627344 0.0328125 0.0546875
0 0.703125 0.133594 0.03125 0.0296875
0 0.128125 0.766406 0.04375 0.0765625
0 0.36875 0.754687 0.028125 0.04375
0 0.808594 0.25625 0.0265625 0.040625
0 0.919531 0.566406 0.0234375 0.0453125
0 0.586719 0.135937 0.0234375 0.040625
0 0.813281 0.0632813 0.0328125 0.0390625
0 0.114063 0.348437 0.028125 0.0625
0 0.075 0.078125 0.03125 0.03125
0 0.232812 0.678906 0.03125 0.0359375
0 0.332812 0.789844 0.0375 0.0546875
0 0.0335938 0.247656 0.0296875 0.0359375
0 0.0125 0.507812 0.025 0.04375
0 0.865625 0.0203125 0.04375 0.0375
0 0.101562 0.217969 0.040625 0.0515625
0 0.04375 0.689062 0.04375 0.05625
0 0.761719 0.136719 0.0328125 0.0421875
0 0.498437 0.180469 0.034375 0.0484375
0 0.403906 0.44375 0.0390625 0.040625
0 0.140625 0.242188 0.034375 0.0375
0 0.7125 0.314063 0.03125 0.0375
0 0.435156 0.269531 0.0328125 0.0484375
0 0.550781 0.130469 0.0359375 0.0328125
0 0.373437 0.378125 0.040625 0.05625
0 0.264062 0.433594 0.0375 0.0390625
0 0.18125 0.664062 0.03125 0.034375
0 0.844531 0.216406 0.0328125 0.0609375
0 0.576563 0.209375 0.03125 0.0375
0 0.199219 0.382031 0.0328125 0.0265625
0 0.295312 0.326562 0.028125 0.040625
0 0.140625 0.553125 0.034375 0.040625
0 0.457812 0.432813 0.028125 0.04375
0 0.442969 0.115625 0.0328125 0.03125
0 0.496875 0.609375 0.028125 0.040625
0 0.523438 0.621094 0.034375 0.0359375
0 0.0179687 0.146094 0.0359375 0.0890625
0 0.842969 0.342969 0.0296875 0.0421875
0 0.692187 0.690625 0.03125 0.04375
0 0.582031 0.377344 0.0265625 0.0390625
0 0.0195312 0.589063 0.0390625 0.05625
0 0.417188 0.195312 0.025 0.034375
0 0.608594 0.210156 0.0296875 0.0578125
0 0.890625 0.657031 0.03125 0.0421875
0 0.835156 0.402344 0.0359375 0.0515625
0 0.728125 0.455469 0.034375 0.0421875
0 0.271094 0.632812 0.0296875 0.034375
0 0.75 0.678125 0.04375 0.053125
0 0.864062 0.316406 0.04375 0.0609375
0 0.490625 0.373437 0.034375 0.05
0 0.966406 0.304688 0.0328125 0.040625
0 0.303906 0.620313 0.0390625 0.05
0 0.597656 0.496875 0.0421875 0.046875
0 0.442969 0.779688 0.0328125 0.046875
0 0.242969 0.605469 0.0421875 0.0359375
0 0.236719 0.44375 0.0328125 0.04375
0 0.1875 0.585156 0.034375 0.0359375
0 0.68125 0.553906 0.03125 0.0421875
0 0.328906 0.290625 0.0296875 0.0375
0 0.484375 0.740625 0.03125 0.046875
0 0.346094 0.234375 0.0359375 0.05
0 0.763281 0.741406 0.0296875 0.0546875
0 0.45 0.716406 0.05 0.0609375
0 0.3125 0.575781 0.0375 0.0484375
0 0.178906 0.14375 0.0453125 0.05625
0 0.852344 0.0695312 0.0359375 0.0328125
0 0.270312 0.672656 0.046875 0.0484375
0 0.8 0.21875 0.034375 0.0375
0 0.389062 0.583594 0.034375 0.0328125
0 0.521094 0.432031 0.0296875 0.0484375
0 0.522656 0.286719 0.0390625 0.0640625
0 0.773438 0.61875 0.034375 0.053125
0 0.925 0.292969 0.0375 0.0515625
0 0.180469 0.309375 0.0359375 0.05
0 0.773438 0.0585938 0.034375 0.0421875
0 0.584375 0.0992187 0.034375 0.0421875
0 0.2125 0.271094 0.034375 0.0359375
0 0.711719 0.51875 0.0390625 0.046875
0 0.015625 0.06875 0.03125 0.046875
0 0.582812 0.682031 0.04375 0.0640625
0 0.314844 0.210156 0.0328125 0.0421875
0 0.0578125 0.60625 0.034375 0.040625
0 0.685156 0.450781 0.0328125 0.0484375
0 0.248437 0.716406 0.0375 0.0453125
0 0.232031 0.213281 0.0359375 0.0390625
0 0.0414063 0.646094 0.0328125 0.0390625
0 0.508594 0.513281 0.0265625 0.0390625
0 0.0789063 0.635156 0.0390625 0.0359375
0 0.888281 0.071875 0.0296875 0.0375
0 0.153125 0.650781 0.034375 0.0390625
0 0.472656 0.517969 0.0328125 0.0484375
0 0.620313 0.686719 0.03125 0.0453125
0 0.119531 0.410156 0.0296875 0.0390625
0 0.18125 0.208594 0.040625 0.0515625
0 0.248437 0.090625 0.0375 0.053125
0 0.367969 0.288281 0.0421875 0.0484375
0 0.635156 0.176563 0.0296875 0.04375
0 0.471094 0.196094 0.0265625 0.0296875
0 0.395312 0.707812 0.034375 0.053125
0 0.508594 0.654688 0.0359375 0.046875
0 0.213281 0.486719 0.0359375 0.0640625
0 0.628906 0.0765625 0.0453125 0.046875
0 0.859375 0.611719 0.028125 0.0484375
0 0.348437 0.121094 0.0625 0.0609375
0 0.730469 0.59375 0.0453125 0.0875
0 0.464063 0.609375 0.0375 0.04375
0 0.689844 0.0851562 0.0515625 0.0484375
0 0.764844 0.395312 0.0359375 0.0625
0 0.0257812 0.394531 0.0421875 0.0453125
0 0.585938 0.257812 0.034375 0.05
0 0.321094 0.49375 0.0421875 0.053125
0 0.102344 0.503125 0.0359375 0.0375
0 0.23125 0.361719 0.04375 0.0578125
0 0.478906 0.56875 0.0359375 0.05
0 0.08125 0.360938 0.04375 0.053125
0 0.282031 0.283594 0.0328125 0.0515625
0 0.526563 0.566406 0.034375 0.0640625
0 0.404687 0.758594 0.0375 0.0421875
0 0.903125 0.135156 0.05 0.0765625
0 0.210938 0.629687 0.046875 0.046875
0 0.623438 0.64375 0.03125 0.0375
0 0.0453125 0.0796875 0.028125 0.040625
0 0.359375 0.483594 0.03125 0.0390625
0 0.108594 0.065625 0.0296875 0.0375
0 0.442969 0.647656 0.0390625 0.0546875
0 0.213281 0.558594 0.0390625 0.0578125
0 0.804688 0.174219 0.040625 0.0515625
0 0.446094 0.197656 0.0296875 0.0390625
0 0.102344 0.557813 0.0390625 0.065625
0 0.140625 0.607031 0.046875 0.0546875
0 0.79375 0.510156 0.109375 0.148438
0 0.335156 0.180469 0.0265625 0.0390625
0 0.542188 0.492969 0.04375 0.0453125
0 0.059375 0.186719 0.040625 0.0796875
0 0.350781 0.592969 0.0328125 0.0390625
0 0.547656 0.64375 0.0328125 0.046875
0 0.141406 0.294531 0.0359375 0.0484375
0 0.116406 0.116406 0.0578125 0.0671875
0 0.299219 0.09375 0.0359375 0.04375
0 0.658594 0.644531 0.0390625 0.0515625
0 0.834375 0.675781 0.03125 0.0421875
0 0.705469 0.182031 0.0703125 0.0640625
0 0.421875 0.146875 0.040625 0.05625
