0 0.229687 0.289062 0.028125 0.034375
0 0.322656 0.053125 0.0328125 0.028125
0 0.578125 0.621875 0.040625 0.059375
0 0.199219 0.442187 0.0265625 0.040625
0 0.273438 0.695312 0.034375 0.0375
0 0.73125 0.532812 0.028125 0.04375
0 0.485156 0.617969 0.0328125 0.0515625
0 0.842969 0.535937 0.0296875 0.040625
0 0.217969 0.516406 0.0328125 0.0484375
0 0.279687 0.445312 0.028125 0.028125
0 0.0921875 0.750781 0.028125 0.0328125
0 0.258594 0.129688 0.0296875 0.040625
0 0.309375 0.791406 0.025 0.0328125
0 0.702344 0.263281 0.0359375 0.0390625
0 0.132031 0.652344 0.0328125 0.0390625
0 0.548437 0.667188 0.028125 0.034375
0 0.965625 0.515625 0.034375 0.065625
0 0.582031 0.297656 0.0296875 0.0484375
0 0.164844 0.228906 0.0234375 0.0296875
0 0.982813 0.28125 0.03125 0.0625
0 0.414844 0.0828125 0.0328125 0.040625
0 0.490625 0.477344 0.025 0.0328125
0 0.273438 0.785156 0.03125 0.0328125
0 0.228125 0.41875 0.028125 0.034375
0 0.015625 0.879687 0.03125 0.04375
0 0.29375 0.235938 0.028125 0.03125
0 0.0585938 0.614844 0.0265625 0.0296875
0 0.382812 0.824219 0.040625 0.0546875
0 0.671875 0.271094 0.028125 0.0390625
0 0.103906 0.490625 0.0234375 0.03125
0 0.0171875 0.508594 0.034375 0.0421875
0 0.0132813 0.577344 0.0265625 0.0484375
0 0.04375 0.639844 0.028125 0.0359375
0 0.01875 0.379687 0.028125 0.0375
0 0.644531 0.214844 0.0359375 0.0328125
0 0.699219 0.639844 0.0296875 0.0359375
0 0.116406 0.179688 0.0265625 0.03125
0 0.201562 0.260938 0.028125 0.03125
0 0.758594 0.241406 0.0296875 0.0421875
0 0.417969 0.742969 0.0328125 0.0421875
0 0.975781 0.120312 0.0359375 0.0625
0 0.358594 0.60625 0.0359375 0.0375
0 0.194531 0.0570313 0.0328125 0.0296875
0 0.821094 0.682031 0.0265625 0.0359375
0 0.375781 0.28125 0.0390625 0.034375
0 0.371875 0.714844 0.025 0.0328125
0 0.217969 0.60625 0.0296875 0.0375
0 0.239844 0.0609375 0.0296875 0.03125
0 0.459375 0.0984375 0.034375 0.04375
0 0.380469 0.21875 0.0296875 0.034375
0 0.611719 0.602344 0.0234375 0.0359375
0 0.9 0.649219 0.04375 0.0515625
0 0.479688 0.128906 0.034375 0.0359375
0 0.0148437 0.229687 0.0265625 0.03125
0 0.260156 0.186719 0.0265625 0.0296875
0 0.132812 0.1625 0.028125 0.03125
0 0.215625 0.389062 0.03125 0.040625
0 0.138281 0.478125 0.0359375 0.0375
0 0.532812 0.640625 0.028125 0.05625
0 0.040625 0.700781 0.04375 0.0453125
0 0.0664062 0.741406 0.0234375 0.0296875
0 0.699219 0.521094 0.0265625 0.0265625
0 0.182031 0.615625 0.0328125 0.034375
0 0.542188 0.0914062 0.04375 0.0421875
0 0.969531 0.336719 0.0578125 0.0453125
0 0.367188 0.65625 0.034375 0.040625
0 0.867969 0.490625 0.0328125 0.040625
0 0.297656 0.517187 0.0390625 0.034375
0 0.382812 0.476562 0.03125 0.034375
0 0.06875 0.414844 0.03125 0.0484375
0 0.0484375 0.90625 0.046875 0.05625
0 0.264844 0.608594 0.0359375 0.0640625
0 0.19375 0.849219 0.046875 0.0671875
0 0.501562 0.0648438 0.028125 0.0296875
0 0.44375 0.771094 0.03125 0.0390625
0 0.0523437 0.140625 0.0390625 0.05625
0 0.529688 0.260156 0.028125 0.0390625
0 0.0578125 0.465625 0.028125 0.040625
0 0.489062 0.396094 0.03125 0.0328125
0 0.132812 0.304688 0.03125 0.040625
0 0.300781 0.761719 0.0359375 0.0421875
0 0.015625 0.675781 0.03125 0.0359375
0 0.271094 0.344531 0.0359375 0.0453125
0 0.0523437 0.257812 0.0328125 0.034375
0 0.557813 0.30625 0.03125 0.046875
0 0.305469 0.339063 0.0328125 0.040625
0 0.135156 0.253906 0.0296875 0.0359375
0 0.609375 0.641406 0.03125 0.0484375
0 0.340625 0.566406 0.05 0.0421875
0 0.235938 0.2375 0.034375 0.0375
0 0.335156 0.721875 0.0234375 0.0375
0 0.671875 0.567187 0.034375 0.053125
0 0.68125 0.616406 0.025 0.0390625
0 0.521875 0.41875 0.034375 0.0375
0 0.947656 0.267969 0.0296875 0.0390625
0 0.955469 0.392969 0.0515625 0.0671875
0 0.485938 0.439063 0.046875 0.04375
0 0.860156 0.628125 0.0296875 0.0375
0 0.3875 0.116406 0.03125 0.0359375
0 0.48125 0.220313 0.04375 0.0625
0 0.521094 0.159375 0.0421875 0.04375
0 0.346094 0.354688 0.0296875 0.0375
0 0.0164062 0.34375 0.0328125 0.040625
0 0.371875 0.523438 0.040625 0.05625
0 0.627344 0.289844 0.0421875 0.0421875
0 0.192188 0.308594 0.05625 0.0421875
0 0.144531 0.729688 0.0484375 0.059375
0 0.0765625 0.207813 0.03125 0.040625
0 0.651563 0.621875 0.03125 0.04375
0 0.310156 0.729688 0.0296875 0.028125
0 0.719531 0.327344 0.0421875 0.0484375
0 0.407031 0.686719 0.0359375 0.0421875
0 0.053125 0.369531 0.0375 0.0515625
0 0.0960938 0.453125 0.0453125 0.04375
0 0.578906 0.258594 0.0296875 0.0296875
0 0.2625 0.477344 0.0375 0.0453125
0 0.739844 0.271094 0.0328125 0.0359375
0 0.328125 0.833594 0.03125 0.0484375
0 0.761719 0.614062 0.0296875 0.04375
0 0.908594 0.378906 0.0296875 0.0390625
0 0.392969 0.346094 0.0390625 0.0453125
0 0.867188 0.1875 0.040625 0.0625
0 0.270312 0.408594 0.046875 0.0453125
0 0.728906 0.616406 0.0328125 0.0390625
0 0.761719 0.485156 0.0390625 0.0546875
0 0.710938 0.554688 0.034375 0.034375
0 0.789844 0.382031 0.0390625 0.0453125
0 0.228906 0.716406 0.0484375 0.0453125
0 0.819531 0.59375 0.0578125 0.059375
0 0.0773437 0.525781 0.0359375 0.0546875
0 0.341406 0.780469 0.0328125 0.0421875
0 0.845312 0.691406 0.03125 0.0390625
0 0.208594 0.350781 0.0390625 0.0390625
0 0.5375 0.345313 0.040625 0.046875
0 0.025 0.0875 0.040625 0.05625
0 0.821875 0.0320312 0.046875 0.0421875
0 0.176563 0.665625 0.053125 0.046875
0 0.922656 0.496875 0.0453125 0.096875
0 0.601562 0.847656 0.034375 0.0515625
0 0.101562 0.21875 0.028125 0.0375
0 0.228125 0.471094 0.028125 0.0359375
0 0.884375 0.528906 0.028125 0.0359375
0 0.933594 0.145313 0.0421875 0.059375
0 0.436719 0.455469 0.0421875 0.0609375
0 0.799219 0.288281 0.0796875 0.0828125
0 0.909375 0.421875 0.03125 0.0375
0 0.328906 0.644531 0.0390625 0.0546875
0 0.802344 0.180469 0.0671875 0.0796875
0 0.445312 0.245312 0.034375 0.04375
0 0.65 0.428906 0.04375 0.0515625
0 0.885938 0.342187 0.0625 0.065625
0 0.319531 0.386719 0.0390625 0.0421875
0 0.250781 0.519531 0.0390625 0.0390625
0 0.447656 0.342969 0.0765625 0.114063
0 0.422656 0.529688 0.0421875 0.046875
0 0.228906 0.105469 0.0359375 0.0390625
0 0.676562 0.489844 0.040625 0.0515625
0 0.328906 0.2875 0.0390625 0.046875
0 0.69375 0.0609375 0.046875 0.065625
0 0.707031 0.596875 0.0328125 0.04375
0 0.426562 0.157031 0.040625 0.0484375
0 0.382031 0.757812 0.0328125 0.05625
0 0.719531 0.470313 0.0421875 0.053125
0 0.10625 0.378906 0.0375 0.0453125
0 0.255469 0.821875 0.0515625 0.059375
0 0.926562 0.571094 0.04375 0.0484375
0 0.78125 0.0695312 0.05 0.0578125
0 0.0710938 0.666406 0.0359375 0.0515625
0 0.0195312 0.271875 0.0390625 0.05
0 0.566406 0.413281 0.0484375 0.0578125
0 0.578125 0.202344 0.046875 0.0609375
0 0.550781 0.553906 0.0390625 0.0453125
0 0.354688 0.258594 0.034375 0.0390625
0 0.189063 0.192188 0.0875 0.090625
0 0.457031 0.564844 0.0578125 0.0546875
0 0.283594 0.273438 0.0359375 0.04375
0 0.0429688 0.207031 0.0359375 0.0578125
0 0.479688 0.284375 0.0375 0.034375
0 0.820312 0.357031 0.05 0.0546875
0 0.1625 0.384375 0.06875 0.075
0 0.870313 0.403125 0.03125 0.0375
0 0.138281 0.580469 0.0359375 0.0484375
0 0.621875 0.474219 0.034375 0.0453125
0 0.0890625 0.342969 0.0375 0.0546875
0 0.316406 0.603906 0.0328125 0.0390625
0 0.185937 0.121875 0.046875 0.053125
0 0.358594 0.170312 0.0328125 0.04375
0 0.01875 0.153125 0.0375 0.040625
0 0.658594 0.332812 0.0546875 0.059375
0 0.790625 0.650781 0.0375 0.0578125
0 0.322656 0.141406 0.0421875 0.0578125
0 0.576563 0.519531 0.034375 0.0484375
0 0.617969 0.2375 0.0359375 0.04375
0 0.0671875 0.0726563 0.040625 0.0578125
0 0.408594 0.257812 0.0296875 0.0375
0 0.14375 0.105469 0.0375 0.0421875
0 0.09375 0.151562 0.04375 0.053125
0 0.528125 0.20625 0.034375 0.046875
0 0.389844 0.39375 0.0484375 0.046875
0 0.839844 0.44375 0.0359375 0.04375
0 0.809375 0.507031 0.04375 0.0546875
0 0.335156 0.211719 0.0546875 0.0484375
0 0.35 0.0945313 0.0375 0.0421875
0 0.528125 0.717969 0.040625 0.0484375
0 0.642969 0.071875 0.0453125 0.059375
0 0.742188 0.407813 0.0375 0.071875
0 0.896875 0.273438 0.053125 0.059375
0 0.953906 0.215625 0.0359375 0.065625
0 0.295312 0.196094 0.034375 0.0421875
0 0.8 0.45625 0.0375 0.0375
0 0.585156 0.139844 0.0703125 0.0734375
0 0.0476562 0.307813 0.0421875 0.05625
0 0.292188 0.0976562 0.04375 0.0578125
0 0.283594 0.555469 0.0296875 0.0390625
0 0.246875 0.371875 0.034375 0.046875
0 0.617969 0.38125 0.0640625 0.071875
