0 0.06875 0.0234375 0.05 0.046875
0 0.189844 0.792188 0.0234375 0.028125
0 0.364062 0.661719 0.025 0.0328125
0 0.828906 0.278906 0.0421875 0.0515625
0 0.148438 0.326562 0.03125 0.03125
0 0.0648438 0.777344 0.0359375 0.0421875
0 0.4 0.578906 0.040625 0.0421875
0 0.240625 0.305469 0.025 0.0296875
0 0.747656 0.621875 0.0484375 0.09375
0 0.10625 0.492188 0.028125 0.040625
0 0.836719 0.424219 0.0328125 0.0453125
0 0.290625 0.766406 0.028125 0.0390625
0 0.567969 0.347656 0.0359375 0.0453125
0 0.726562 0.0804688 0.03125 0.0484375
0 0.825 0.238281 0.03125 0.0359375
0 0.733594 0.689844 0.0265625 0.0359375
0 0.578906 0.645312 0.0296875 0.04375
0 0.0945313 0.365625 0.0390625 0.04375
0 0.842969 0.0164062 0.0296875 0.0328125
0 0.282813 0.191406 0.03125 0.0609375
0 0.755469 0.009375 0.0359375 0.01875
0 0.296875 0.360156 0.028125 0.0328125
0 0.103906 0.596094 0.0390625 0.0640625
0 0.0125 0.857031 0.025 0.0546875
0 0.248437 0.277344 0.028125 0.0328125
0 0.172656 0.846094 0.0328125 0.0484375
0 0.0203125 0.366406 0.028125 0.0359375
0 0.078125 0.510938 0.034375 0.040625
0 0.403125 0.41875 0.034375 0.05
0 0.676562 0.721094 0.03125 0.0546875
0 0.0601562 0.151562 0.0296875 0.0375
0 0.975 0.323438 0.040625 0.065625
0 0.895312 0.530469 0.03125 0.0390625
0 0.417969 0.353906 0.0296875 0.0390625
0 0.735937 0.228125 0.034375 0.028125
0 0.338281 0.664062 0.0296875 0.034375
0 0.182812 0.229687 0.028125 0.034375
0 0.889844 0.255469 0.0515625 0.0359375
0 0.521875 0.0648438 0.03125 0.0328125
0 0.223438 0.233594 0.021875 0.0296875
0 0.832031 0.541406 0.0328125 0.0609375
0 0.15625 0.690625 0.03125 0.046875
0 0.0585938 0.345313 0.0265625 0.03125
0 0.896094 0.389844 0.0296875 0.0484375
0 0.204688 0.579687 0.028125 0.034375
0 0.744531 0.180469 0.0296875 0.0421875
0 0.107031 0.266406 0.0359375 0.0359375
0 0.697656 0.7 0.0296875 0.040625
0 0.759375 0.0796875 0.025 0.0375
0 0.563281 0.0671875 0.0265625 0.053125
0 0.0140625 0.260156 0.028125 0.0515625
0 0.034375 0.482031 0.04375 0.0484375
0 0.283594 0.6125 0.0296875 0.0375
0 0.01875 0.325 0.034375 0.046875
0 0.453125 0.365625 0.034375 0.034375
0 0.217969 0.634375 0.0328125 0.034375
0 0.485938 0.675781 0.028125 0.0359375
0 0.0429688 0.754687 0.0359375 0.04375
0 0.9 0.300781 0.0375 0.0546875
0 0.0945313 0.332812 0.0390625 0.04375
0 0.136719 0.166406 0.0296875 0.0515625
0 0.416406 0.133594 0.0265625 0.0390625
0 0.320312 0.385156 0.028125 0.0453125
0 0.529688 0.476562 0.025 0.05
0 0.717188 0.585938 0.028125 0.05
0 0.421094 0.195312 0.0328125 0.034375
0 0.53125 0.330469 0.03125 0.0328125
0 0.889063 0.0179687 0.059375 0.0328125
0 0.028125 0.653125 0.034375 0.0375
0 0.166406 0.608594 0.0234375 0.0359375
0 0.353125 0.61875 0.040625 0.05
0 0.615625 0.210156 0.028125 0.0390625
0 0.059375 0.710938 0.028125 0.0375
0 0.166406 0.286719 0.0265625 0.0359375
0 0.450781 0.521875 0.0359375 0.046875
0 0.486719 0.402344 0.0265625 0.0390625
0 0.747656 0.0414063 0.0265625 0.0328125
0 0.0359375 0.605469 0.034375 0.0421875
0 0.423438 0.239844 0.0375 0.0484375
0 0.823438 0.464844 0.034375 0.0453125
0 0.633594 0.573438 0.0328125 0.046875
0 0.0523437 0.371875 0.0359375 0.040625
0 0.825781 0.178125 0.0359375 0.0375
0 0.667188 0.527344 0.025 0.0453125
0 0.610156 0.658594 0.0359375 0.0453125
0 0.401563 0.534375 0.034375 0.040625
0 0.630469 0.461719 0.0453125 0.0609375
0 0.599219 0.325781 0.0296875 0.0421875
0 0.189844 0.603906 0.0296875 0.0328125
0 0.0265625 0.414062 0.040625 0.05
0 0.811719 0.497656 0.0296875 0.0390625
0 0.839844 0.330469 0.0359375 0.0390625
0 0.273438 0.254687 0.034375 0.046875
0 0.466406 0.433594 0.0328125 0.0421875
0 0.695312 0.657812 0.03125 0.04375
0 0.0132813 0.778906 0.0265625 0.0546875
0 0.645312 0.629687 0.046875 0.065625
0 0.500781 0.634375 0.0484375 0.065625
0 0.767969 0.142969 0.0359375 0.0421875
0 0.332812 0.170312 0.03125 0.034375
0 0.440625 0.278125 0.028125 0.034375
0 0.115625 0.699219 0.034375 0.0515625
0 0.0320312 0.0882813 0.0390625 0.0609375
0 0.976562 0.475781 0.04375 0.0578125
0 0.617969 0.11875 0.0359375 0.04375
0 0.752344 0.277344 0.0484375 0.0640625
0 0.980469 0.615625 0.0328125 0.059375
0 0.778125 0.503906 0.0375 0.0453125
0 0.428125 0.460156 0.034375 0.0359375
0 0.192188 0.699219 0.040625 0.0515625
0 0.810938 0.139844 0.03125 0.0421875
0 0.480469 0.116406 0.0390625 0.0546875
0 0.336719 0.489062 0.0328125 0.040625
0 0.260156 0.470313 0.101562 0.146875
0 0.496875 0.445312 0.03125 0.034375
0 0.252344 0.753125 0.0328125 0.040625
0 0.773438 0.576563 0.03125 0.05
0 0.875 0.619531 0.034375 0.0640625
0 0.234375 0.814062 0.03125 0.0375
0 0.747656 0.511719 0.0359375 0.0515625
0 0.545313 0.369531 0.034375 0.0484375
0 0.704687 0.172656 0.053125 0.0703125
0 0.169531 0.486719 0.0515625 0.0546875
0 0.853125 0.065625 0.04375 0.05
0 0.551562 0.232031 0.06875 0.0671875
0 0.576563 0.403906 0.034375 0.0453125
0 0.173438 0.557031 0.03125 0.0484375
0 0.146875 0.108594 0.0375 0.0546875
0 0.589063 0.175 0.034375 0.04375
0 0.209375 0.871875 0.03125 0.05
0 0.600781 0.264844 0.0390625 0.0640625
0 0.663281 0.457031 0.0296875 0.0390625
0 0.177344 0.197656 0.0390625 0.0546875
0 0.725781 0.328906 0.0390625 0.0390625
0 0.784375 0.460938 0.03125 0.040625
0 0.784375 0.382031 0.0375 0.0515625
0 0.739062 0.384375 0.046875 0.05625
0 0.7 0.0609375 0.034375 0.034375
0 0.0570313 0.655469 0.0328125 0.0515625
0 0.320312 0.13125 0.028125 0.05
0 0.328906 0.439844 0.0453125 0.0453125
0 0.698438 0.54375 0.0375 0.04375
0 0.340625 0.542969 0.053125 0.0609375
0 0.816406 0.0289063 0.0328125 0.0390625
0 0.907031 0.594531 0.0359375 0.0703125
0 0.305469 0.257031 0.0296875 0.0359375
0 0.0304688 0.200781 0.0421875 0.0546875
0 0.44375 0.148438 0.03125 0.040625
0 0.199219 0.530469 0.0359375 0.0515625
0 0.211719 0.752344 0.0359375 0.0609375
0 0.95625 0.244531 0.034375 0.0515625
0 0.9375 0.525 0.0375 0.05625
0 0.66875 0.390625 0.05625 0.08125
0 0.796094 0.339063 0.0421875 0.05625
0 0.25 0.646875 0.0375 0.05
0 0.948438 0.596094 0.0375 0.0609375
0 0.842969 0.378125 0.0390625 0.046875
0 0.139062 0.638281 0.034375 0.0546875
0 0.804688 0.589844 0.034375 0.0453125
0 0.261719 0.347656 0.0359375 0.0453125
0 0.7125 0.508594 0.034375 0.0390625
0 0.125781 0.297656 0.0421875 0.0421875
0 0.096875 0.192188 0.046875 0.071875
0 0.435156 0.319531 0.0453125 0.0546875
0 0.491406 0.508594 0.0484375 0.0796875
0 0.334375 0.236719 0.0375 0.0390625
0 0.117188 0.399219 0.0375 0.0515625
0 0.0328125 0.54375 0.040625 0.059375
0 0.471094 0.25625 0.0421875 0.059375
0 0.723437 0.442969 0.034375 0.0578125
0 0.482031 0.328125 0.0421875 0.04375
0 0.0898438 0.691406 0.0296875 0.0359375
0 0.528906 0.541406 0.0390625 0.0546875
0 0.0640625 0.569531 0.034375 0.0515625
0 0.927344 0.184375 0.0453125 0.053125
0 0.634375 0.714844 0.04375 0.0640625
0 0.769531 0.421875 0.0328125 0.04375
0 0.175781 0.642187 0.0296875 0.034375
0 0.0742188 0.403906 0.0359375 0.0390625
0 0.201562 0.267969 0.040625 0.0515625
0 0.0632813 0.278906 0.0390625 0.0484375
0 0.594531 0.478906 0.0453125 0.0453125
0 0.182031 0.371094 0.0390625 0.0484375
0 0.482031 0.2 0.0765625 0.075
0 0.890625 0.214844 0.0375 0.0453125
0 0.896094 0.0976562 0.0359375 0.0390625
0 0.233594 0.591406 0.0421875 0.0609375
0 0.385938 0.266406 0.040625 0.0546875
0 0.505469 0.374219 0.0359375 0.0515625
0 0.869531 0.476562 0.0453125 0.05625
0 0.633594 0.521094 0.0390625 0.0515625
0 0.0296875 0.704687 0.0375 0.05
0 0.607813 0.372656 0.0375 0.0546875
0 0.376563 0.49375 0.034375 0.05625
0 0.788281 0.104687 0.0359375 0.053125
0 0.942187 0.410937 0.065625 0.075
0 0.935156 0.345313 0.0328125 0.05
0 0.377344 0.160156 0.0484375 0.0640625
0 0.375 0.21875 0.0375 0.046875
0 0.342969 0.313281 0.0484375 0.0734375
0 0.296094 0.303906 0.0390625 0.0546875
0 0.319531 0.697656 0.0421875 0.0578125
0 0.147656 0.585156 0.0296875 0.0453125
0 0.527344 0.279687 0.0484375 0.059375
0 0.871094 0.426562 0.0328125 0.05
0 0.367188 0.394531 0.0375 0.0546875
0 0.716406 0.025 0.0390625 0.046875
0 0.953906 0.0664062 0.0609375 0.0609375
0 0.546094 0.43125 0.0328125 0.046875
0 0.671094 0.121875 0.0421875 0.065625
0 0.873438 0.161719 0.053125 0.0578125
0 0.157031 0.428906 0.0640625 0.0640625
0 0.675781 0.261719 0.0859375 0.0984375
0 0.191406 0.319531 0.0328125 0.0421875
0 0.636719 0.321094 0.0328125 0.0484375
0 0.207813 0.107031 0.0625 0.0703125
