0 0.923437 0.257031 0.025 0.0359375
0 0.289844 0.670313 0.0328125 0.046875
0 0.482031 0.382812 0.0265625 0.028125
0 0.0125 0.491406 0.025 0.0609375
0 0.344531 0.535156 0.0296875 0.0453125
0 0.252344 0.615625 0.0265625 0.03125
0 0.167969 0.0242187 0.0484375 0.0453125
0 0.828125 0.0148437 0.03125 0.0296875
0 0.226562 0.125781 0.034375 0.0359375
0 0.132812 0.472656 0.021875 0.0390625
0 0.910937 0.592969 0.03125 0.0546875
0 0.133594 0.2 0.0234375 0.03125
0 0.260938 0.357812 0.028125 0.046875
0 0.135156 0.867188 0.0296875 0.034375
0 0.614844 0.0914062 0.0265625 0.0296875
0 0.529688 0.477344 0.040625 0.0390625
0 0.721094 0.453125 0.0265625 0.040625
0 0.0203125 0.549219 0.034375 0.0578125
0 0.214062 0.229687 0.0375 0.046875
0 0.46875 0.70625 0.028125 0.0375
0 0.0804688 0.652344 0.0328125 0.0484375
0 0.653125 0.584375 0.03125 0.034375
0 0.597656 0.777344 0.0296875 0.0390625
0 0.585156 0.477344 0.0328125 0.0453125
0 0.809375 0.395312 0.03125 0.040625
0 0.119531 0.284375 0.0328125 0.0375
0 0.78125 0.120312 0.03125 0.040625
0 0.624219 0.548437 0.0265625 0.04375
0 0.628125 0.59375 0.025 0.040625
0 0.0117188 0.833594 0.0234375 0.0515625
0 0.971094 0.747656 0.0390625 0.0734375
0 0.720312 0.403906 0.028125 0.0453125
0 0.771875 0.271094 0.025 0.0359375
0 0.797656 0.614844 0.0265625 0.0328125
0 0.291406 0.825781 0.0265625 0.0453125
0 0.0757812 0.5375 0.0390625 0.090625
0 0.440625 0.692969 0.028125 0.0453125
0 0.451562 0.601562 0.0375 0.046875
0 0.686719 0.419531 0.0265625 0.0484375
0 0.303906 0.128125 0.0296875 0.0375
0 0.782031 0.769531 0.0359375 0.0390625
0 0.0445312 0.192188 0.0359375 0.034375
0 0.41875 0.86875 0.040625 0.046875
0 0.503125 0.927344 0.0375 0.0546875
0 0.438281 0.8125 0.0421875 0.05
0 0.520312 0.378906 0.025 0.0296875
0 0.434375 0.407813 0.025 0.03125
0 0.347656 0.59375 0.0296875 0.040625
0 0.871094 0.111719 0.0296875 0.0359375
0 0.357812 0.739062 0.034375 0.053125
0 0.538281 0.828906 0.0296875 0.0484375
0 0.250781 0.79375 0.0359375 0.0375
0 0.490625 0.28125 0.025 0.05
0 0.683594 0.059375 0.0234375 0.028125
0 0.528125 0.869531 0.025 0.0453125
0 0.0289063 0.232031 0.0359375 0.0421875
0 0.394531 0.405469 0.0359375 0.0453125
0 0.257031 0.897656 0.0296875 0.0390625
0 0.939062 0.620313 0.034375 0.0375
0 0.421094 0.71875 0.0296875 0.04375
0 0.0789063 0.757031 0.0296875 0.0421875
0 0.957812 0.566406 0.028125 0.0421875
0 0.483594 0.849219 0.0296875 0.0484375
0 0.774219 0.084375 0.0328125 0.0375
0 0.564844 0.167187 0.0328125 0.04375
0 0.592969 0.171094 0.0328125 0.0359375
0 0.290625 0.974219 0.028125 0.0390625
0 0.613281 0.228125 0.0359375 0.0375
0 0.380469 0.689062 0.0390625 0.046875
0 0.100781 0.953125 0.0453125 0.059375
0 0.689844 0.467969 0.0265625 0.0390625
0 0.839063 0.226562 0.034375 0.04375
0 0.442969 0.357031 0.0265625 0.0359375
0 0.199219 0.3125 0.0296875 0.04375
0 0.325781 0.211719 0.0328125 0.0359375
0 0.824219 0.267969 0.0359375 0.0671875
0 0.820312 0.767969 0.04375 0.0453125
0 0.225781 0.339063 0.0328125 0.05
0 0.296094 0.376563 0.0296875 0.0375
0 0.667188 0.332031 0.03125 0.0546875
0 0.932031 0.0625 0.0609375 0.05
0 0.425781 0.329688 0.0234375 0.03125
0 0.482812 0.332812 0.025 0.034375
0 0.764844 0.307813 0.0328125 0.053125
0 0.104687 0.480469 0.03125 0.0390625
0 0.785156 0.884375 0.0265625 0.040625
0 0.661719 0.455469 0.0296875 0.0484375
0 0.953125 0.489062 0.04375 0.071875
0 0.842969 0.140625 0.0265625 0.0375
0 0.670313 0.507812 0.03125 0.0375
0 0.676562 0.207813 0.03125 0.03125
0 0.95625 0.154687 0.053125 0.05
0 0.403906 0.134375 0.0296875 0.0375
0 0.880469 0.424219 0.0296875 0.0453125
0 0.292188 0.339063 0.03125 0.034375
0 0.607813 0.317187 0.034375 0.04375
0 0.735937 0.619531 0.04375 0.0671875
0 0.274219 0.538281 0.0390625 0.0640625
0 0.210156 0.874219 0.0484375 0.0484375
0 0.410937 0.571875 0.0375 0.04375
0 0.464063 0.888281 0.034375 0.0515625
0 0.630469 0.829687 0.0359375 0.05
0 0.350781 0.380469 0.0328125 0.0453125
0 0.864062 0.378906 0.034375 0.0390625
0 0.214844 0.084375 0.0328125 0.034375
0 0.507031 0.0960938 0.0296875 0.0421875
0 0.673437 0.102344 0.04375 0.0515625
0 0.0671875 0.120312 0.028125 0.040625
0 0.128125 0.540625 0.0375 0.075
0 0.164062 0.978125 0.03125 0.0375
0 0.253906 0.185156 0.0453125 0.0703125
0 0.835156 0.510938 0.0390625 0.053125
0 0.725781 0.128906 0.0609375 0.0578125
0 0.692969 0.927344 0.0390625 0.0671875
0 0.171094 0.461719 0.0296875 0.0328125
0 0.699219 0.810156 0.0328125 0.0546875
0 0.621875 0.275781 0.040625 0.0421875
0 0.375 0.564844 0.0375 0.0484375
0 0.471875 0.361719 0.028125 0.0453125
0 0.527344 0.439063 0.0265625 0.03125
0 0.535937 0.7625 0.03125 0.05
0 0.880469 0.0773437 0.0359375 0.0453125
0 0.789062 0.227344 0.03125 0.0578125
0 0.246875 0.090625 0.028125 0.034375
0 0.2875 0.471875 0.028125 0.034375
0 0.167969 0.266406 0.0359375 0.0421875
0 0.147656 0.18125 0.0296875 0.040625
0 0.625781 0.157813 0.0328125 0.03125
0 0.623438 0.725781 0.028125 0.0453125
0 0.0804688 0.214062 0.0328125 0.05
0 0.778125 0.703906 0.034375 0.0421875
0 0.511719 0.80625 0.0296875 0.040625
0 0.492188 0.547656 0.05 0.0765625
0 0.602344 0.603906 0.0296875 0.0359375
0 0.084375 0.315625 0.040625 0.046875
0 0.273438 0.283594 0.0375 0.0484375
0 0.3375 0.672656 0.046875 0.0703125
0 0.867188 0.208594 0.0375 0.0421875
0 0.732813 0.202344 0.0375 0.0671875
0 0.114844 0.679688 0.0265625 0.04375
0 0.578125 0.384375 0.04375 0.046875
0 0.0796875 0.273438 0.040625 0.053125
0 0.0203125 0.3 0.040625 0.071875
0 0.279687 0.614844 0.028125 0.0421875
0 0.205469 0.616406 0.0390625 0.0484375
0 0.792969 0.025 0.0421875 0.05
0 0.486719 0.471875 0.0328125 0.05
0 0.626562 0.475 0.03125 0.059375
0 0.846094 0.0828125 0.0328125 0.0375
0 0.255469 0.832031 0.0359375 0.0453125
0 0.207031 0.532812 0.0390625 0.05625
0 0.342969 0.908594 0.0328125 0.0453125
0 0.109375 0.728906 0.028125 0.0484375
0 0.194531 0.428125 0.0328125 0.040625
0 0.566406 0.782812 0.0296875 0.04375
0 0.495313 0.416406 0.034375 0.0359375
0 0.396094 0.253125 0.0328125 0.04375
0 0.908594 0.778906 0.0359375 0.0578125
0 0.146875 0.660937 0.03125 0.04375
0 0.417188 0.183594 0.034375 0.0421875
0 0.569531 0.550781 0.0328125 0.0421875
0 0.707812 0.496094 0.03125 0.0390625
0 0.169531 0.554688 0.0359375 0.05625
0 0.575781 0.328906 0.0421875 0.0453125
0 0.448438 0.75625 0.028125 0.046875
0 0.19375 0.486719 0.0375 0.0453125
0 0.785156 0.573438 0.0359375 0.040625
0 0.435937 0.479688 0.05 0.040625
0 0.928906 0.429688 0.0296875 0.059375
0 0.563281 0.892969 0.0328125 0.0609375
0 0.935156 0.30625 0.0453125 0.053125
0 0.529688 0.242188 0.034375 0.034375
0 0.508594 0.328906 0.0328125 0.0421875
0 0.416406 0.51875 0.0359375 0.0375
0 0.592188 0.433594 0.03125 0.0390625
0 0.633594 0.767969 0.0296875 0.0421875
0 0.397656 0.295312 0.0296875 0.040625
0 0.311719 0.171094 0.0390625 0.0453125
0 0.442969 0.230469 0.0421875 0.0546875
0 0.463281 0.154687 0.0328125 0.03125
0 0.308594 0.730469 0.0359375 0.0546875
0 0.152344 0.738281 0.0578125 0.0828125
0 0.0648438 0.925781 0.0390625 0.0546875
0 0.119531 0.114844 0.0421875 0.0734375
0 0.364062 0.430469 0.03125 0.0390625
0 0.225781 0.278906 0.0453125 0.0515625
0 0.15 0.432813 0.03125 0.0375
0 0.349219 0.065625 0.0390625 0.05625
0 0.310937 0.554688 0.034375 0.046875
0 0.701563 0.559375 0.05 0.059375
0 0.321875 0.360938 0.034375 0.040625
0 0.56875 0.21875 0.053125 0.05625
0 0.555469 0.646875 0.0390625 0.053125
0 0.730469 0.302344 0.0265625 0.0390625
0 0.461719 0.408594 0.0296875 0.0296875
0 0.274219 0.760156 0.0296875 0.0328125
0 0.321094 0.502344 0.0328125 0.0390625
0 0.442969 0.301562 0.0296875 0.040625
0 0.482812 0.638281 0.04375 0.0640625
0 0.384375 0.460156 0.0375 0.0453125
0 0.572656 0.271094 0.0359375 0.0421875
0 0.666406 0.160156 0.0328125 0.0453125
0 0.172656 0.217969 0.0359375 0.0421875
0 0.242188 0.471094 0.05 0.0609375
0 0.909375 0.680469 0.04375 0.0578125
0 0.361719 0.183594 0.0390625 0.0640625
0 0.192188 0.367188 0.053125 0.05
0 0.160938 0.320312 0.040625 0.046875
0 0.257812 0.428906 0.034375 0.0390625
0 0.891406 0.282813 0.0421875 0.053125
0 0.534375 0.696875 0.03125 0.0625
0 0.554688 0.434375 0.03125 0.040625
0 0.289844 0.0679687 0.0515625 0.0640625
0 0.789844 0.655469 0.0359375 0.0484375
0 0.353906 0.275781 0.0484375 0.0484375
0 0.175 0.130469 0.04375 0.0765625
0 0.0820312 0.871875 0.0328125 0.0375
0 0.0921875 0.152344 0.0375 0.0484375
0 0.814062 0.142969 0.034375 0.0359375
0 0.100781 0.815625 0.0640625 0.059375
0 0.403125 0.366406 0.03125 0.0390625
0 0.294531 0.43125 0.0328125 0.04375
0 0.745313 0.744531 0.040625 0.0640625
0 0.615625 0.657031 0.0375 0.0703125
0 0.225781 0.710938 0.0765625 0.128125
0 0.564844 0.595312 0.0265625 0.040625
0 0.717188 0.078125 0.0375 0.040625
0 0.384375 0.516406 0.028125 0.0421875
0 0.582812 0.71875 0.046875 0.065625
0 0.653906 0.542188 0.0296875 0.04375
0 0.332812 0.128906 0.034375 0.0453125
0 0.490625 0.209375 0.075 0.08125
0 0.240625 0.391406 0.03125 0.0359375
0 0.833594 0.594531 0.0484375 0.0609375
0 0.952344 0.245312 0.0359375 0.05
0 0.852344 0.742188 0.0359375 0.04375
0 0.828906 0.346094 0.0359375 0.0484375
0 0.872656 0.557031 0.0359375 0.0546875
0 0.696094 0.36875 0.0359375 0.05
0 0.804688 0.096875 0.0375 0.053125
0 0.540625 0.295312 0.034375 0.05
