0 0.207031 0.480469 0.0546875 0.0484375
0 0.549219 0.495313 0.0296875 0.0375
0 0.501562 0.769531 0.034375 0.0484375
0 0.788281 0.084375 0.0484375 0.040625
0 0.18125 0.703906 0.028125 0.0359375
0 0.8 0.517187 0.03125 0.0375
0 0.228906 0.532812 0.0328125 0.034375
0 0.232031 0.120312 0.0296875 0.046875
0 0.667969 0.820312 0.0359375 0.053125
0 0.282813 0.059375 0.03125 0.03125
0 0.0164062 0.201562 0.0265625 0.0375
0 0.860937 0.250781 0.053125 0.0671875
0 0.182812 0.63125 0.03125 0.034375
0 0.727344 0.24375 0.0328125 0.03125
0 0.632812 0.535156 0.028125 0.0328125
0 0.43125 0.646094 0.034375 0.0390625
0 0.817969 0.246094 0.0296875 0.0359375
0 0.848437 0.370313 0.0875 0.140625
0 0.654688 0.26875 0.040625 0.1
0 0.692187 0.520312 0.021875 0.0375
0 0.1625 0.789844 0.01875 0.0328125
0 0.86875 0.05625 0.03125 0.0375
0 0.402344 0.857031 0.0265625 0.0484375
0 0.39375 0.798437 0.0375 0.046875
0 0.702344 0.164844 0.0203125 0.0296875
0 0.647656 0.716406 0.0328125 0.0484375
0 0.496094 0.0648438 0.0265625 0.0390625
0 0.0945313 0.607813 0.0296875 0.05
0 0.258594 0.353906 0.0328125 0.0359375
0 0.0257812 0.45625 0.0421875 0.04375
0 0.722656 0.367188 0.0265625 0.04375
0 0.760938 0.289844 0.0375 0.0515625
0 0.148438 0.653906 0.028125 0.0359375
0 0.845312 0.592188 0.025 0.04375
0 0.0320312 0.0609375 0.0296875 0.034375
0 0.0445312 0.205469 0.0234375 0.0359375
0 0.276563 0.396094 0.05625 0.0421875
0 0.369531 0.429688 0.0265625 0.05
0 0.0140625 0.3125 0.028125 0.040625
0 0.192969 0.154687 0.0359375 0.046875
0 0.196875 0.288281 0.025 0.0359375
0 0.157031 0.454688 0.0265625 0.03125
0 0.546094 0.351562 0.0359375 0.040625
0 0.2875 0.511719 0.028125 0.0453125
0 0.571094 0.464844 0.0265625 0.0421875
0 0.991406 0.464844 0.0171875 0.0421875
0 0.880469 0.775 0.0265625 0.046875
0 0.214844 0.321875 0.0390625 0.028125
0 0.485938 0.623438 0.028125 0.034375
0 0.260938 0.764063 0.025 0.03125
0 0.182812 0.528125 0.040625 0.04375
0 0.192188 0.767187 0.03125 0.0375
0 0.942187 0.141406 0.034375 0.0421875
0 0.504687 0.590625 0.025 0.034375
0 0.176563 0.0742188 0.034375 0.0515625
0 0.424219 0.0546875 0.0359375 0.0375
0 0.738281 0.565625 0.0265625 0.0375
0 0.541406 0.210156 0.0359375 0.0453125
0 0.373437 0.157813 0.028125 0.040625
0 0.776563 0.70625 0.034375 0.046875
0 0.0507812 0.321094 0.0390625 0.0390625
0 0.935938 0.654688 0.059375 0.053125
0 0.134375 0.421875 0.025 0.034375
0 0.589063 0.433594 0.0375 0.0328125
0 0.58125 0.402344 0.034375 0.0390625
0 0.170312 0.211719 0.025 0.0359375
0 0.528906 0.453125 0.0453125 0.040625
0 0.616406 0.478125 0.0328125 0.034375
0 0.895312 0.075 0.025 0.040625
0 0.859375 0.48125 0.034375 0.046875
0 0.817969 0.679688 0.0328125 0.046875
0 0.284375 0.733594 0.03125 0.0484375
0 0.976562 0.276563 0.040625 0.046875
0 0.182031 0.114844 0.0421875 0.0359375
0 0.01875 0.360938 0.0375 0.059375
0 0.351562 0.377344 0.034375 0.0421875
0 0.327344 0.41875 0.0296875 0.040625
0 0.107813 0.192188 0.034375 0.0375
0 0.354688 0.595312 0.034375 0.05
0 0.104687 0.488281 0.0375 0.0578125
0 0.728125 0.127344 0.03125 0.0359375
0 0.0742188 0.203125 0.0390625 0.04375
0 0.335156 0.292969 0.0640625 0.0484375
0 0.469531 0.578906 0.0359375 0.0421875
0 0.725 0.202344 0.040625 0.0421875
0 0.0726563 0.246094 0.0421875 0.0515625
0 0.316406 0.379687 0.0265625 0.03125
0 0.0117188 0.505469 0.0234375 0.0359375
0 0.724219 0.327344 0.0296875 0.0359375
0 0.733594 0.625781 0.0328125 0.0484375
0 0.0851562 0.341406 0.0328125 0.0390625
0 0.130469 0.229687 0.0359375 0.034375
0 0.642969 0.635938 0.0359375 0.053125
0 0.767969 0.346094 0.0390625 0.0421875
0 0.478125 0.297656 0.025 0.0390625
0 0.841406 0.552344 0.0328125 0.0484375
0 0.710938 0.428906 0.03125 0.0390625
0 0.586719 0.498437 0.0296875 0.034375
0 0.809375 0.567969 0.03125 0.0515625
0 0.240625 0.18125 0.03125 0.0375
0 0.489062 0.528906 0.06875 0.0984375
0 0.985937 0.371094 0.028125 0.0703125
0 0.0367187 0.498437 0.0296875 0.040625
0 0.273438 0.163281 0.0375 0.0484375
0 0.878125 0.645312 0.03125 0.04375
0 0.325 0.566406 0.0375 0.0421875
0 0.139844 0.160938 0.0328125 0.04375
0 0.0210938 0.557813 0.0328125 0.040625
0 0.0265625 0.267188 0.0375 0.05625
0 0.548437 0.142969 0.03125 0.0453125
0 0.294531 0.567969 0.0296875 0.0421875
0 0.6125 0.739062 0.04375 0.05
0 0.164062 0.309375 0.05 0.04375
0 0.704687 0.578125 0.040625 0.04375
0 0.58125 0.0773437 0.034375 0.0390625
0 0.480469 0.335156 0.0296875 0.0359375
0 0.426562 0.778906 0.034375 0.0484375
0 0.345313 0.335156 0.028125 0.0328125
0 0.235156 0.294531 0.0296875 0.0328125
0 0.125781 0.117969 0.0609375 0.0421875
0 0.322656 0.160156 0.0515625 0.0546875
0 0.588281 0.696094 0.0265625 0.0390625
0 0.372656 0.0835937 0.0328125 0.0359375
0 0.407813 0.535156 0.03125 0.0390625
0 0.388281 0.478125 0.0328125 0.040625
0 0.425781 0.315625 0.0296875 0.05
0 0.221094 0.705469 0.0453125 0.0546875
0 0.967188 0.428125 0.04375 0.04375
0 0.116406 0.342187 0.0265625 0.0375
0 0.89375 0.0273438 0.05625 0.0453125
0 0.285937 0.223438 0.04375 0.053125
0 0.146094 0.263281 0.0640625 0.0453125
0 0.585938 0.542188 0.046875 0.046875
0 0.770312 0.544531 0.040625 0.0546875
0 0.0421875 0.135156 0.071875 0.0859375
0 0.0390625 0.654688 0.034375 0.04375
0 0.0945313 0.284375 0.0484375 0.04375
0 0.60625 0.205469 0.0375 0.0546875
0 0.147656 0.591406 0.0359375 0.0609375
0 0.807813 0.19375 0.0625 0.065625
0 0.532031 0.592969 0.0328125 0.0484375
0 0.320312 0.472656 0.03125 0.0421875
0 0.270312 0.3 0.0375 0.053125
0 0.215625 0.355469 0.05625 0.0421875
0 0.677344 0.479688 0.0453125 0.06875
0 0.580469 0.592969 0.0390625 0.0546875
0 0.970312 0.5 0.03125 0.05
0 0.789062 0.621875 0.0375 0.046875
0 0.509375 0.167187 0.028125 0.034375
0 0.395312 0.253125 0.06875 0.090625
0 0.921094 0.400781 0.0515625 0.0765625
0 0.671875 0.170312 0.03125 0.040625
0 0.258594 0.425781 0.0390625 0.0359375
0 0.828125 0.0375 0.05 0.05
0 0.43125 0.120312 0.034375 0.040625
0 0.616406 0.682031 0.0359375 0.0484375
0 0.220313 0.575781 0.04375 0.0421875
0 0.728125 0.695312 0.028125 0.040625
0 0.35 0.510938 0.040625 0.06875
0 0.615625 0.33125 0.06875 0.053125
0 0.1 0.402344 0.05625 0.0640625
0 0.640625 0.182031 0.040625 0.0578125
0 0.807031 0.296094 0.0296875 0.0359375
0 0.515625 0.31875 0.0375 0.053125
0 0.723437 0.519531 0.0375 0.0609375
0 0.284375 0.4625 0.0375 0.040625
0 0.68125 0.742188 0.0375 0.05625
0 0.273438 0.10625 0.034375 0.04375
0 0.93125 0.475781 0.0375 0.0484375
0 0.417969 0.178125 0.0515625 0.0625
0 0.679688 0.128906 0.034375 0.0421875
0 0.75 0.732031 0.03125 0.0421875
0 0.488281 0.128906 0.0390625 0.0546875
0 0.265625 0.621094 0.034375 0.0484375
0 0.542188 0.410937 0.03125 0.04375
0 0.914844 0.159375 0.0484375 0.05625
0 0.779688 0.394531 0.0375 0.0515625
0 0.613281 0.391406 0.0359375 0.0515625
0 0.686719 0.655469 0.0359375 0.0703125
0 0.760156 0.157813 0.0484375 0.053125
0 0.25 0.505469 0.034375 0.0390625
0 0.970312 0.579687 0.04375 0.071875
0 0.921094 0.567187 0.0328125 0.04375
0 0.93125 0.08125 0.05 0.06875
0 0.73125 0.0570313 0.0625 0.0578125
0 0.842188 0.648438 0.034375 0.05625
0 0.570312 0.270312 0.04375 0.05625
0 0.790625 0.25625 0.03125 0.04375
0 0.769531 0.46875 0.0578125 0.065625
0 0.7125 0.76875 0.040625 0.053125
0 0.973437 0.103906 0.04375 0.0515625
0 0.667188 0.397656 0.05 0.0796875
0 0.722656 0.470313 0.0328125 0.040625
0 0.879687 0.582812 0.040625 0.071875
0 0.929688 0.280469 0.034375 0.0484375
0 0.707031 0.2875 0.0421875 0.059375
0 0.053125 0.391406 0.034375 0.0421875
0 0.610937 0.146094 0.040625 0.0546875
0 0.503125 0.382031 0.05 0.0578125
0 0.816406 0.477344 0.0421875 0.0484375
0 0.50625 0.258594 0.065625 0.0578125
0 0.491406 0.205469 0.0390625 0.0484375
0 0.232031 0.24375 0.0984375 0.06875
