0 0.103125 0.685938 0.0375 0.034375
0 0.442187 0.830469 0.03125 0.0421875
0 0.783594 0.784375 0.0296875 0.04375
0 0.199219 0.117969 0.0296875 0.0421875
0 0.679688 0.0953125 0.021875 0.034375
0 0.640625 0.228125 0.046875 0.046875
0 0.935156 0.741406 0.0265625 0.0390625
0 0.323438 0.38125 0.034375 0.05625
0 0.317969 0.0671875 0.0421875 0.034375
0 0.0101562 0.78125 0.0203125 0.053125
0 0.260156 0.1875 0.0234375 0.053125
0 0.527344 0.135937 0.0359375 0.059375
0 0.660156 0.692187 0.0265625 0.046875
0 0.0960938 0.292188 0.0390625 0.028125
0 0.588281 0.317187 0.0296875 0.0375
0 0.792969 0.203125 0.0359375 0.0375
0 0.407031 0.427344 0.0234375 0.0421875
0 0.034375 0.407813 0.025 0.034375
0 0.08125 0.682813 0.04375 0.040625
0 0.978906 0.639063 0.0359375 0.04375
0 0.935938 0.686719 0.028125 0.0515625
0 0.0101562 0.689844 0.0203125 0.0421875
0 0.610156 0.849219 0.0296875 0.0484375
0 0.540625 0.682813 0.034375 0.05625
0 0.257812 0.407813 0.025 0.034375
0 0.265625 0.49375 0.03125 0.046875
0 0.176563 0.175 0.04375 0.046875
0 0.646094 0.2625 0.0296875 0.03125
0 0.232031 0.414844 0.0390625 0.0484375
0 0.745313 0.0289063 0.028125 0.0359375
0 0.30625 0.707031 0.028125 0.0453125
0 0.0226563 0.726562 0.0421875 0.0375
0 0.00859375 0.522656 0.0171875 0.0453125
0 0.0210938 0.0546875 0.0359375 0.0375
0 0.627344 0.113281 0.0296875 0.0328125
0 0.0101562 0.214062 0.0203125 0.04375
0 0.0476562 0.380469 0.0359375 0.0296875
0 0.291406 0.133594 0.0234375 0.0328125
0 0.429688 0.173438 0.025 0.053125
0 0.08125 0.532812 0.03125 0.0375
0 0.316406 0.409375 0.0296875 0.040625
0 0.128125 0.199219 0.034375 0.0359375
0 0.664844 0.296094 0.0265625 0.0515625
0 0.354688 0.792188 0.034375 0.0375
0 0.746875 0.252344 0.03125 0.0390625
0 0.279687 0.426562 0.028125 0.040625
0 0.375781 0.476562 0.0390625 0.04375
0 0.707031 0.760938 0.0421875 0.05625
0 0.485156 0.111719 0.0265625 0.0328125
0 0.0210938 0.316406 0.0328125 0.0421875
0 0.150781 0.423438 0.0390625 0.034375
0 0.440625 0.689844 0.025 0.0390625
0 0.741406 0.417188 0.0328125 0.0375
0 0.909375 0.673437 0.028125 0.040625
0 0.775 0.509375 0.028125 0.034375
0 0.583594 0.0914062 0.0265625 0.0484375
0 0.0914062 0.564844 0.0296875 0.0328125
0 0.452344 0.0703125 0.0296875 0.034375
0 0.891406 0.386719 0.0296875 0.0484375
0 0.671875 0.6125 0.028125 0.04375
0 0.453906 0.103906 0.0296875 0.0328125
0 0.61875 0.628125 0.025 0.034375
0 0.846875 0.792969 0.034375 0.0515625
0 0.488281 0.0679687 0.0265625 0.0359375
0 0.916406 0.21875 0.0390625 0.05625
0 0.127344 0.728125 0.0296875 0.034375
0 0.682813 0.815625 0.040625 0.075
0 0.373437 0.2125 0.03125 0.04375
0 0.220313 0.585156 0.034375 0.0484375
0 0.932031 0.435937 0.0421875 0.0625
0 0.179688 0.457812 0.028125 0.034375
0 0.350781 0.702344 0.0328125 0.0421875
0 0.075 0.617969 0.03125 0.0359375
0 0.324219 0.728906 0.0296875 0.0328125
0 0.291406 0.53125 0.0484375 0.084375
0 0.983594 0.690625 0.0328125 0.046875
0 0.647656 0.877344 0.0390625 0.0484375
0 0.519531 0.535937 0.0390625 0.05625
0 0.709375 0.405469 0.03125 0.0390625
0 0.7 0.21875 0.046875 0.05625
0 0.65625 0.453906 0.0625 0.0890625
0 0.901563 0.327344 0.03125 0.0421875
0 0.684375 0.146094 0.046875 0.0609375
0 0.827344 0.302344 0.0390625 0.0515625
0 0.028125 0.171875 0.0375 0.046875
0 0.589844 0.70625 0.0265625 0.0375
0 0.494531 0.621094 0.0390625 0.0515625
0 0.509375 0.755469 0.03125 0.0484375
0 0.479688 0.730469 0.03125 0.0546875
0 0.707031 0.295312 0.0421875 0.06875
0 0.075 0.382812 0.034375 0.034375
0 0.283594 0.721094 0.0265625 0.0484375
0 0.01875 0.352344 0.03125 0.0453125
0 0.196875 0.308594 0.028125 0.0359375
0 0.0859375 0.0890625 0.034375 0.040625
0 0.467187 0.297656 0.040625 0.0328125
0 0.195312 0.380469 0.03125 0.0390625
0 0.210938 0.266406 0.034375 0.0484375
0 0.71875 0.652344 0.028125 0.0421875
0 0.290625 0.382031 0.025 0.0328125
0 0.833594 0.196094 0.0265625 0.0390625
0 0.160156 0.65625 0.0328125 0.04375
0 0.603906 0.26875 0.0359375 0.053125
0 0.147656 0.248437 0.0359375 0.05
0 0.715625 0.0289063 0.028125 0.0359375
0 0.790625 0.403906 0.0375 0.0515625
0 0.200781 0.51875 0.0546875 0.04375
0 0.571875 0.159375 0.028125 0.03125
0 0.882031 0.200781 0.0484375 0.0546875
0 0.198437 0.479688 0.028125 0.03125
0 0.870313 0.128906 0.0375 0.0421875
0 0.221875 0.707812 0.03125 0.0375
0 0.739844 0.303906 0.0328125 0.0453125
0 0.535156 0.736719 0.0296875 0.0578125
0 0.834375 0.390625 0.03125 0.059375
0 0.952344 0.596094 0.0390625 0.0515625
0 0.471094 0.682813 0.0421875 0.05
0 0.504687 0.185156 0.034375 0.0453125
0 0.357812 0.753906 0.03125 0.0359375
0 0.503125 0.240625 0.03125 0.0375
0 0.826563 0.150781 0.0375 0.0484375
0 0.867188 0.33125 0.03125 0.034375
0 0.108594 0.145313 0.0390625 0.05625
0 0.277344 0.620313 0.0328125 0.05
0 0.0523437 0.639844 0.0296875 0.0328125
0 0.0484375 0.522656 0.0375 0.0546875
0 0.0710938 0.719531 0.0328125 0.0484375
0 0.978906 0.422656 0.0359375 0.0453125
0 0.759375 0.828125 0.034375 0.053125
0 0.0242187 0.654688 0.0328125 0.046875
0 0.740625 0.360938 0.0375 0.053125
0 0.909375 0.480469 0.028125 0.0484375
0 0.386719 0.783594 0.0296875 0.0328125
0 0.270312 0.259375 0.05 0.075
0 0.874219 0.2875 0.0328125 0.05
0 0.238281 0.310156 0.0421875 0.0515625
0 0.553906 0.584375 0.0359375 0.05
0 0.624219 0.0789063 0.0359375 0.0484375
0 0.135937 0.517187 0.059375 0.075
0 0.477344 0.430469 0.0265625 0.0359375
0 0.434375 0.424219 0.03125 0.0421875
0 0.15625 0.574219 0.03125 0.0421875
0 0.465625 0.153906 0.034375 0.0390625
0 0.359375 0.532812 0.03125 0.0375
0 0.884375 0.607813 0.034375 0.046875
0 0.517187 0.589063 0.03125 0.04375
0 0.553906 0.405469 0.0453125 0.0515625
0 0.128125 0.646875 0.034375 0.040625
0 0.428125 0.553125 0.034375 0.0375
0 0.296094 0.658594 0.0296875 0.0359375
0 0.607813 0.171094 0.0375 0.0484375
0 0.0390625 0.603906 0.025 0.0359375
0 0.332031 0.210156 0.0515625 0.0546875
0 0.0554687 0.207813 0.0421875 0.059375
0 0.0703125 0.416406 0.03125 0.0359375
0 0.741406 0.477344 0.0359375 0.0546875
0 0.557813 0.189063 0.03125 0.0375
0 0.157813 0.304688 0.034375 0.053125
0 0.56875 0.727344 0.028125 0.0421875
0 0.521875 0.358594 0.028125 0.0359375
0 0.758594 0.192188 0.0421875 0.05
0 0.609375 0.45625 0.03125 0.05
0 0.758594 0.575 0.0328125 0.053125
0 0.955469 0.240625 0.0609375 0.053125
0 0.748438 0.0695312 0.03125 0.0390625
0 0.864062 0.554688 0.028125 0.040625
0 0.375781 0.394531 0.0421875 0.0609375
0 0.31875 0.107813 0.05 0.046875
0 0.702344 0.5125 0.0390625 0.05625
0 0.14375 0.367969 0.053125 0.0609375
0 0.138281 0.609375 0.0265625 0.0375
0 0.817187 0.629687 0.046875 0.05625
0 0.0984375 0.733594 0.028125 0.0421875
0 0.492188 0.551562 0.03125 0.040625
0 0.617969 0.527344 0.0484375 0.0546875
0 0.392188 0.528906 0.034375 0.0484375
0 0.259375 0.730469 0.028125 0.0421875
0 0.85625 0.167969 0.028125 0.0359375
0 0.20625 0.654688 0.034375 0.04375
0 0.0710938 0.466406 0.0421875 0.0546875
0 0.257031 0.36875 0.0359375 0.053125
0 0.985156 0.292188 0.0296875 0.05625
0 0.242188 0.64375 0.03125 0.046875
0 0.507812 0.469531 0.034375 0.0546875
0 0.885156 0.714063 0.0359375 0.04375
0 0.439063 0.257031 0.03125 0.0640625
0 0.867188 0.240625 0.028125 0.034375
0 0.0914062 0.3375 0.0546875 0.0625
0 0.0164062 0.4625 0.0328125 0.053125
0 0.792969 0.56875 0.0328125 0.05
0 0.322656 0.304688 0.0453125 0.05
0 0.108594 0.605469 0.0359375 0.0515625
0 0.797656 0.114063 0.0328125 0.040625
0 0.467969 0.514844 0.0390625 0.0515625
0 0.7375 0.530469 0.034375 0.0421875
0 0.375781 0.29375 0.0578125 0.06875
0 0.357812 0.590625 0.059375 0.06875
0 0.348437 0.157031 0.065625 0.0515625
0 0.570312 0.775 0.03125 0.040625
0 0.63125 0.334375 0.040625 0.04375
0 0.553125 0.100781 0.034375 0.0484375
0 0.560156 0.267969 0.0453125 0.0671875
0 0.555469 0.332031 0.0421875 0.0515625
0 0.467187 0.196875 0.0375 0.05
0 0.820312 0.508594 0.040625 0.0703125
0 0.355469 0.652344 0.0453125 0.0484375
0 0.178906 0.703906 0.0421875 0.0578125
0 0.194531 0.558594 0.0390625 0.0453125
0 0.789062 0.153125 0.03125 0.040625
0 0.364844 0.339844 0.0234375 0.0390625
0 0.0429688 0.120312 0.0515625 0.071875
0 0.235938 0.11875 0.03125 0.05
0 0.196875 0.345313 0.0375 0.04375
0 0.748438 0.13125 0.046875 0.071875
0 0.25 0.596094 0.034375 0.0515625
0 0.51875 0.300781 0.034375 0.0640625
0 0.921875 0.372656 0.034375 0.0453125
0 0.440625 0.378906 0.059375 0.0609375
0 0.808594 0.247656 0.0609375 0.0578125
0 0.842969 0.689062 0.0390625 0.059375
0 0.803125 0.691406 0.034375 0.0484375
0 0.285937 0.332031 0.040625 0.0578125
0 0.183594 0.617188 0.0359375 0.046875
0 0.422656 0.317187 0.0296875 0.0375
0 0.0523437 0.26875 0.0546875 0.0625
0 0.409375 0.0945313 0.05625 0.0640625
0 0.566406 0.492188 0.0796875 0.08125
0 0.396875 0.705469 0.040625 0.0546875
0 0.415625 0.596094 0.034375 0.0484375
0 0.772656 0.669531 0.0421875 0.0578125
0 0.955469 0.325781 0.0421875 0.0484375
0 0.665625 0.528906 0.034375 0.0453125
0 0.303906 0.458594 0.0484375 0.0609375
0 0.616406 0.396875 0.0546875 0.0625
0 0.8125 0.445312 0.040625 0.05
