0 0.814844 0.544531 0.0234375 0.0328125
0 0.310156 0.347656 0.0296875 0.0359375
0 0.296875 0.589844 0.021875 0.0296875
0 0.0242187 0.215625 0.0296875 0.025
0 0.171875 0.628125 0.028125 0.034375
0 0.617969 0.153906 0.0234375 0.0328125
0 0.270312 0.50625 0.025 0.028125
0 0.66875 0.719531 0.03125 0.0359375
0 0.0742188 0.324219 0.0421875 0.0515625
0 0.486719 0.5875 0.0265625 0.034375
0 0.29375 0.195312 0.028125 0.028125
0 0.03125 0.119531 0.0375 0.0421875
0 0.942187 0.0203125 0.034375 0.040625
0 0.0125 0.257812 0.025 0.0625
0 0.841406 0.465625 0.0234375 0.0375
0 0.713281 0.258594 0.0296875 0.0328125
0 0.6 0.679688 0.028125 0.053125
0 0.275781 0.621875 0.0296875 0.04375
0 0.235938 0.64375 0.025 0.04375
0 0.0375 0.667188 0.028125 0.03125
0 0.367188 0.0609375 0.05 0.046875
0 0.752344 0.542969 0.0265625 0.0390625
0 0.266406 0.144531 0.0421875 0.0453125
0 0.484375 0.346875 0.034375 0.03125
0 0.50625 0.210938 0.03125 0.034375
0 0.015625 0.178906 0.03125 0.0453125
0 0.985156 0.1875 0.0296875 0.040625
0 0.0523437 0.236719 0.0296875 0.0421875
0 0.524219 0.477344 0.0265625 0.0296875
0 0.421094 0.777344 0.0265625 0.0390625
0 0.261719 0.315625 0.0453125 0.0375
0 0.732031 0.202344 0.0265625 0.0359375
0 0.302344 0.757031 0.0328125 0.0484375
0 0.520312 0.05625 0.046875 0.0375
0 0.276563 0.35 0.03125 0.040625
0 0.10625 0.755469 0.04375 0.0484375
0 0.147656 0.615625 0.0265625 0.03125
0 0.500781 0.723437 0.0421875 0.053125
0 0.0265625 0.354688 0.0375 0.04375
0 0.642187 0.682813 0.03125 0.05
0 0.414062 0.332031 0.03125 0.0453125
0 0.446875 0.221094 0.034375 0.0453125
0 0.382812 0.652344 0.025 0.0296875
0 0.526563 0.353125 0.03125 0.028125
0 0.147656 0.5375 0.0328125 0.034375
0 0.292969 0.704687 0.0328125 0.046875
0 0.0601562 0.294531 0.0421875 0.0390625
0 0.489062 0.160938 0.034375 0.046875
0 0.49375 0.678906 0.028125 0.0390625
0 0.927344 0.328906 0.0421875 0.0578125
0 0.825781 0.121875 0.0390625 0.04375
0 0.524219 0.278906 0.0390625 0.0390625
0 0.345313 0.125781 0.053125 0.0484375
0 0.321094 0.580469 0.0328125 0.0359375
0 0.0945313 0.826563 0.0328125 0.034375
0 0.0203125 0.760156 0.0375 0.0609375
0 0.383594 0.75625 0.0265625 0.05
0 0.309375 0.376563 0.03125 0.0375
0 0.249219 0.0664062 0.0453125 0.0296875
0 0.640625 0.822656 0.03125 0.0453125
0 0.753125 0.188281 0.0375 0.0484375
0 0.119531 0.854688 0.0359375 0.078125
0 0.317969 0.616406 0.0328125 0.0390625
0 0.0859375 0.546094 0.03125 0.0421875
0 0.692187 0.0648438 0.065625 0.0765625
0 0.236719 0.81875 0.0359375 0.04375
0 0.45625 0.457031 0.028125 0.0359375
0 0.467187 0.388281 0.05 0.0515625
0 0.417969 0.516406 0.0640625 0.0828125
0 0.840625 0.548437 0.025 0.04375
0 0.821094 0.730469 0.0328125 0.0421875
0 0.239063 0.735937 0.03125 0.046875
0 0.742969 0.273438 0.0359375 0.04375
0 0.482031 0.315625 0.0640625 0.046875
0 0.05 0.603906 0.040625 0.0421875
0 0.782031 0.464063 0.0671875 0.053125
0 0.310937 0.551562 0.028125 0.040625
0 0.797656 0.620313 0.0390625 0.059375
0 0.985937 0.304688 0.028125 0.04375
0 0.157813 0.121094 0.025 0.0421875
0 0.111719 0.314844 0.0265625 0.0328125
0 0.383594 0.338281 0.0265625 0.0296875
0 0.144531 0.680469 0.0328125 0.0546875
0 0.125781 0.411719 0.0296875 0.0328125
0 0.397656 0.396094 0.0390625 0.0453125
0 0.125 0.125781 0.0375 0.0421875
0 0.0171875 0.628906 0.028125 0.0328125
0 0.0195312 0.0578125 0.0328125 0.03125
0 0.186719 0.117188 0.0296875 0.040625
0 0.283594 0.550781 0.0296875 0.0390625
0 0.375781 0.589063 0.0296875 0.034375
0 0.13125 0.360938 0.05 0.05625
0 0.507812 0.565625 0.021875 0.03125
0 0.430469 0.582031 0.0359375 0.0359375
0 0.192969 0.801562 0.0515625 0.0625
0 0.315625 0.278906 0.034375 0.0390625
0 0.616406 0.841406 0.0265625 0.0328125
0 0.639063 0.333594 0.034375 0.0390625
0 0.396094 0.248437 0.0359375 0.034375
0 0.233594 0.265625 0.0328125 0.034375
0 0.973437 0.404687 0.0375 0.040625
0 0.279687 0.385938 0.028125 0.03125
0 0.299219 0.4375 0.0578125 0.078125
0 0.239844 0.479688 0.0328125 0.046875
0 0.716406 0.436719 0.0296875 0.0390625
0 0.450781 0.677344 0.0421875 0.0390625
0 0.710938 0.38125 0.025 0.0375
0 0.588281 0.159375 0.0328125 0.025
0 0.269531 0.770312 0.0390625 0.046875
0 0.589844 0.414062 0.0328125 0.059375
0 0.0617188 0.686719 0.0328125 0.0390625
0 0.295312 0.0835937 0.0375 0.0390625
0 0.265625 0.719531 0.028125 0.0421875
0 0.355469 0.729688 0.0296875 0.0375
0 0.935938 0.103125 0.028125 0.034375
0 0.101562 0.0960938 0.034375 0.0421875
0 0.940625 0.405469 0.025 0.0328125
0 0.313281 0.222656 0.0296875 0.0328125
0 0.824219 0.227344 0.0296875 0.0359375
0 0.0164062 0.586719 0.0328125 0.0484375
0 0.121094 0.595312 0.0359375 0.046875
0 0.913281 0.445312 0.0390625 0.040625
0 0.126563 0.790625 0.034375 0.040625
0 0.758594 0.240625 0.0296875 0.0375
0 0.139062 0.45 0.034375 0.034375
0 0.0171875 0.483594 0.034375 0.0671875
0 0.91875 0.153125 0.05625 0.059375
0 0.333594 0.767969 0.0265625 0.0359375
0 0.821094 0.392188 0.0328125 0.04375
0 0.297656 0.5125 0.0265625 0.0375
0 0.0609375 0.752344 0.03125 0.0453125
0 0.333594 0.825781 0.0328125 0.0421875
0 0.107031 0.515625 0.0390625 0.040625
0 0.684375 0.404687 0.05 0.05625
0 0.251563 0.422656 0.034375 0.0421875
0 0.845312 0.271094 0.028125 0.0359375
0 0.460156 0.275 0.0359375 0.040625
0 0.684375 0.339844 0.0375 0.0453125
0 0.220313 0.121094 0.0375 0.0453125
0 0.155469 0.415625 0.0296875 0.040625
0 0.352344 0.370313 0.0328125 0.046875
0 0.185156 0.329688 0.0359375 0.046875
0 0.0648438 0.457812 0.0390625 0.05625
0 0.850781 0.196094 0.0328125 0.0328125
0 0.628125 0.753906 0.03125 0.0546875
0 0.511719 0.632031 0.0359375 0.0359375
0 0.797656 0.201562 0.0328125 0.04375
0 0.641406 0.292969 0.0296875 0.0359375
0 0.203125 0.4375 0.034375 0.034375
0 0.192188 0.392188 0.0375 0.04375
0 0.849219 0.0789063 0.0390625 0.0515625
0 0.0484375 0.534375 0.040625 0.065625
0 0.678125 0.839844 0.0375 0.0578125
0 0.171875 0.441406 0.028125 0.0328125
0 0.89375 0.48125 0.040625 0.053125
0 0.866406 0.439063 0.0359375 0.040625
0 0.357031 0.625 0.0390625 0.046875
0 0.330469 0.516406 0.0359375 0.0390625
0 0.892969 0.2 0.0390625 0.04375
0 0.235156 0.38125 0.0296875 0.040625
0 0.571875 0.635156 0.034375 0.0484375
0 0.603906 0.261719 0.0390625 0.0828125
0 0.417188 0.278906 0.028125 0.0359375
0 0.164062 0.296094 0.040625 0.0484375
0 0.972656 0.366406 0.0484375 0.0640625
0 0.440625 0.433594 0.03125 0.0359375
0 0.683594 0.28125 0.0390625 0.05625
0 0.357031 0.253906 0.0359375 0.0359375
0 0.19375 0.742188 0.0375 0.04375
0 0.0546875 0.807031 0.040625 0.0515625
0 0.560156 0.329688 0.0328125 0.040625
0 0.202344 0.20625 0.132812 0.096875
0 0.0710938 0.146875 0.0359375 0.0625
0 0.0632813 0.857813 0.0484375 0.059375
0 0.817969 0.172656 0.0328125 0.0390625
0 0.688281 0.664844 0.0359375 0.0578125
0 0.607813 0.802344 0.034375 0.0453125
0 0.603125 0.627344 0.034375 0.0453125
0 0.853906 0.310937 0.0296875 0.046875
0 0.0929687 0.217969 0.0515625 0.0703125
0 0.982031 0.119531 0.0359375 0.0421875
0 0.214844 0.353906 0.0328125 0.0359375
0 0.546875 0.4125 0.040625 0.065625
0 0.0984375 0.707812 0.040625 0.053125
0 0.638281 0.508594 0.0328125 0.0515625
0 0.70625 0.164844 0.046875 0.0671875
0 0.141406 0.167969 0.0328125 0.0421875
0 0.341406 0.320312 0.0453125 0.05
0 0.577344 0.0695312 0.0390625 0.0515625
0 0.0625 0.385156 0.046875 0.0671875
0 0.38125 0.166406 0.04375 0.0546875
0 0.158594 0.778906 0.0359375 0.0484375
0 0.896094 0.316406 0.0328125 0.0421875
0 0.796094 0.253125 0.0484375 0.05625
0 0.101562 0.621875 0.034375 0.046875
0 0.860937 0.501562 0.0375 0.040625
0 0.670313 0.142188 0.034375 0.05
0 0.542188 0.671094 0.040625 0.0578125
0 0.25625 0.102344 0.034375 0.0390625
0 0.608594 0.538281 0.0328125 0.0390625
0 0.866406 0.38125 0.0484375 0.059375
0 0.477344 0.54375 0.0359375 0.046875
0 0.117188 0.271875 0.040625 0.05
0 0.529688 0.530469 0.034375 0.0640625
0 0.780469 0.709375 0.0453125 0.059375
0 0.185937 0.671094 0.0375 0.0453125
0 0.380469 0.81875 0.0609375 0.053125
0 0.8125 0.317969 0.05 0.0546875
0 0.859375 0.232812 0.028125 0.0375
0 0.514063 0.382031 0.034375 0.0390625
0 0.182812 0.482812 0.059375 0.059375
0 0.153906 0.738281 0.0390625 0.0421875
0 0.769531 0.105469 0.0671875 0.0921875
0 0.751562 0.639844 0.05625 0.0796875
0 0.653125 0.571875 0.040625 0.059375
0 0.738281 0.365625 0.0390625 0.0625
0 0.878125 0.542188 0.0375 0.05
0 0.889063 0.0953125 0.040625 0.053125
0 0.914062 0.382031 0.034375 0.0421875
0 0.397656 0.446094 0.0390625 0.0484375
0 0.275 0.26875 0.03125 0.04375
0 0.64375 0.221094 0.065625 0.0984375
0 0.435156 0.1125 0.0671875 0.065625
0 0.632031 0.103906 0.0359375 0.0609375
0 0.354688 0.680469 0.071875 0.0546875
0 0.420312 0.632031 0.0625 0.0609375
0 0.59375 0.194531 0.040625 0.0484375
0 0.542969 0.157031 0.0578125 0.0671875
0 0.496875 0.441406 0.0375 0.0765625
