0 0.0492188 0.449219 0.0296875 0.0390625
0 0.765625 0.675 0.028125 0.059375
0 0.644531 0.717188 0.0265625 0.040625
0 0.857813 0.904688 0.040625 0.053125
0 0.571875 0.546094 0.034375 0.0421875
0 0.436719 0.649219 0.0265625 0.0390625
0 0.1125 0.758594 0.028125 0.0390625
0 0.110156 0.473437 0.0359375 0.0375
0 0.215625 0.154687 0.028125 0.028125
0 0.339063 0.267969 0.034375 0.0328125
0 0.607813 0.529688 0.021875 0.0375
0 0.978906 0.371094 0.0296875 0.0296875
0 0.0882813 0.445312 0.0359375 0.040625
0 0.678906 0.0703125 0.0265625 0.03125
0 0.442187 0.0171875 0.0375 0.03125
0 0.624219 0.692969 0.0296875 0.0453125
0 0.467187 0.294531 0.05 0.0484375
0 0.678906 0.682813 0.0265625 0.03125
0 0.0125 0.44375 0.025 0.103125
0 0.453906 0.103125 0.0265625 0.040625
0 0.340625 0.225 0.0375 0.028125
0 0.926562 0.721875 0.040625 0.059375
0 0.0585938 0.808594 0.0296875 0.0328125
0 0.727344 0.238281 0.0296875 0.0328125
0 0.235938 0.65 0.028125 0.046875
0 0.496875 0.682813 0.034375 0.075
0 0.146875 0.540625 0.034375 0.046875
0 0.748438 0.698438 0.03125 0.040625
0 0.596094 0.610937 0.0296875 0.040625
0 0.571094 0.470313 0.0234375 0.034375
0 0.90625 0.280469 0.028125 0.0359375
0 0.571094 0.690625 0.0296875 0.05
0 0.289844 0.558594 0.0328125 0.0390625
0 0.872656 0.225 0.0265625 0.0375
0 0.0515625 0.726562 0.040625 0.040625
0 0.950781 0.55625 0.0359375 0.053125
0 0.0117188 0.574219 0.0234375 0.0390625
0 0.277344 0.449219 0.0390625 0.0421875
0 0.400781 0.107813 0.0359375 0.040625
0 0.921875 0.154687 0.025 0.034375
0 0.0851562 0.794531 0.0328125 0.0515625
0 0.934375 0.114844 0.028125 0.0328125
0 0.350781 0.435937 0.0328125 0.040625
0 0.165625 0.58125 0.028125 0.046875
0 0.247656 0.705469 0.0296875 0.0421875
0 0.858594 0.45625 0.0328125 0.0375
0 0.696094 0.598437 0.0296875 0.053125
0 0.339063 0.578906 0.028125 0.0359375
0 0.845312 0.371094 0.046875 0.0546875
0 0.966406 0.257031 0.0328125 0.0546875
0 0.282031 0.358594 0.0328125 0.0453125
0 0.951563 0.15 0.028125 0.046875
0 0.324219 0.453906 0.0328125 0.0328125
0 0.242969 0.764063 0.0328125 0.0375
0 0.478125 0.79375 0.03125 0.05
0 0.477344 0.596875 0.0296875 0.053125
0 0.0375 0.0914062 0.05 0.0328125
0 0.847656 0.280469 0.0296875 0.0296875
0 0.650781 0.388281 0.0359375 0.0421875
0 0.0820312 0.0953125 0.0296875 0.03125
0 0.928125 0.503125 0.03125 0.040625
0 0.0796875 0.403125 0.03125 0.03125
0 0.59375 0.0703125 0.034375 0.046875
0 0.264844 0.655469 0.0296875 0.0390625
0 0.64375 0.586719 0.034375 0.0546875
0 0.958594 0.413281 0.0328125 0.0640625
0 0.942187 0.353125 0.03125 0.040625
0 0.79375 0.678125 0.028125 0.040625
0 0.845312 0.244531 0.034375 0.0328125
0 0.345313 0.130469 0.059375 0.0484375
0 0.0898438 0.214844 0.0296875 0.0296875
0 0.264844 0.613281 0.0296875 0.0390625
0 0.826563 0.449219 0.034375 0.0515625
0 0.0734375 0.132812 0.040625 0.046875
0 0.635156 0.521094 0.0265625 0.0421875
0 0.06875 0.251563 0.028125 0.040625
0 0.35 0.527344 0.034375 0.0453125
0 0.428906 0.455469 0.0296875 0.0390625
0 0.345313 0.852344 0.053125 0.0546875
0 0.309375 0.148438 0.0375 0.034375
0 0.545313 0.578125 0.040625 0.053125
0 0.742188 0.635156 0.03125 0.0484375
0 0.299219 0.858594 0.0359375 0.0484375
0 0.479688 0.229687 0.04375 0.059375
0 0.3 0.200781 0.071875 0.0609375
0 0.564062 0.286719 0.0625 0.0703125
0 0.01875 0.129688 0.0375 0.0375
0 0.676562 0.430469 0.053125 0.0453125
0 0.370313 0.673437 0.053125 0.053125
0 0.817187 0.169531 0.0375 0.0515625
0 0.304688 0.796094 0.034375 0.0546875
0 0.629687 0.210156 0.03125 0.0328125
0 0.267969 0.146094 0.0359375 0.0484375
0 0.790625 0.142969 0.034375 0.0359375
0 0.569531 0.157813 0.0453125 0.06875
0 0.4375 0.375781 0.040625 0.0421875
0 0.61875 0.295312 0.03125 0.040625
0 0.641406 0.754687 0.0328125 0.04375
0 0.810938 0.1 0.03125 0.040625
0 0.360156 0.758594 0.0265625 0.0390625
0 0.542188 0.73125 0.040625 0.05
0 0.682031 0.723437 0.0390625 0.053125
0 0.900781 0.560938 0.0328125 0.053125
0 0.402344 0.75 0.0453125 0.06875
0 0.475 0.864062 0.040625 0.0625
0 0.177344 0.174219 0.0328125 0.0359375
0 0.170312 0.388281 0.0375 0.0484375
0 0.460938 0.638281 0.034375 0.0515625
0 0.875 0.159375 0.040625 0.040625
0 0.526563 0.6375 0.034375 0.05
0 0.132031 0.429688 0.0296875 0.04375
0 0.721875 0.601562 0.03125 0.046875
0 0.863281 0.508594 0.0390625 0.0515625
0 0.25625 0.252344 0.05 0.0796875
0 0.648438 0.823438 0.046875 0.0625
0 0.917969 0.326562 0.0265625 0.04375
0 0.164062 0.065625 0.03125 0.034375
0 0.746875 0.553906 0.034375 0.0640625
0 0.921094 0.190625 0.0328125 0.046875
0 0.816406 0.782812 0.0453125 0.05
0 0.139062 0.823438 0.0375 0.053125
0 0.471094 0.3875 0.0296875 0.034375
0 0.151562 0.215625 0.040625 0.046875
0 0.450781 0.170312 0.0453125 0.059375
0 0.330469 0.310156 0.0328125 0.0359375
0 0.248437 0.479688 0.034375 0.05
0 0.671875 0.484375 0.028125 0.0375
0 0.371875 0.800781 0.046875 0.0515625
0 0.292969 0.507031 0.0359375 0.0515625
0 0.648438 0.336719 0.0375 0.0453125
0 0.228125 0.810156 0.0375 0.0453125
0 0.6 0.746094 0.034375 0.0515625
0 0.253906 0.314063 0.0328125 0.0375
0 0.529688 0.111719 0.034375 0.0515625
0 0.907812 0.64375 0.0375 0.053125
0 0.79375 0.390625 0.028125 0.04375
0 0.959375 0.489062 0.034375 0.05625
0 0.667188 0.167969 0.0375 0.0484375
0 0.0804688 0.697656 0.0359375 0.0515625
0 0.217187 0.266406 0.0375 0.0546875
0 0.223438 0.347656 0.04375 0.0640625
0 0.160156 0.444531 0.0359375 0.0421875
0 0.982813 0.171875 0.028125 0.0375
0 0.7125 0.103906 0.028125 0.0359375
0 0.0164062 0.621875 0.0296875 0.05
0 0.945312 0.682031 0.03125 0.0453125
0 0.0835937 0.59375 0.0359375 0.05
0 0.489844 0.541406 0.0328125 0.0484375
0 0.758594 0.109375 0.0421875 0.05625
0 0.333594 0.728906 0.0328125 0.0390625
0 0.0203125 0.269531 0.040625 0.0515625
0 0.632812 0.478125 0.03125 0.040625
0 0.394531 0.514844 0.0328125 0.0390625
0 0.513281 0.40625 0.0484375 0.059375
0 0.882812 0.0835937 0.034375 0.0359375
0 0.208594 0.683594 0.0296875 0.0453125
0 0.603125 0.360156 0.0375 0.0390625
0 0.908594 0.377344 0.0296875 0.0390625
0 0.446094 0.815625 0.0359375 0.053125
0 0.184375 0.529688 0.028125 0.040625
0 0.939062 0.623438 0.046875 0.065625
0 0.090625 0.553906 0.03125 0.0359375
0 0.782031 0.60625 0.0359375 0.05625
0 0.485156 0.451562 0.0421875 0.05
0 0.43125 0.691406 0.034375 0.0453125
0 0.123438 0.241406 0.034375 0.0484375
0 0.207813 0.553125 0.028125 0.040625
0 0.0484375 0.616406 0.03125 0.0359375
0 0.688281 0.383594 0.0359375 0.0390625
0 0.217187 0.600781 0.05625 0.0640625
0 0.203125 0.434375 0.046875 0.05
0 0.216406 0.511719 0.0328125 0.0359375
0 0.185156 0.485938 0.0359375 0.0375
0 0.146875 0.271875 0.0375 0.05
0 0.928125 0.252344 0.0375 0.0453125
0 0.375781 0.58125 0.0421875 0.053125
0 0.460156 0.341406 0.0359375 0.0359375
0 0.171094 0.340625 0.0359375 0.046875
0 0.295312 0.400781 0.046875 0.0546875
0 0.524219 0.530469 0.0359375 0.0484375
0 0.320312 0.622656 0.06875 0.0578125
0 0.0445312 0.499219 0.0296875 0.0421875
0 0.158594 0.504687 0.0328125 0.040625
0 0.701563 0.653125 0.034375 0.046875
0 0.317969 0.34375 0.0359375 0.0375
0 0.5375 0.477344 0.034375 0.0515625
0 0.789844 0.736719 0.0453125 0.0609375
0 0.380469 0.474219 0.0296875 0.0484375
0 0.834375 0.547656 0.059375 0.0609375
0 0.397656 0.255469 0.0671875 0.0484375
0 0.401563 0.632812 0.0375 0.05
0 0.610937 0.577344 0.034375 0.0515625
0 0.457031 0.50625 0.0359375 0.040625
0 0.116406 0.510156 0.0328125 0.0484375
0 0.400781 0.346875 0.0703125 0.065625
0 0.0664062 0.34375 0.0984375 0.10625
0 0.435156 0.222656 0.0296875 0.0390625
0 0.596094 0.657812 0.0328125 0.05
0 0.280469 0.09375 0.0390625 0.05625
0 0.840625 0.624219 0.040625 0.0703125
0 0.758594 0.271875 0.0578125 0.078125
0 0.344531 0.371875 0.0359375 0.04375
0 0.667188 0.115625 0.03125 0.040625
0 0.24375 0.396094 0.053125 0.0640625
0 0.525781 0.245312 0.0421875 0.05625
0 0.917969 0.453125 0.0328125 0.04375
0 0.592188 0.225781 0.0375 0.0453125
0 0.192969 0.757812 0.0453125 0.08125
0 0.625781 0.407031 0.0296875 0.0390625
0 0.691406 0.329688 0.0421875 0.05
0 0.446875 0.553906 0.040625 0.0484375
0 0.808594 0.271094 0.0390625 0.0546875
0 0.564844 0.104687 0.0265625 0.0375
0 0.0453125 0.577344 0.034375 0.0390625
0 0.846094 0.130469 0.0359375 0.0421875
0 0.379687 0.299219 0.034375 0.0421875
0 0.210938 0.208594 0.0375 0.0578125
0 0.854688 0.73125 0.04375 0.059375
0 0.452344 0.747656 0.0359375 0.0578125
0 0.65625 0.258594 0.071875 0.0703125
0 0.566406 0.374219 0.0359375 0.0546875
0 0.730469 0.160938 0.0578125 0.05625
0 0.382812 0.403906 0.05625 0.0484375
0 0.671875 0.783594 0.0375 0.0515625
0 0.14375 0.672656 0.084375 0.0953125
0 0.130469 0.602344 0.0359375 0.0453125
0 0.114844 0.38125 0.0453125 0.05625
0 0.128125 0.10625 0.05625 0.059375
