0 0.222656 0.2625 0.0234375 0.03125
0 0.669531 0.4875 0.0453125 0.04375
0 0.142969 0.532031 0.0265625 0.0453125
0 0.453906 0.624219 0.0234375 0.0359375
0 0.628906 0.728125 0.0296875 0.046875
0 0.276563 0.494531 0.025 0.0390625
0 0.270312 0.358594 0.034375 0.0328125
0 0.246875 0.440625 0.025 0.03125
0 0.6875 0.021875 0.0625 0.04375
0 0.797656 0.349219 0.0265625 0.0390625
0 0.830469 0.245312 0.0296875 0.028125
0 0.944531 0.228906 0.0265625 0.0359375
0 0.924219 0.68125 0.0296875 0.034375
0 0.120312 0.717188 0.03125 0.040625
0 0.824219 0.725781 0.0234375 0.0359375
0 0.0273438 0.978906 0.0453125 0.0390625
0 0.369531 0.746875 0.0515625 0.046875
0 0.645312 0.702344 0.0375 0.0453125
0 0.130469 0.339844 0.0265625 0.0328125
0 0.232812 0.59375 0.028125 0.034375
0 0.0992187 0.175781 0.0453125 0.0453125
0 0.0203125 0.483594 0.034375 0.0453125
0 0.897656 0.0195312 0.0296875 0.0296875
0 0.336719 0.866406 0.0359375 0.0484375
0 0.278906 0.805469 0.0265625 0.0234375
0 0.453906 0.434375 0.0296875 0.028125
0 0.707812 0.434375 0.028125 0.034375
0 0.595312 0.8375 0.0375 0.040625
0 0.378125 0.365625 0.025 0.040625
0 0.833594 0.0117188 0.0421875 0.0234375
0 0.179688 0.657812 0.03125 0.034375
0 0.517187 0.125781 0.034375 0.0390625
0 0.652344 0.538281 0.0296875 0.0296875
0 0.771094 0.322656 0.0328125 0.0578125
0 0.2375 0.746875 0.028125 0.04375
0 0.753906 0.2125 0.0296875 0.0375
0 0.282031 0.845312 0.0359375 0.0375
0 0.821875 0.278125 0.028125 0.0375
0 0.728906 0.410156 0.0265625 0.0359375
0 0.227344 0.853125 0.0515625 0.046875
0 0.589063 0.110156 0.028125 0.0484375
0 0.700781 0.4 0.0234375 0.0375
0 0.3125 0.147656 0.03125 0.0640625
0 0.282031 0.0648438 0.0265625 0.0296875
0 0.476562 0.511719 0.034375 0.0359375
0 0.426562 0.816406 0.04375 0.0390625
0 0.871094 0.389844 0.0328125 0.0328125
0 0.317969 0.714844 0.0296875 0.0453125
0 0.451562 0.701563 0.025 0.034375
0 0.847656 0.290625 0.0265625 0.0375
0 0.635156 0.0710938 0.0421875 0.0328125
0 0.83125 0.636719 0.028125 0.0421875
0 0.333594 0.184375 0.0359375 0.046875
0 0.495313 0.084375 0.034375 0.0375
0 0.180469 0.615625 0.0296875 0.0375
0 0.741406 0.621875 0.0296875 0.046875
0 0.96875 0.342969 0.03125 0.0328125
0 0.2875 0.547656 0.025 0.0296875
0 0.0429688 0.447656 0.0359375 0.0421875
0 0.24375 0.559375 0.028125 0.0375
0 0.850781 0.438281 0.0265625 0.0359375
0 0.33125 0.770312 0.03125 0.034375
0 0.229687 0.689844 0.025 0.0359375
0 0.735156 0.355469 0.0296875 0.0453125
0 0.509375 0.696094 0.03125 0.0390625
0 0.772656 0.569531 0.0296875 0.0453125
0 0.155469 0.667188 0.0296875 0.0375
0 0.848437 0.333594 0.03125 0.0453125
0 0.852344 0.214062 0.0296875 0.05
0 0.414062 0.557031 0.028125 0.0359375
0 0.778125 0.0789063 0.0375 0.0421875
0 0.846875 0.526563 0.034375 0.0375
0 0.0546875 0.841406 0.03125 0.0671875
0 0.495313 0.664844 0.025 0.0359375
0 0.484375 0.303906 0.025 0.0328125
0 0.982813 0.319531 0.034375 0.0328125
0 0.926562 0.275 0.040625 0.040625
0 0.45625 0.226562 0.028125 0.040625
0 0.26875 0.766406 0.034375 0.0390625
0 0.478906 0.253125 0.0328125 0.040625
0 0.4625 0.785937 0.03125 0.040625
0 0.527344 0.552344 0.0265625 0.0421875
0 0.0460938 0.253125 0.0390625 0.05
0 0.200781 0.522656 0.0359375 0.0390625
0 0.179688 0.427344 0.0375 0.0421875
0 0.458594 0.3 0.0234375 0.034375
0 0.117188 0.129688 0.03125 0.034375
0 0.30625 0.826563 0.03125 0.0375
0 0.863281 0.649219 0.0328125 0.0546875
0 0.446094 0.403125 0.0328125 0.0375
0 0.689062 0.6375 0.034375 0.05625
0 0.096875 0.303906 0.03125 0.0453125
0 0.248437 0.192969 0.034375 0.0390625
0 0.703125 0.176563 0.05625 0.05625
0 0.402344 0.411719 0.0328125 0.0421875
0 0.89375 0.792969 0.0375 0.0390625
0 0.0898438 0.507812 0.0359375 0.0375
0 0.096875 0.85625 0.05 0.06875
0 0.485938 0.632812 0.034375 0.034375
0 0.453125 0.738281 0.0375 0.0453125
0 0.0117188 0.325781 0.0234375 0.0640625
0 0.103125 0.404687 0.028125 0.034375
0 0.961719 0.258594 0.0328125 0.0453125
0 0.503906 0.357031 0.0609375 0.0421875
0 0.885938 0.714063 0.028125 0.034375
0 0.109375 0.253125 0.0375 0.04375
0 0.0570313 0.282813 0.0328125 0.040625
0 0.982031 0.084375 0.0328125 0.04375
0 0.349219 0.600781 0.0453125 0.0546875
0 0.551562 0.407031 0.034375 0.0421875
0 0.417969 0.632812 0.0390625 0.046875
0 0.601562 0.178125 0.040625 0.05
0 0.692969 0.317969 0.0359375 0.0515625
0 0.314063 0.0976562 0.034375 0.0328125
0 0.432031 0.471094 0.0359375 0.0421875
0 0.721094 0.667188 0.0296875 0.04375
0 0.577344 0.446875 0.0421875 0.040625
0 0.85 0.709375 0.03125 0.03125
0 0.509375 0.789062 0.025 0.040625
0 0.550781 0.835938 0.0359375 0.040625
0 0.602344 0.489844 0.0296875 0.0328125
0 0.485156 0.878906 0.0328125 0.0421875
0 0.561719 0.122656 0.0296875 0.0453125
0 0.182812 0.745313 0.078125 0.109375
0 0.642969 0.457812 0.0296875 0.04375
0 0.446875 0.105469 0.03125 0.0484375
0 0.271094 0.583594 0.0328125 0.0453125
0 0.273438 0.720312 0.053125 0.05
0 0.541406 0.728125 0.0328125 0.04375
0 0.872656 0.575 0.0328125 0.0625
0 0.615625 0.423438 0.03125 0.046875
0 0.371875 0.534375 0.028125 0.0375
0 0.591406 0.390625 0.0296875 0.034375
0 0.300781 0.778125 0.0359375 0.04375
0 0.828125 0.496094 0.034375 0.0484375
0 0.928906 0.178906 0.0328125 0.0546875
0 0.982813 0.208594 0.03125 0.0609375
0 0.802344 0.565625 0.0265625 0.0375
0 0.172656 0.395312 0.0296875 0.034375
0 0.717969 0.221094 0.0328125 0.0359375
0 0.0351562 0.552344 0.0328125 0.0421875
0 0.226562 0.296094 0.0375 0.0421875
0 0.196875 0.257031 0.028125 0.0359375
0 0.276563 0.180469 0.034375 0.0484375
0 0.3625 0.708594 0.04375 0.0390625
0 0.939844 0.426562 0.0328125 0.040625
0 0.594531 0.755469 0.0390625 0.0796875
0 0.564062 0.774219 0.03125 0.0515625
0 0.363281 0.200781 0.0296875 0.0703125
0 0.775 0.460156 0.034375 0.0421875
0 0.491406 0.146094 0.0328125 0.0328125
0 0.028125 0.891406 0.05625 0.0390625
0 0.959375 0.374219 0.034375 0.0390625
0 0.352344 0.114063 0.0390625 0.046875
0 0.33125 0.809375 0.0375 0.05
0 0.238281 0.147656 0.0328125 0.0390625
0 0.359375 0.270312 0.034375 0.04375
0 0.545313 0.375 0.03125 0.03125
0 0.341406 0.352344 0.0359375 0.0421875
0 0.128906 0.307031 0.0328125 0.0328125
0 0.427344 0.232031 0.0296875 0.0328125
0 0.582812 0.524219 0.025 0.0328125
0 0.247656 0.0609375 0.0328125 0.03125
0 0.382812 0.6625 0.034375 0.05
0 0.398438 0.453125 0.028125 0.0375
0 0.874219 0.0585938 0.0359375 0.0484375
0 0.117188 0.442187 0.0375 0.04375
0 0.028125 0.804688 0.0375 0.04375
0 0.0148437 0.104687 0.0296875 0.053125
0 0.533594 0.678906 0.0265625 0.0359375
0 0.384375 0.0664062 0.03125 0.0421875
0 0.215625 0.633594 0.05 0.0484375
0 0.758594 0.258594 0.0359375 0.0484375
0 0.110156 0.603906 0.0328125 0.0484375
0 0.396094 0.203125 0.0328125 0.040625
0 0.721094 0.717188 0.0296875 0.04375
0 0.519531 0.633594 0.0359375 0.0546875
0 0.734375 0.509375 0.028125 0.040625
0 0.63125 0.196094 0.028125 0.0390625
0 0.796875 0.522656 0.025 0.0359375
0 0.0484375 0.367188 0.0375 0.04375
0 0.546875 0.59375 0.046875 0.05
0 0.830469 0.564062 0.0328125 0.0375
0 0.170312 0.509375 0.028125 0.0375
0 0.460938 0.371094 0.03125 0.0328125
0 0.804688 0.430469 0.03125 0.0421875
0 0.349219 0.3875 0.0453125 0.040625
0 0.417188 0.767187 0.0375 0.04375
0 0.441406 0.525781 0.0328125 0.0484375
0 0.242188 0.403906 0.034375 0.0421875
0 0.536719 0.790625 0.0359375 0.034375
0 0.758594 0.679688 0.0328125 0.046875
0 0.938281 0.05625 0.0296875 0.0375
0 0.727344 0.120312 0.0390625 0.0625
0 0.678906 0.232031 0.0390625 0.0515625
0 0.204688 0.150781 0.034375 0.0328125
0 0.496875 0.574219 0.040625 0.0453125
0 0.603906 0.263281 0.0546875 0.0640625
0 0.164844 0.275781 0.0421875 0.0484375
0 0.221094 0.452344 0.0359375 0.0546875
0 0.817969 0.1125 0.0390625 0.05625
0 0.583594 0.342969 0.0453125 0.0453125
0 0.634375 0.364062 0.0375 0.04375
0 0.889063 0.35 0.0375 0.046875
0 0.375781 0.316406 0.0328125 0.0421875
0 0.961719 0.133594 0.0421875 0.0546875
0 0.1 0.342969 0.0375 0.0515625
0 0.475 0.478125 0.028125 0.03125
0 0.825781 0.354688 0.0328125 0.034375
0 0.376563 0.808594 0.034375 0.0359375
0 0.722656 0.301562 0.0421875 0.05625
0 0.811719 0.307813 0.0359375 0.034375
0 0.0171875 0.397656 0.034375 0.0609375
0 0.553906 0.301562 0.0515625 0.053125
0 0.746875 0.059375 0.0375 0.046875
0 0.875781 0.167969 0.0453125 0.0484375
0 0.0789063 0.446875 0.0390625 0.05
0 0.35 0.0726563 0.0375 0.0359375
0 0.646875 0.635156 0.0375 0.0390625
0 0.247656 0.810156 0.0359375 0.0390625
0 0.496875 0.403906 0.04375 0.0453125
0 0.400781 0.2625 0.0390625 0.04375
0 0.0539063 0.13125 0.0453125 0.05
0 0.367969 0.433594 0.0328125 0.0546875
0 0.520312 0.201562 0.084375 0.08125
0 0.905469 0.40625 0.0328125 0.040625
0 0.890625 0.289844 0.034375 0.0421875
0 0.508594 0.272656 0.0296875 0.0359375
0 0.555469 0.542969 0.0296875 0.0359375
0 0.424219 0.355469 0.0296875 0.0296875
0 0.510156 0.310156 0.0265625 0.0390625
0 0.653125 0.578125 0.028125 0.034375
0 0.877344 0.445312 0.0296875 0.040625
0 0.446875 0.853906 0.034375 0.0421875
0 0.469531 0.677344 0.0328125 0.0484375
0 0.207813 0.56875 0.040625 0.046875
0 0.01875 0.221094 0.0375 0.0578125
0 0.0421875 0.192969 0.0375 0.0390625
0 0.823438 0.0601562 0.04375 0.0515625
0 0.0695312 0.4 0.0390625 0.046875
0 0.0867188 0.216406 0.0421875 0.0421875
0 0.308594 0.571875 0.0359375 0.05
0 0.441406 0.583594 0.0328125 0.0390625
0 0.78125 0.0414063 0.0375 0.0328125
0 0.166406 0.342969 0.0453125 0.0640625
0 0.908594 0.6375 0.0296875 0.046875
0 0.225 0.104687 0.034375 0.053125
0 0.913281 0.230469 0.0359375 0.0453125
0 0.595312 0.688281 0.0375 0.0453125
0 0.136719 0.20625 0.0359375 0.05625
0 0.155469 0.11875 0.0453125 0.065625
0 0.18125 0.191406 0.046875 0.0734375
0 0.325 0.453906 0.053125 0.0703125
0 0.319531 0.291406 0.0421875 0.0609375
0 0.135156 0.390625 0.0359375 0.059375
0 0.142969 0.633594 0.0390625 0.0484375
0 0.615625 0.317187 0.03125 0.0375
0 0.338281 0.544531 0.0390625 0.0484375
0 0.625 0.567187 0.0375 0.04375
0 0.251563 0.507031 0.034375 0.0421875
0 0.867188 0.102344 0.040625 0.0515625
0 0.071875 0.326562 0.03125 0.05
0 0.264844 0.66875 0.0359375 0.05625
0 0.0828125 0.685156 0.0375 0.0421875
0 0.278906 0.428906 0.0546875 0.0578125
0 0.0515625 0.729688 0.05625 0.071875
0 0.310937 0.516406 0.034375 0.0484375
0 0.152344 0.467187 0.0359375 0.065625
0 0.309375 0.340625 0.03125 0.040625
0 0.774219 0.63125 0.0359375 0.053125
0 0.408594 0.598437 0.0359375 0.040625
0 0.270312 0.307813 0.040625 0.05625
0 0.445312 0.185156 0.034375 0.0453125
0 0.797656 0.707031 0.0328125 0.0484375
0 0.294531 0.61875 0.0328125 0.040625
0 0.761719 0.521094 0.0265625 0.0453125
0 0.271875 0.1125 0.046875 0.0625
0 0.155469 0.582031 0.0328125 0.0421875
0 0.560938 0.494531 0.040625 0.0578125
0 0.277344 0.242969 0.0546875 0.0546875
0 0.557031 0.0648438 0.0515625 0.0484375
0 0.508594 0.513281 0.0328125 0.0421875
0 0.317969 0.651563 0.0390625 0.05
0 0.807031 0.189063 0.0484375 0.075
0 0.771875 0.409375 0.03125 0.046875
0 0.689062 0.567187 0.034375 0.065625
0 0.3 0.382031 0.0375 0.0484375
0 0.0367187 0.679688 0.0296875 0.040625
0 0.346875 0.317187 0.028125 0.0375
0 0.219531 0.355469 0.0546875 0.0546875
0 0.561719 0.245312 0.0484375 0.0625
0 0.926562 0.321094 0.040625 0.0546875
