0 0.526563 0.261719 0.034375 0.0359375
0 0.630469 0.641406 0.0265625 0.0421875
0 0.914844 0.420312 0.0265625 0.0375
0 0.015625 0.227344 0.03125 0.0328125
0 0.0351562 0.117188 0.0265625 0.03125
0 0.382812 0.865625 0.025 0.034375
0 0.553906 0.503125 0.0296875 0.04375
0 0.814844 0.690625 0.0296875 0.03125
0 0.221875 0.284375 0.03125 0.0625
0 0.54375 0.253906 0.03125 0.0328125
0 0.441406 0.784375 0.0265625 0.034375
0 0.549219 0.214844 0.0359375 0.0359375
0 0.138281 0.542188 0.0296875 0.034375
0 0.661719 0.660937 0.0328125 0.075
0 0.06875 0.220313 0.025 0.028125
0 0.689844 0.220313 0.0296875 0.05
0 0.0203125 0.410156 0.040625 0.0953125
0 0.0710938 0.108594 0.0359375 0.0328125
0 0.440625 0.253125 0.021875 0.025
0 0.945312 0.184375 0.028125 0.03125
0 0.132812 0.573438 0.0375 0.034375
0 0.939062 0.275 0.071875 0.040625
0 0.0382813 0.15625 0.0296875 0.03125
0 0.304688 0.3 0.034375 0.05
0 0.302344 0.11875 0.0296875 0.0375
0 0.169531 0.720312 0.0328125 0.040625
0 0.121094 0.367969 0.0328125 0.0515625
0 0.10625 0.317187 0.021875 0.025
0 0.80625 0.421094 0.021875 0.0359375
0 0.575 0.399219 0.028125 0.0359375
0 0.167187 0.671875 0.028125 0.04375
0 0.314844 0.351562 0.0328125 0.03125
0 0.295312 0.732031 0.046875 0.0703125
0 0.792188 0.714844 0.03125 0.0359375
0 0.869531 0.0273438 0.0328125 0.0390625
0 0.857031 0.457812 0.0296875 0.0375
0 0.450781 0.447656 0.0265625 0.0484375
0 0.689062 0.461719 0.025 0.0390625
0 0.19375 0.123438 0.028125 0.03125
0 0.75 0.702344 0.028125 0.0359375
0 0.488281 0.325781 0.0421875 0.0515625
0 0.835938 0.714063 0.028125 0.0375
0 0.934375 0.472656 0.028125 0.0421875
0 0.926562 0.0226563 0.034375 0.0421875
0 0.659375 0.457031 0.021875 0.0578125
0 0.75 0.475781 0.028125 0.0390625
0 0.105469 0.183594 0.0328125 0.0390625
0 0.922656 0.547656 0.0328125 0.0390625
0 0.778906 0.678125 0.0359375 0.05
0 0.439844 0.134375 0.0265625 0.03125
0 0.471875 0.723437 0.028125 0.03125
0 0.353125 0.794531 0.03125 0.0484375
0 0.203906 0.445312 0.0265625 0.034375
0 0.160156 0.0921875 0.0265625 0.03125
0 0.703125 0.436719 0.03125 0.0609375
0 0.152344 0.119531 0.0265625 0.0265625
0 0.385156 0.519531 0.0359375 0.0359375
0 0.266406 0.773438 0.0265625 0.0375
0 0.384375 0.483594 0.025 0.0296875
0 0.963281 0.321094 0.0265625 0.0328125
0 0.625 0.814062 0.03125 0.053125
0 0.55 0.413281 0.025 0.0328125
0 0.128906 0.253906 0.0328125 0.0421875
0 0.864844 0.311719 0.0296875 0.0453125
0 0.745313 0.325781 0.028125 0.0390625
0 0.740625 0.2 0.034375 0.040625
0 0.090625 0.723437 0.05625 0.05
0 0.453906 0.378906 0.0265625 0.0296875
0 0.58125 0.434375 0.028125 0.034375
0 0.154687 0.420312 0.028125 0.0375
0 0.607031 0.626562 0.0265625 0.040625
0 0.525 0.789062 0.040625 0.06875
0 0.980469 0.476562 0.0296875 0.046875
0 0.284375 0.633594 0.03125 0.0421875
0 0.148438 0.292969 0.0375 0.0578125
0 0.655469 0.275781 0.0515625 0.0515625
0 0.825 0.259375 0.03125 0.0375
0 0.338281 0.0828125 0.0328125 0.034375
0 0.121094 0.126563 0.0328125 0.0375
0 0.510938 0.0640625 0.053125 0.03125
0 0.427344 0.333594 0.0234375 0.0328125
0 0.942187 0.101562 0.0375 0.04375
0 0.0828125 0.134375 0.03125 0.03125
0 0.709375 0.689062 0.0375 0.04375
0 0.679688 0.084375 0.028125 0.03125
0 0.842188 0.0703125 0.03125 0.034375
0 0.174219 0.474219 0.0328125 0.0328125
0 0.705469 0.0898438 0.0296875 0.0421875
0 0.0421875 0.666406 0.03125 0.0328125
0 0.397656 0.320312 0.0359375 0.04375
0 0.0734375 0.582031 0.03125 0.0390625
0 0.573438 0.357031 0.025 0.0359375
0 0.0320312 0.582812 0.0265625 0.034375
0 0.842188 0.122656 0.034375 0.0421875
0 0.640625 0.215625 0.0375 0.053125
0 0.0171875 0.545313 0.028125 0.078125
0 0.35625 0.546094 0.028125 0.0390625
0 0.54375 0.638281 0.0375 0.0609375
0 0.972656 0.151562 0.0328125 0.04375
0 0.084375 0.30625 0.028125 0.0375
0 0.0585938 0.296875 0.0265625 0.034375
0 0.232031 0.204688 0.0328125 0.053125
0 0.277344 0.352344 0.0265625 0.0359375
0 0.788281 0.0617188 0.0328125 0.0390625
0 0.146094 0.364844 0.0265625 0.0328125
0 0.0421875 0.782812 0.034375 0.05625
0 0.599219 0.548437 0.104687 0.115625
0 0.410937 0.624219 0.0375 0.0421875
0 0.788281 0.30625 0.0359375 0.0375
0 0.455469 0.332031 0.0234375 0.0359375
0 0.282031 0.0679687 0.0359375 0.0390625
0 0.185937 0.223438 0.040625 0.059375
0 0.172656 0.352344 0.0265625 0.0328125
0 0.664844 0.394531 0.0296875 0.0484375
0 0.101562 0.796094 0.0375 0.0671875
0 0.769531 0.128906 0.0328125 0.0453125
0 0.386719 0.567187 0.0296875 0.04375
0 0.713281 0.302344 0.0328125 0.0421875
0 0.264844 0.551562 0.0421875 0.06875
0 0.182031 0.516406 0.0265625 0.0390625
0 0.778906 0.172656 0.0328125 0.0453125
0 0.810938 0.505469 0.03125 0.0359375
0 0.261719 0.110937 0.0328125 0.034375
0 0.5125 0.207813 0.034375 0.053125
0 0.111719 0.232031 0.0328125 0.0421875
0 0.811719 0.171875 0.0296875 0.040625
0 0.980469 0.200781 0.0390625 0.0453125
0 0.745313 0.0789063 0.0375 0.0484375
0 0.545313 0.0765625 0.03125 0.034375
0 0.678125 0.526563 0.03125 0.040625
0 0.888281 0.25 0.0359375 0.040625
0 0.407031 0.803906 0.0328125 0.0453125
0 0.358594 0.378125 0.0296875 0.0375
0 0.354688 0.290625 0.034375 0.0375
0 0.389844 0.402344 0.0359375 0.0484375
0 0.235938 0.751562 0.03125 0.046875
0 0.826563 0.613281 0.040625 0.0515625
0 0.694531 0.171094 0.0546875 0.0515625
0 0.0671875 0.170312 0.0375 0.040625
0 0.982031 0.529688 0.0328125 0.040625
0 0.910156 0.375 0.0453125 0.04375
0 0.505469 0.4 0.0421875 0.053125
0 0.453125 0.754687 0.028125 0.0375
0 0.139844 0.608594 0.0328125 0.0453125
0 0.748438 0.166406 0.03125 0.0328125
0 0.346875 0.407031 0.034375 0.0421875
0 0.216406 0.614844 0.0703125 0.0859375
0 0.19375 0.322656 0.03125 0.0359375
0 0.789844 0.455469 0.0359375 0.0421875
0 0.592969 0.221875 0.0453125 0.053125
0 0.174219 0.159375 0.0390625 0.05
0 0.575 0.300781 0.078125 0.0703125
0 0.479688 0.467969 0.0375 0.0578125
0 0.084375 0.646875 0.034375 0.05
0 0.715625 0.0367187 0.046875 0.0546875
0 0.822656 0.210938 0.0359375 0.04375
0 0.503906 0.110937 0.0515625 0.05625
0 0.739844 0.621875 0.0609375 0.078125
0 0.539062 0.374219 0.0375 0.0453125
0 0.766406 0.526563 0.0390625 0.0625
0 0.172656 0.388281 0.0296875 0.0484375
0 0.772656 0.229687 0.0515625 0.065625
0 0.427344 0.378125 0.0265625 0.034375
0 0.414844 0.738281 0.0484375 0.0578125
0 0.727344 0.515625 0.0296875 0.040625
0 0.221094 0.107813 0.0296875 0.040625
0 0.253125 0.303906 0.025 0.0359375
0 0.273438 0.282813 0.028125 0.0375
0 0.223438 0.54375 0.034375 0.04375
0 0.139062 0.69375 0.04375 0.05625
0 0.213281 0.398438 0.0328125 0.04375
0 0.407031 0.455469 0.0390625 0.0359375
0 0.0695312 0.392969 0.0390625 0.0578125
0 0.957812 0.432031 0.028125 0.0421875
0 0.735937 0.267188 0.03125 0.04375
0 0.658594 0.776563 0.0265625 0.040625
0 0.469531 0.0742188 0.0421875 0.0484375
0 0.114844 0.292188 0.0328125 0.0375
0 0.142969 0.775 0.0390625 0.05625
0 0.791406 0.628125 0.0328125 0.046875
0 0.539062 0.453906 0.0375 0.0453125
0 0.659375 0.334375 0.03125 0.0375
0 0.892969 0.459375 0.0390625 0.05
0 0.776563 0.578125 0.034375 0.040625
0 0.516406 0.520312 0.0328125 0.046875
0 0.4625 0.208594 0.034375 0.0421875
0 0.236719 0.354688 0.0328125 0.04375
0 0.360156 0.659375 0.0515625 0.06875
0 0.189844 0.291406 0.0296875 0.0359375
0 0.755469 0.397656 0.0453125 0.0640625
0 0.302344 0.246094 0.0296875 0.0453125
0 0.85625 0.169531 0.040625 0.0546875
0 0.430469 0.667188 0.0640625 0.053125
0 0.341406 0.20625 0.0671875 0.11875
0 0.896094 0.521875 0.0234375 0.0375
0 0.858594 0.370313 0.0421875 0.05
0 0.354688 0.602344 0.053125 0.0515625
0 0.432031 0.286719 0.0515625 0.0515625
0 0.338281 0.464063 0.0390625 0.06875
0 0.501562 0.578125 0.0625 0.078125
0 0.915625 0.320312 0.059375 0.059375
0 0.15 0.503906 0.03125 0.0359375
0 0.707031 0.570312 0.0359375 0.06875
0 0.721094 0.373437 0.0296875 0.06875
0 0.324219 0.560938 0.0421875 0.053125
0 0.858594 0.219531 0.0390625 0.0515625
0 0.0390625 0.705469 0.040625 0.0515625
0 0.216406 0.496094 0.0453125 0.0609375
0 0.103125 0.600781 0.0375 0.0578125
0 0.122656 0.432813 0.0421875 0.059375
0 0.410156 0.203906 0.0453125 0.0515625
0 0.271875 0.41875 0.04375 0.0625
0 0.560938 0.146094 0.125 0.107813
0 0.385156 0.257812 0.0390625 0.05625
0 0.866406 0.515625 0.0328125 0.046875
0 0.690625 0.34375 0.03125 0.046875
0 0.202344 0.68125 0.0359375 0.053125
0 0.0835937 0.507812 0.0859375 0.115625
0 0.604688 0.763281 0.040625 0.0609375
