0 0.307031 0.772656 0.0390625 0.0421875
0 0.692187 0.626562 0.021875 0.046875
0 0.847656 0.225 0.0328125 0.0375
0 0.588281 0.638281 0.0265625 0.0609375
0 0.5 0.676562 0.034375 0.04375
0 0.695312 0.514063 0.025 0.04375
0 0.772656 0.682031 0.0265625 0.0359375
0 0.0734375 0.349219 0.01875 0.0296875
0 0.692187 0.0570313 0.025 0.0359375
0 0.6625 0.182812 0.03125 0.0375
0 0.161719 0.150781 0.0328125 0.0515625
0 0.697656 0.420312 0.0296875 0.040625
0 0.510156 0.25625 0.0296875 0.034375
0 0.324219 0.823438 0.0296875 0.046875
0 0.275781 0.821094 0.0359375 0.0671875
0 0.141406 0.769531 0.0296875 0.0453125
0 0.134375 0.163281 0.03125 0.0359375
0 0.722656 0.19375 0.0328125 0.0375
0 0.398438 0.129688 0.034375 0.046875
0 0.0367187 0.782031 0.0328125 0.0609375
0 0.117188 0.685156 0.025 0.0296875
0 0.08125 0.671094 0.028125 0.0421875
0 0.0664062 0.507031 0.0296875 0.0328125
0 0.825 0.247656 0.04375 0.0453125
0 0.0132813 0.465625 0.0265625 0.084375
0 0.571094 0.329688 0.0296875 0.034375
0 0.605469 0.471094 0.0265625 0.0453125
0 0.232031 0.572656 0.0515625 0.0421875
0 0.096875 0.124219 0.03125 0.0453125
0 0.353906 0.103906 0.0359375 0.0390625
0 0.117188 0.410937 0.034375 0.040625
0 0.921875 0.48125 0.04375 0.0625
0 0.45625 0.302344 0.025 0.0328125
0 0.953125 0.0171875 0.0375 0.03125
0 0.452344 0.175 0.0296875 0.028125
0 0.214844 0.834375 0.0265625 0.040625
0 0.611719 0.575781 0.0265625 0.0515625
0 0.864062 0.585156 0.028125 0.0390625
0 0.914062 0.757031 0.028125 0.0484375
0 0.964844 0.228906 0.0265625 0.0359375
0 0.846094 0.188281 0.0328125 0.0296875
0 0.741406 0.504687 0.0234375 0.040625
0 0.0125 0.769531 0.025 0.0453125
0 0.74375 0.657812 0.028125 0.0375
0 0.566406 0.179688 0.0453125 0.040625
0 0.816406 0.321875 0.0296875 0.05
0 0.667969 0.667969 0.0296875 0.0609375
0 0.910156 0.636719 0.0296875 0.0390625
0 0.605469 0.0546875 0.0296875 0.034375
0 0.867188 0.749219 0.046875 0.0796875
0 0.205469 0.385938 0.0390625 0.04375
0 0.882031 0.559375 0.0296875 0.04375
0 0.4625 0.551562 0.03125 0.0375
0 0.763281 0.28125 0.0328125 0.034375
0 0.558594 0.492188 0.0421875 0.04375
0 0.546875 0.4125 0.0375 0.05
0 0.589844 0.263281 0.0328125 0.0484375
0 0.285937 0.125781 0.021875 0.0328125
0 0.922656 0.367969 0.0328125 0.0421875
0 0.871875 0.071875 0.03125 0.040625
0 0.457031 0.428906 0.0328125 0.0328125
0 0.832031 0.622656 0.0359375 0.0421875
0 0.242188 0.528906 0.03125 0.0359375
0 0.639844 0.516406 0.0296875 0.0453125
0 0.414062 0.367969 0.040625 0.0484375
0 0.417969 0.065625 0.0296875 0.03125
0 0.161719 0.614844 0.0484375 0.0609375
0 0.503906 0.0671875 0.0328125 0.034375
0 0.764063 0.63125 0.03125 0.053125
0 0.395312 0.166406 0.028125 0.0328125
0 0.898438 0.375781 0.028125 0.0390625
0 0.224219 0.654688 0.0359375 0.04375
0 0.710156 0.571875 0.0296875 0.046875
0 0.716406 0.483594 0.0296875 0.0578125
0 0.4125 0.75625 0.040625 0.04375
0 0.217187 0.511719 0.025 0.0390625
0 0.309375 0.132031 0.025 0.0296875
0 0.0984375 0.264062 0.0375 0.046875
0 0.275781 0.276563 0.0296875 0.0375
0 0.780469 0.1875 0.0765625 0.065625
0 0.45625 0.601562 0.0375 0.05625
0 0.125 0.120312 0.025 0.0375
0 0.807031 0.754687 0.0421875 0.0625
0 0.775781 0.546094 0.0515625 0.0515625
0 0.928125 0.226562 0.034375 0.059375
0 0.449219 0.336719 0.0328125 0.0390625
0 0.702344 0.727344 0.0328125 0.0859375
0 0.896875 0.151562 0.034375 0.0375
0 0.0429688 0.355469 0.0359375 0.0546875
0 0.835156 0.460156 0.0328125 0.0390625
0 0.1625 0.400781 0.034375 0.0390625
0 0.621094 0.316406 0.0265625 0.0359375
0 0.226562 0.610156 0.034375 0.0453125
0 0.025 0.292969 0.046875 0.0640625
0 0.342187 0.675781 0.028125 0.0390625
0 0.185937 0.698438 0.040625 0.053125
0 0.528125 0.271094 0.028125 0.0390625
0 0.0328125 0.69375 0.034375 0.05
0 0.197656 0.800781 0.0265625 0.0390625
0 0.198437 0.186719 0.03125 0.0390625
0 0.516406 0.421094 0.0296875 0.0359375
0 0.353906 0.798437 0.0265625 0.040625
0 0.459375 0.396094 0.028125 0.0359375
0 0.583594 0.7375 0.0359375 0.053125
0 0.364844 0.414844 0.0359375 0.0515625
0 0.616406 0.278906 0.0296875 0.0328125
0 0.736719 0.782812 0.0328125 0.053125
0 0.225 0.754687 0.03125 0.04375
0 0.148438 0.707812 0.03125 0.05625
0 0.414844 0.228906 0.0296875 0.0390625
0 0.190625 0.51875 0.028125 0.034375
0 0.200781 0.483594 0.0390625 0.0328125
0 0.946875 0.410937 0.0375 0.046875
0 0.577344 0.141406 0.0296875 0.0328125
0 0.384375 0.28125 0.034375 0.05625
0 0.163281 0.232812 0.0578125 0.06875
0 0.0820312 0.382031 0.0296875 0.0421875
0 0.18125 0.273438 0.05 0.04375
0 0.313281 0.174219 0.0328125 0.0421875
0 0.324219 0.071875 0.0296875 0.028125
0 0.383594 0.332031 0.0296875 0.0484375
0 0.486719 0.469531 0.0328125 0.0390625
0 0.534375 0.190625 0.03125 0.0375
0 0.549219 0.128125 0.0328125 0.034375
0 0.415625 0.194531 0.034375 0.0453125
0 0.950781 0.708594 0.0390625 0.0703125
0 0.259375 0.117188 0.03125 0.04375
0 0.670313 0.485156 0.040625 0.0359375
0 0.814844 0.0492188 0.0359375 0.0390625
0 0.164062 0.45625 0.034375 0.040625
0 0.175 0.758594 0.046875 0.0578125
0 0.55625 0.292969 0.03125 0.0359375
0 0.107031 0.315625 0.0296875 0.034375
0 0.664844 0.11875 0.0359375 0.034375
0 0.657031 0.307813 0.0296875 0.040625
0 0.450781 0.221094 0.0453125 0.0546875
0 0.366406 0.738281 0.0453125 0.0453125
0 0.297656 0.345313 0.0421875 0.059375
0 0.225781 0.090625 0.0421875 0.0625
0 0.717188 0.626562 0.03125 0.05
0 0.282813 0.08125 0.034375 0.04375
0 0.890625 0.182031 0.0375 0.0390625
0 0.303125 0.242188 0.034375 0.040625
0 0.404687 0.403906 0.03125 0.0390625
0 0.046875 0.636719 0.034375 0.0578125
0 0.5125 0.586719 0.04375 0.0640625
0 0.309375 0.532812 0.08125 0.1
0 0.732813 0.546094 0.028125 0.0390625
0 0.604688 0.117188 0.03125 0.040625
0 0.503906 0.220313 0.0328125 0.040625
0 0.183594 0.560156 0.0328125 0.0390625
0 0.791406 0.45 0.0296875 0.040625
0 0.149219 0.655469 0.0328125 0.0390625
0 0.0398437 0.414062 0.0359375 0.040625
0 0.696875 0.804688 0.04375 0.053125
0 0.483594 0.34375 0.0328125 0.040625
0 0.235156 0.803906 0.0328125 0.0546875
0 0.633594 0.110937 0.0296875 0.0375
0 0.583594 0.433594 0.0453125 0.0578125
0 0.845312 0.520312 0.040625 0.059375
0 0.317969 0.692969 0.0296875 0.0453125
0 0.785937 0.492969 0.034375 0.0484375
0 0.617188 0.223438 0.034375 0.04375
0 0.857031 0.377344 0.0359375 0.0484375
0 0.491406 0.161719 0.0359375 0.0578125
0 0.734375 0.253906 0.03125 0.0453125
0 0.532812 0.655469 0.034375 0.0578125
0 0.321094 0.303125 0.0328125 0.040625
0 0.028125 0.114844 0.05 0.0671875
0 0.155469 0.5 0.0328125 0.040625
0 0.084375 0.63125 0.028125 0.0375
0 0.867188 0.304688 0.028125 0.034375
0 0.4125 0.50625 0.053125 0.046875
0 0.669531 0.559375 0.0390625 0.065625
0 0.563281 0.692187 0.0359375 0.046875
0 0.476562 0.104687 0.0375 0.05
0 0.234375 0.238281 0.059375 0.0765625
0 0.35 0.307031 0.034375 0.0421875
0 0.68125 0.249219 0.040625 0.0515625
0 0.55 0.234375 0.04375 0.05625
0 0.071875 0.71875 0.04375 0.0625
0 0.650781 0.735937 0.0515625 0.090625
0 0.403125 0.454688 0.04375 0.053125
0 0.491406 0.433594 0.0296875 0.0390625
0 0.905469 0.298438 0.0484375 0.06875
0 0.182812 0.103125 0.028125 0.040625
0 0.0453125 0.474219 0.040625 0.0609375
0 0.61875 0.678906 0.03125 0.0515625
0 0.834375 0.577344 0.03125 0.0453125
0 0.0492188 0.563281 0.0671875 0.0890625
0 0.117188 0.357812 0.040625 0.053125
0 0.084375 0.455469 0.034375 0.0515625
0 0.88125 0.507031 0.034375 0.0515625
0 0.783594 0.246094 0.0359375 0.0421875
0 0.178125 0.332031 0.046875 0.0546875
0 0.722656 0.158594 0.0359375 0.0453125
0 0.290625 0.448438 0.046875 0.0625
0 0.854688 0.144531 0.040625 0.0546875
0 0.117188 0.489062 0.040625 0.05
0 0.373437 0.225781 0.040625 0.0546875
0 0.629687 0.16875 0.040625 0.05
0 0.254687 0.492188 0.046875 0.05
0 0.517187 0.31875 0.05 0.05625
0 0.261719 0.396875 0.0453125 0.05625
0 0.517187 0.120312 0.034375 0.04375
0 0.0484375 0.246094 0.034375 0.0484375
0 0.116406 0.224219 0.0359375 0.0484375
0 0.430469 0.276563 0.0453125 0.053125
0 0.0742188 0.192188 0.0421875 0.06875
0 0.15 0.558594 0.034375 0.0515625
0 0.941406 0.0695312 0.0453125 0.0546875
0 0.667188 0.43125 0.0375 0.053125
0 0.235156 0.44375 0.0453125 0.065625
0 0.304688 0.628906 0.05625 0.0734375
0 0.835938 0.096875 0.0375 0.053125
