0 0.539844 0.667188 0.0359375 0.05625
0 0.271094 0.383594 0.0296875 0.0328125
0 0.204688 0.273438 0.0375 0.04375
0 0.882812 0.282031 0.025 0.0296875
0 0.660937 0.676562 0.021875 0.034375
0 0.646875 0.596875 0.028125 0.040625
0 0.0148437 0.277344 0.0296875 0.0359375
0 0.228125 0.703125 0.025 0.028125
0 0.435156 0.5 0.0296875 0.03125
0 0.171094 0.748438 0.0296875 0.028125
0 0.00859375 0.5125 0.0171875 0.0375
0 0.869531 0.244531 0.0265625 0.0296875
0 0.0265625 0.800781 0.034375 0.0515625
0 0.646875 0.630469 0.025 0.0359375
0 0.95 0.264062 0.04375 0.034375
0 0.821094 0.58125 0.0265625 0.03125
0 0.464844 0.546875 0.0234375 0.0375
0 0.172656 0.835156 0.0296875 0.0359375
0 0.379687 0.245312 0.03125 0.034375
0 0.550781 0.569531 0.0296875 0.0359375
0 0.724219 0.41875 0.0390625 0.0625
0 0.855469 0.0710938 0.0328125 0.0703125
0 0.326562 0.625781 0.0375 0.0546875
0 0.0882813 0.397656 0.0328125 0.0546875
0 0.251563 0.211719 0.034375 0.0328125
0 0.780469 0.524219 0.0296875 0.0359375
0 0.710156 0.307813 0.0328125 0.0375
0 0.342187 0.44375 0.028125 0.04375
0 0.822656 0.100781 0.0359375 0.0359375
0 0.255469 0.853125 0.0359375 0.05
0 0.992188 0.311719 0.015625 0.0390625
0 0.771875 0.442969 0.034375 0.0390625
0 0.0304688 0.704687 0.0296875 0.034375
0 0.246875 0.671875 0.028125 0.034375
0 0.585938 0.358594 0.028125 0.0359375
0 0.321094 0.153906 0.0328125 0.0296875
0 0.297656 0.171875 0.0390625 0.03125
0 0.274219 0.339844 0.0265625 0.0359375
0 0.103906 0.640625 0.0328125 0.03125
0 0.371875 0.425 0.03125 0.046875
0 0.253906 0.732813 0.0265625 0.034375
0 0.18125 0.491406 0.028125 0.0421875
0 0.121875 0.385156 0.04375 0.0484375
0 0.0601562 0.538281 0.0265625 0.0421875
0 0.664062 0.316406 0.028125 0.0328125
0 0.702344 0.45625 0.0328125 0.0375
0 0.235938 0.357031 0.0375 0.0453125
0 0.272656 0.467187 0.0296875 0.04375
0 0.302344 0.380469 0.0328125 0.0359375
0 0.0945313 0.601562 0.0359375 0.034375
0 0.157031 0.726562 0.0359375 0.0375
0 0.7 0.351562 0.0375 0.05
0 0.358594 0.103125 0.0296875 0.034375
0 0.838281 0.313281 0.0328125 0.0390625
0 0.0664062 0.685938 0.0296875 0.04375
0 0.266406 0.764844 0.0515625 0.0578125
0 0.622656 0.375 0.0359375 0.0375
0 0.300781 0.448438 0.0265625 0.034375
0 0.678906 0.0367187 0.0515625 0.0515625
0 0.172656 0.3125 0.0296875 0.034375
0 0.575781 0.272656 0.0328125 0.0390625
0 0.653906 0.192969 0.0296875 0.0484375
0 0.21875 0.886719 0.03125 0.0390625
0 0.15625 0.4625 0.034375 0.053125
0 0.3875 0.446094 0.03125 0.0328125
0 0.524219 0.148438 0.0359375 0.053125
0 0.791406 0.632031 0.0296875 0.0421875
0 0.959375 0.367188 0.03125 0.046875
0 0.970312 0.407813 0.03125 0.034375
0 0.325781 0.408594 0.0265625 0.0359375
0 0.403125 0.404687 0.028125 0.034375
0 0.199219 0.096875 0.0390625 0.053125
0 0.208594 0.815625 0.0296875 0.034375
0 0.317969 0.297656 0.0265625 0.0328125
0 0.726562 0.605469 0.028125 0.0296875
0 0.322656 0.7625 0.0328125 0.046875
0 0.01875 0.123438 0.034375 0.084375
0 0.297656 0.21875 0.0671875 0.065625
0 0.428125 0.557813 0.0375 0.05625
0 0.360156 0.396094 0.0296875 0.0296875
0 0.323438 0.467969 0.025 0.0328125
0 0.419531 0.0664062 0.0359375 0.0421875
0 0.827344 0.25 0.0234375 0.034375
0 0.06875 0.630469 0.0375 0.0421875
0 0.103125 0.774219 0.034375 0.0421875
0 0.427344 0.439063 0.0359375 0.046875
0 0.149219 0.136719 0.0421875 0.0484375
0 0.222656 0.73125 0.0296875 0.0375
0 0.803906 0.217969 0.0359375 0.0296875
0 0.423438 0.328906 0.03125 0.0453125
0 0.5625 0.198437 0.034375 0.040625
0 0.498437 0.289844 0.034375 0.0578125
0 0.492188 0.680469 0.025 0.0359375
0 0.621875 0.624219 0.025 0.0359375
0 0.527344 0.353906 0.0765625 0.0609375
0 0.629687 0.669531 0.04375 0.0484375
0 0.741406 0.358594 0.0296875 0.0296875
0 0.598437 0.0851562 0.040625 0.0484375
0 0.219531 0.765625 0.0328125 0.034375
0 0.551562 0.1125 0.028125 0.028125
0 0.771875 0.480469 0.028125 0.0390625
0 0.873438 0.152344 0.03125 0.0390625
0 0.0351562 0.4875 0.0390625 0.05
0 0.338281 0.575 0.0359375 0.05
0 0.174219 0.639063 0.0359375 0.034375
0 0.141406 0.528125 0.0328125 0.040625
0 0.15625 0.795313 0.03125 0.0375
0 0.45625 0.3375 0.040625 0.053125
0 0.361719 0.346875 0.0328125 0.040625
0 0.452344 0.0992187 0.0328125 0.0390625
0 0.758594 0.654688 0.0484375 0.059375
0 0.207813 0.498437 0.03125 0.05
0 0.264844 0.421875 0.0390625 0.046875
0 0.204688 0.142188 0.034375 0.04375
0 0.3875 0.730469 0.0375 0.0484375
0 0.852344 0.278125 0.0328125 0.0375
0 0.175 0.222656 0.05 0.0671875
0 0.0328125 0.578906 0.034375 0.0421875
0 0.616406 0.414062 0.0421875 0.034375
0 0.185937 0.971875 0.053125 0.05
0 0.18125 0.364844 0.040625 0.0609375
0 0.258594 0.960156 0.0390625 0.0484375
0 0.801562 0.284375 0.05 0.078125
0 0.0726563 0.46875 0.0578125 0.0875
0 0.922656 0.316406 0.0328125 0.0484375
0 0.584375 0.234375 0.025 0.034375
0 0.646875 0.139844 0.03125 0.0359375
0 0.922656 0.371094 0.0328125 0.0359375
0 0.190625 0.780469 0.028125 0.0359375
0 0.264062 0.627344 0.034375 0.0578125
0 0.896094 0.491406 0.0296875 0.0390625
0 0.409375 0.470313 0.03125 0.034375
0 0.846094 0.134375 0.0265625 0.034375
0 0.754687 0.321094 0.040625 0.0390625
0 0.458594 0.41875 0.0296875 0.0375
0 0.135156 0.653125 0.0359375 0.040625
0 0.927344 0.129688 0.0546875 0.05
0 0.441406 0.242969 0.0484375 0.0890625
0 0.5625 0.15625 0.03125 0.034375
0 0.34375 0.7125 0.034375 0.0375
0 0.139062 0.421875 0.034375 0.03125
0 0.867188 0.205469 0.034375 0.0421875
0 0.795313 0.351562 0.040625 0.04375
0 0.228906 0.234375 0.0328125 0.0375
0 0.100781 0.253906 0.0359375 0.0546875
0 0.6125 0.334375 0.03125 0.040625
0 0.053125 0.269531 0.0375 0.0515625
0 0.633594 0.288281 0.0390625 0.0484375
0 0.257031 0.507031 0.0421875 0.0390625
0 0.396875 0.11875 0.0375 0.046875
0 0.221875 0.415625 0.034375 0.04375
0 0.905469 0.182812 0.0390625 0.046875
0 0.278906 0.578906 0.0421875 0.0546875
0 0.400781 0.367969 0.0328125 0.0390625
0 0.614062 0.219531 0.028125 0.0515625
0 0.853906 0.523438 0.0390625 0.046875
0 0.660937 0.38125 0.028125 0.040625
0 0.053125 0.832812 0.034375 0.053125
0 0.677344 0.157813 0.0328125 0.0375
0 0.0453125 0.403906 0.03125 0.0453125
0 0.190625 0.554688 0.0375 0.046875
0 0.176563 0.591406 0.0375 0.0546875
0 0.848437 0.359375 0.028125 0.040625
0 0.307031 0.696094 0.0421875 0.0640625
0 0.7375 0.278906 0.034375 0.0328125
0 0.552344 0.246094 0.0328125 0.0484375
0 0.242969 0.814844 0.0359375 0.0390625
0 0.882031 0.359375 0.0328125 0.034375
0 0.363281 0.504687 0.0390625 0.04375
0 0.194531 0.717188 0.0328125 0.0375
0 0.220313 0.617969 0.040625 0.0609375
0 0.0523437 0.9 0.0328125 0.05
0 0.01875 0.375781 0.0375 0.0484375
0 0.684375 0.211719 0.03125 0.0515625
0 0.01875 0.436719 0.0375 0.0515625
0 0.483594 0.510938 0.0328125 0.034375
0 0.961719 0.310937 0.0359375 0.05
0 0.317969 0.505469 0.0296875 0.0359375
0 0.585938 0.129688 0.034375 0.053125
0 0.465625 0.653906 0.034375 0.0484375
0 0.729688 0.163281 0.059375 0.0578125
0 0.391406 0.289062 0.0359375 0.040625
0 0.132812 0.232812 0.034375 0.065625
0 0.684375 0.295312 0.028125 0.0375
0 0.753125 0.0960938 0.0375 0.0484375
0 0.758594 0.591406 0.0359375 0.0390625
0 0.699219 0.103906 0.0484375 0.0421875
0 0.102344 0.328906 0.0328125 0.0390625
0 0.49375 0.09375 0.0375 0.046875
0 0.124219 0.46875 0.0359375 0.0625
0 0.0210938 0.624219 0.0421875 0.0421875
0 0.496094 0.595312 0.0484375 0.071875
0 0.053125 0.757812 0.053125 0.065625
0 0.81875 0.478125 0.046875 0.059375
0 0.904688 0.084375 0.0375 0.0375
0 0.882812 0.455469 0.034375 0.0453125
0 0.933594 0.420312 0.0359375 0.0375
0 0.647656 0.339844 0.0296875 0.0421875
0 0.56875 0.317969 0.0375 0.0484375
0 0.646094 0.0945313 0.0421875 0.0515625
0 0.2375 0.553906 0.034375 0.0515625
0 0.519531 0.55 0.0359375 0.0375
0 0.534375 0.0757812 0.040625 0.0515625
0 0.428125 0.64375 0.0375 0.046875
0 0.378906 0.172656 0.0734375 0.0671875
0 0.485156 0.144531 0.0421875 0.0578125
0 0.903125 0.242188 0.046875 0.053125
0 0.140625 0.317187 0.034375 0.046875
0 0.728906 0.703125 0.0359375 0.04375
0 0.0734375 0.307813 0.0375 0.05625
0 0.0734375 0.167187 0.059375 0.1
0 0.890625 0.322656 0.0375 0.0453125
0 0.209375 0.678125 0.040625 0.053125
0 0.796875 0.157031 0.05 0.0796875
0 0.958594 0.178125 0.0578125 0.06875
0 0.580469 0.6375 0.0609375 0.065625
