0 0.399219 0.410156 0.0296875 0.0453125
0 0.135156 0.791406 0.0234375 0.0296875
0 0.43125 0.121094 0.034375 0.0921875
0 0.701563 0.802344 0.021875 0.0328125
0 0.814844 0.292188 0.0234375 0.040625
0 0.9125 0.396094 0.034375 0.0453125
0 0.496875 0.274219 0.025 0.0359375
0 0.661719 0.670313 0.0296875 0.053125
0 0.0921875 0.269531 0.040625 0.0796875
0 0.292188 0.116406 0.03125 0.0296875
0 0.486719 0.705469 0.0328125 0.0671875
0 0.653125 0.414062 0.025 0.040625
0 0.516406 0.569531 0.0265625 0.0328125
0 0.95625 0.132031 0.034375 0.0453125
0 0.896875 0.0835937 0.03125 0.0390625
0 0.303906 0.430469 0.0328125 0.0484375
0 0.108594 0.592188 0.0234375 0.034375
0 0.275781 0.751562 0.0421875 0.046875
0 0.538281 0.0734375 0.0296875 0.040625
0 0.0554687 0.442187 0.0296875 0.0375
0 0.88125 0.266406 0.025 0.0359375
0 0.232812 0.292188 0.025 0.03125
0 0.0109375 0.371875 0.021875 0.0375
0 0.457031 0.242188 0.0296875 0.0375
0 0.0460938 0.653906 0.0296875 0.0390625
0 0.352344 0.407031 0.0328125 0.0390625
0 0.205469 0.778125 0.0265625 0.0375
0 0.404687 0.30625 0.03125 0.034375
0 0.260156 0.353125 0.0265625 0.034375
0 0.653906 0.501562 0.0328125 0.040625
0 0.417188 0.51875 0.028125 0.040625
0 0.310156 0.477344 0.0296875 0.0328125
0 0.410937 0.359375 0.028125 0.0375
0 0.396875 0.228125 0.028125 0.034375
0 0.209375 0.360156 0.03125 0.0296875
0 0.565625 0.679688 0.025 0.0375
0 0.884375 0.340625 0.03125 0.04375
0 0.905469 0.254687 0.0296875 0.0375
0 0.0523437 0.167187 0.0328125 0.034375
0 0.328125 0.355469 0.03125 0.0359375
0 0.607813 0.669531 0.025 0.0359375
0 0.817187 0.4 0.034375 0.046875
0 0.133594 0.4 0.0328125 0.0375
0 0.0351562 0.410156 0.0296875 0.0671875
0 0.253125 0.234375 0.028125 0.05
0 0.148438 0.0679687 0.040625 0.0359375
0 0.575781 0.635156 0.0296875 0.0484375
0 0.190625 0.689062 0.04375 0.096875
0 0.911719 0.321875 0.0359375 0.040625
0 0.336719 0.584375 0.0296875 0.05
0 0.207031 0.282031 0.0296875 0.0390625
0 0.420312 0.565625 0.025 0.040625
0 0.498437 0.219531 0.040625 0.0515625
0 0.895312 0.123438 0.0375 0.0375
0 0.0710938 0.392969 0.0359375 0.0453125
0 0.1875 0.4375 0.034375 0.04375
0 0.132812 0.296875 0.040625 0.05
0 0.189844 0.222656 0.0359375 0.0421875
0 0.810938 0.175781 0.03125 0.0390625
0 0.489062 0.628125 0.0375 0.046875
0 0.08125 0.191406 0.0375 0.0515625
0 0.741406 0.320312 0.0296875 0.034375
0 0.227344 0.752344 0.0328125 0.0390625
0 0.360938 0.370313 0.028125 0.04375
0 0.0460938 0.767187 0.0421875 0.04375
0 0.382812 0.348437 0.034375 0.05
0 0.0789063 0.505469 0.0296875 0.0328125
0 0.594531 0.467969 0.0328125 0.0453125
0 0.544531 0.342969 0.0296875 0.0296875
0 0.489062 0.371875 0.03125 0.04375
0 0.794531 0.419531 0.0328125 0.0453125
0 0.31875 0.226562 0.028125 0.0375
0 0.560938 0.441406 0.03125 0.0453125
0 0.689062 0.407031 0.0375 0.0421875
0 0.260938 0.522656 0.034375 0.0359375
0 0.834375 0.471094 0.03125 0.0421875
0 0.866406 0.301562 0.0296875 0.0375
0 0.423438 0.636719 0.03125 0.0453125
0 0.663281 0.75625 0.0359375 0.059375
0 0.594531 0.704687 0.0328125 0.05
0 0.110937 0.792969 0.03125 0.0359375
0 0.765625 0.432813 0.028125 0.03125
0 0.202344 0.5875 0.0671875 0.0625
0 0.373437 0.196094 0.03125 0.0296875
0 0.304688 0.714063 0.04375 0.053125
0 0.0484375 0.701563 0.034375 0.05
0 0.792969 0.28125 0.0265625 0.040625
0 0.483594 0.573438 0.0390625 0.046875
0 0.860937 0.441406 0.034375 0.0359375
0 0.473437 0.503125 0.03125 0.059375
0 0.510156 0.484375 0.0296875 0.040625
0 0.19375 0.320312 0.040625 0.040625
0 0.571094 0.536719 0.0328125 0.0453125
0 0.284375 0.403125 0.028125 0.03125
0 0.69375 0.242188 0.053125 0.059375
0 0.01875 0.494531 0.0375 0.0484375
0 0.233594 0.660937 0.0359375 0.05625
0 0.497656 0.449219 0.0265625 0.0390625
0 0.402344 0.192188 0.0265625 0.0375
0 0.570312 0.370313 0.04375 0.053125
0 0.740625 0.469531 0.040625 0.0609375
0 0.109375 0.0578125 0.03125 0.034375
0 0.0921875 0.546875 0.03125 0.040625
0 0.266406 0.176563 0.0359375 0.046875
0 0.449219 0.716406 0.0359375 0.0578125
0 0.523438 0.275781 0.028125 0.0515625
0 0.628906 0.576563 0.0265625 0.040625
0 0.0773437 0.636719 0.0359375 0.0421875
0 0.0789063 0.0789063 0.0328125 0.0453125
0 0.778125 0.146875 0.0375 0.053125
0 0.267969 0.450781 0.0453125 0.0484375
0 0.777344 0.322656 0.0296875 0.0328125
0 0.191406 0.398438 0.0390625 0.046875
0 0.172656 0.504687 0.0390625 0.05
0 0.239844 0.383594 0.0390625 0.0359375
0 0.257031 0.852344 0.0421875 0.0484375
0 0.445312 0.821875 0.0375 0.08125
0 0.119531 0.11875 0.0328125 0.059375
0 0.403125 0.685156 0.034375 0.0515625
0 0.145313 0.23125 0.03125 0.04375
0 0.68125 0.460156 0.040625 0.0578125
0 0.0257812 0.127344 0.0453125 0.0609375
0 0.532031 0.517187 0.0359375 0.05625
0 0.3875 0.510156 0.03125 0.0359375
0 0.254687 0.790625 0.0375 0.04375
0 0.417969 0.260938 0.0359375 0.0375
0 0.0992187 0.435937 0.0453125 0.040625
0 0.361719 0.2375 0.0390625 0.040625
0 0.147656 0.438281 0.0296875 0.0453125
0 0.634375 0.355469 0.034375 0.0546875
0 0.95625 0.180469 0.040625 0.0453125
0 0.7875 0.60625 0.04375 0.0625
0 0.0632813 0.333594 0.0359375 0.0515625
0 0.735156 0.415625 0.0359375 0.05
0 0.470313 0.432813 0.03125 0.046875
0 0.607031 0.525781 0.0296875 0.0546875
0 0.040625 0.285937 0.0375 0.053125
0 0.826563 0.335156 0.04375 0.0421875
0 0.0515625 0.242188 0.034375 0.0375
0 0.60625 0.629687 0.028125 0.04375
0 0.567187 0.244531 0.0375 0.0421875
0 0.449219 0.657031 0.0359375 0.0546875
0 0.0757812 0.682031 0.0328125 0.0421875
0 0.160938 0.346094 0.034375 0.0390625
0 0.503125 0.821875 0.034375 0.096875
0 0.129688 0.754687 0.0375 0.04375
0 0.234375 0.0882813 0.040625 0.0484375
0 0.321094 0.647656 0.0453125 0.0703125
0 0.70625 0.358594 0.034375 0.0390625
0 0.436719 0.450781 0.0328125 0.0484375
0 0.763281 0.264062 0.0390625 0.046875
0 0.924219 0.157031 0.0296875 0.0390625
0 0.804688 0.246875 0.034375 0.0375
0 0.667969 0.353125 0.0328125 0.046875
0 0.105469 0.70625 0.0359375 0.05
0 0.525 0.707812 0.05 0.08125
0 0.3 0.370313 0.034375 0.04375
0 0.23125 0.332031 0.028125 0.0484375
0 0.646094 0.459375 0.0265625 0.0375
0 0.465625 0.34375 0.028125 0.034375
0 0.710156 0.308594 0.0328125 0.0453125
0 0.0789063 0.128906 0.0421875 0.0453125
0 0.378906 0.454688 0.0328125 0.046875
0 0.385938 0.65 0.034375 0.046875
0 0.907812 0.215625 0.05 0.04375
0 0.789062 0.367969 0.0375 0.0421875
0 0.442187 0.196094 0.040625 0.0546875
0 0.223438 0.44375 0.0375 0.059375
0 0.873438 0.170312 0.046875 0.065625
0 0.136719 0.569531 0.0390625 0.0546875
0 0.521094 0.427344 0.0390625 0.0578125
0 0.435937 0.592969 0.03125 0.0421875
0 0.550781 0.309375 0.0359375 0.0375
0 0.620313 0.428125 0.0375 0.05
0 0.388281 0.817969 0.0484375 0.0734375
0 0.532031 0.189063 0.0484375 0.053125
0 0.16875 0.765625 0.040625 0.046875
0 0.829687 0.128906 0.059375 0.0609375
0 0.4875 0.142188 0.040625 0.046875
0 0.161719 0.164062 0.0734375 0.06875
0 0.309375 0.28125 0.04375 0.05625
0 0.328125 0.164844 0.04375 0.0484375
0 0.221094 0.247656 0.0359375 0.0421875
0 0.592969 0.578125 0.0390625 0.053125
0 0.942969 0.292969 0.0421875 0.0546875
0 0.746875 0.371875 0.0375 0.04375
0 0.145313 0.699219 0.0375 0.0546875
0 0.259375 0.132031 0.03125 0.0421875
0 0.552344 0.127344 0.0390625 0.0546875
0 0.133594 0.503906 0.0421875 0.0515625
0 0.774219 0.203906 0.0421875 0.0546875
0 0.053125 0.532812 0.0375 0.04375
0 0.444531 0.379687 0.0421875 0.05625
0 0.160938 0.109375 0.034375 0.046875
0 0.615625 0.30625 0.0375 0.05
0 0.330469 0.121875 0.0328125 0.0375
0 0.285156 0.222656 0.0359375 0.0515625
0 0.446875 0.551562 0.034375 0.053125
0 0.155469 0.635938 0.0546875 0.06875
0 0.686719 0.121094 0.220313 0.132812
0 0.370313 0.711719 0.034375 0.0484375
0 0.316406 0.51875 0.0390625 0.053125
0 0.329688 0.794531 0.065625 0.0578125
0 0.355469 0.496094 0.0390625 0.0546875
0 0.384375 0.133594 0.0625 0.0765625
