0 0.255469 0.258594 0.0265625 0.0296875
0 0.632031 0.542969 0.0296875 0.0359375
0 0.625 0.391406 0.025 0.0296875
0 0.009375 0.59375 0.01875 0.0375
0 0.882812 0.286719 0.03125 0.0265625
0 0.239063 0.932031 0.03125 0.0578125
0 0.43125 0.860156 0.0375 0.0390625
0 0.0140625 0.867969 0.028125 0.0453125
0 0.783594 0.7875 0.0421875 0.0375
0 0.389062 0.101562 0.03125 0.028125
0 0.495313 0.226562 0.034375 0.034375
0 0.930469 0.183594 0.0359375 0.0390625
0 0.225781 0.389844 0.0234375 0.0265625
0 0.177344 0.842188 0.0265625 0.040625
0 0.675 0.760156 0.03125 0.0328125
0 0.471094 0.5875 0.0234375 0.034375
0 0.110156 0.344531 0.0296875 0.0390625
0 0.0078125 0.0890625 0.015625 0.028125
0 0.126563 0.114844 0.03125 0.0421875
0 0.964844 0.307031 0.0296875 0.0421875
0 0.167187 0.241406 0.028125 0.0296875
0 0.629687 0.310156 0.03125 0.0265625
0 0.249219 0.873438 0.0328125 0.0375
0 0.0898438 0.852344 0.0609375 0.0578125
0 0.171094 0.1375 0.0390625 0.0375
0 0.608594 0.629687 0.0296875 0.040625
0 0.574219 0.603906 0.0328125 0.0421875
0 0.485156 0.490625 0.0296875 0.034375
0 0.417969 0.117969 0.0234375 0.0359375
0 0.148438 0.439063 0.03125 0.04375
0 0.728906 0.592969 0.0328125 0.0421875
0 0.184375 0.44375 0.028125 0.046875
0 0.0203125 0.628125 0.040625 0.0375
0 0.488281 0.360156 0.0296875 0.0328125
0 0.250781 0.702344 0.0234375 0.0234375
0 0.460938 0.361719 0.03125 0.0359375
0 0.299219 0.385938 0.0265625 0.028125
0 0.249219 0.650781 0.0265625 0.0359375
0 0.316406 0.666406 0.0359375 0.0640625
0 0.0273438 0.190625 0.0296875 0.028125
0 0.0304688 0.767969 0.0296875 0.0359375
0 0.715625 0.0882813 0.028125 0.0328125
0 0.0195312 0.667969 0.0390625 0.0453125
0 0.833594 0.35 0.0265625 0.040625
0 0.503906 0.433594 0.0296875 0.0296875
0 0.0515625 0.160156 0.0375 0.0296875
0 0.727344 0.65 0.0265625 0.0375
0 0.710156 0.0539063 0.0296875 0.0359375
0 0.902344 0.535937 0.0515625 0.06875
0 0.133594 0.240625 0.0328125 0.05
0 0.35625 0.394531 0.028125 0.0328125
0 0.789844 0.059375 0.0265625 0.05
0 0.359375 0.585156 0.028125 0.0328125
0 0.985156 0.407031 0.0296875 0.0484375
0 0.260156 0.572656 0.0390625 0.0484375
0 0.015625 0.532812 0.03125 0.05625
0 0.985937 0.228906 0.028125 0.0484375
0 0.384375 0.192969 0.0375 0.0546875
0 0.908594 0.303906 0.0328125 0.0359375
0 0.234375 0.35625 0.034375 0.04375
0 0.185156 0.951563 0.0390625 0.065625
0 0.165625 0.203125 0.040625 0.040625
0 0.609375 0.464063 0.03125 0.078125
0 0.689844 0.646875 0.0453125 0.046875
0 0.405469 0.0796875 0.0328125 0.0375
0 0.911719 0.335938 0.0359375 0.0375
0 0.275 0.797656 0.046875 0.0453125
0 0.466406 0.764063 0.0359375 0.05
0 0.0851562 0.232031 0.0484375 0.0484375
0 0.414844 0.567187 0.0234375 0.034375
0 0.169531 0.878906 0.0265625 0.0359375
0 0.539844 0.754687 0.0328125 0.040625
0 0.441406 0.467969 0.0296875 0.0453125
0 0.441406 0.182812 0.0859375 0.0875
0 0.465625 0.678125 0.0375 0.05
0 0.827344 0.248437 0.0328125 0.034375
0 0.783594 0.108594 0.0265625 0.0296875
0 0.329688 0.835938 0.04375 0.0625
0 0.824219 0.53125 0.0265625 0.0375
0 0.141406 0.840625 0.0296875 0.046875
0 0.842969 0.655469 0.0265625 0.0390625
0 0.53125 0.0671875 0.04375 0.04375
0 0.296875 0.473437 0.0375 0.046875
0 0.421094 0.695312 0.0296875 0.0375
0 0.600781 0.204688 0.0359375 0.040625
0 0.0773437 0.0703125 0.0328125 0.04375
0 0.046875 0.804688 0.03125 0.04375
0 0.510938 0.355469 0.028125 0.0359375
0 0.373437 0.327344 0.0375 0.0390625
0 0.215625 0.6375 0.03125 0.04375
0 0.467187 0.516406 0.03125 0.0390625
0 0.435156 0.410937 0.0328125 0.05
0 0.198437 0.713281 0.034375 0.0515625
0 0.832031 0.458594 0.0328125 0.0546875
0 0.233594 0.733594 0.0328125 0.0359375
0 0.848437 0.0773437 0.03125 0.0421875
0 0.873438 0.773438 0.03125 0.046875
0 0.573438 0.325781 0.021875 0.0390625
0 0.0851562 0.390625 0.0390625 0.06875
0 0.539062 0.557813 0.03125 0.034375
0 0.0546875 0.716406 0.053125 0.0796875
0 0.696875 0.222656 0.053125 0.0578125
0 0.515625 0.146875 0.040625 0.05
0 0.660937 0.692969 0.034375 0.0515625
0 0.571875 0.466406 0.03125 0.0484375
0 0.736719 0.779688 0.0296875 0.034375
0 0.327344 0.2375 0.123438 0.146875
0 0.202344 0.866406 0.0328125 0.0421875
0 0.803125 0.285937 0.040625 0.046875
0 0.820312 0.103125 0.034375 0.04375
0 0.540625 0.635156 0.034375 0.0390625
0 0.0960938 0.465625 0.0453125 0.059375
0 0.501562 0.753125 0.0375 0.05
0 0.597656 0.7625 0.0390625 0.04375
0 0.186719 0.071875 0.0359375 0.040625
0 0.617188 0.596094 0.03125 0.0390625
0 0.86875 0.132812 0.046875 0.05
0 0.0351562 0.592969 0.0265625 0.0421875
0 0.400781 0.497656 0.0453125 0.0421875
0 0.727344 0.442969 0.0359375 0.0546875
0 0.396094 0.675781 0.0234375 0.0328125
0 0.308594 0.1 0.0484375 0.059375
0 0.090625 0.139844 0.040625 0.0390625
0 0.388281 0.409375 0.0421875 0.046875
0 0.464844 0.313281 0.0390625 0.0453125
0 0.788281 0.376563 0.0359375 0.059375
0 0.917969 0.263281 0.0296875 0.0421875
0 0.789062 0.752344 0.0375 0.0390625
0 0.479688 0.461719 0.0375 0.0421875
0 0.465625 0.878125 0.021875 0.040625
0 0.220313 0.829687 0.04375 0.034375
0 0.558594 0.717188 0.0421875 0.05625
0 0.523438 0.603906 0.03125 0.0390625
0 0.596094 0.364062 0.0265625 0.0375
0 0.0265625 0.282813 0.046875 0.059375
0 0.696094 0.490625 0.0328125 0.046875
0 0.509375 0.309375 0.03125 0.034375
0 0.651563 0.464844 0.034375 0.0515625
0 0.0210938 0.0515625 0.0421875 0.046875
0 0.705469 0.330469 0.0515625 0.0453125
0 0.144531 0.56875 0.195312 0.171875
0 0.433594 0.528125 0.0296875 0.046875
0 0.829687 0.710938 0.028125 0.0625
0 0.555469 0.207813 0.0328125 0.046875
0 0.753906 0.748438 0.0296875 0.0375
0 0.647656 0.113281 0.0484375 0.0765625
0 0.148438 0.69375 0.090625 0.09375
0 0.0859375 0.508594 0.028125 0.0328125
0 0.575781 0.109375 0.0578125 0.08125
0 0.228906 0.1875 0.0546875 0.078125
0 0.961719 0.05625 0.0359375 0.05625
0 0.376563 0.135156 0.040625 0.0578125
0 0.622656 0.242969 0.0359375 0.0546875
0 0.411719 0.453906 0.0359375 0.0453125
0 0.0414063 0.392188 0.0359375 0.071875
0 0.442969 0.732813 0.0390625 0.053125
0 0.498437 0.557031 0.0375 0.0484375
0 0.682031 0.0773437 0.0390625 0.0546875
0 0.760938 0.146094 0.0375 0.0359375
0 0.385938 0.710938 0.034375 0.0375
0 0.0546875 0.915625 0.08125 0.078125
0 0.609375 0.713281 0.040625 0.0546875
0 0.347656 0.447656 0.0609375 0.0671875
0 0.3625 0.678125 0.03125 0.046875
0 0.625781 0.658594 0.0328125 0.0359375
0 0.521094 0.521875 0.0328125 0.04375
0 0.825 0.0421875 0.0375 0.0375
0 0.366406 0.625 0.0328125 0.04375
0 0.732813 0.535156 0.05 0.0546875
0 0.742188 0.241406 0.03125 0.0359375
0 0.583594 0.415625 0.0453125 0.05
0 0.0296875 0.227344 0.0375 0.0453125
0 0.633594 0.353125 0.0359375 0.05
0 0.478125 0.407031 0.0375 0.0578125
0 0.292188 0.347656 0.034375 0.0453125
0 0.101562 0.182812 0.046875 0.040625
0 0.521875 0.679688 0.034375 0.04375
0 0.28125 0.696094 0.0375 0.0453125
0 0.723437 0.729688 0.034375 0.05625
0 0.671094 0.528125 0.0328125 0.04375
0 0.539062 0.330469 0.034375 0.0453125
0 0.650781 0.196875 0.0328125 0.040625
0 0.342187 0.514844 0.04375 0.0484375
0 0.034375 0.115625 0.040625 0.05
0 0.648438 0.621094 0.034375 0.0515625
0 0.785937 0.214844 0.046875 0.0828125
0 0.664062 0.267188 0.0375 0.053125
0 0.826563 0.782812 0.046875 0.059375
0 0.44375 0.577344 0.03125 0.0390625
0 0.939062 0.117188 0.06875 0.0625
0 0.292188 0.533594 0.05 0.0671875
0 0.14375 0.158594 0.040625 0.0390625
0 0.447656 0.632812 0.0453125 0.053125
0 0.885938 0.607813 0.05625 0.05625
0 0.564844 0.26875 0.0703125 0.06875
0 0.967188 0.453906 0.0375 0.0421875
0 0.258594 0.385156 0.0328125 0.0390625
0 0.234375 0.504687 0.075 0.08125
0 0.335156 0.617969 0.0265625 0.0421875
0 0.05625 0.529688 0.040625 0.053125
0 0.530469 0.457812 0.0453125 0.053125
0 0.68125 0.410156 0.065625 0.0703125
0 0.597656 0.319531 0.0296875 0.0453125
0 0.492188 0.607813 0.034375 0.046875
0 0.580469 0.667188 0.0421875 0.05
0 0.769531 0.469531 0.0859375 0.0859375
0 0.411719 0.35625 0.0328125 0.046875
0 0.691406 0.705469 0.0359375 0.0515625
0 0.8 0.142969 0.034375 0.0421875
0 0.777344 0.603125 0.0921875 0.140625
0 0.678906 0.583594 0.0640625 0.0640625
