0 0.719531 0.721094 0.0234375 0.0390625
0 0.678125 0.125781 0.025 0.0328125
0 0.0992187 0.309375 0.0296875 0.059375
0 0.142188 0.177344 0.028125 0.0359375
0 0.767187 0.776563 0.028125 0.04375
0 0.188281 0.721094 0.0328125 0.0484375
0 0.257812 0.832812 0.028125 0.03125
0 0.252344 0.410156 0.0328125 0.0359375
0 0.989844 0.308594 0.0203125 0.0421875
0 0.446094 0.39375 0.0203125 0.034375
0 0.884375 0.420312 0.034375 0.0375
0 0.353125 0.28125 0.028125 0.028125
0 0.271875 0.0953125 0.0375 0.040625
0 0.274219 0.384375 0.0328125 0.0375
0 0.390625 0.615625 0.025 0.03125
0 0.0710938 0.338281 0.0265625 0.0421875
0 0.703906 0.139844 0.0265625 0.0421875
0 0.705469 0.759375 0.0234375 0.04375
0 0.288281 0.838281 0.0296875 0.0296875
0 0.285937 0.785937 0.028125 0.0375
0 0.0171875 0.139062 0.025 0.03125
0 0.438281 0.669531 0.0421875 0.0484375
0 0.525781 0.651563 0.0296875 0.034375
0 0.283594 0.707812 0.0265625 0.03125
0 0.259375 0.567187 0.028125 0.028125
0 0.475 0.308594 0.028125 0.0328125
0 0.283594 0.059375 0.0359375 0.028125
0 0.0125 0.172656 0.025 0.0359375
0 0.675 0.764063 0.03125 0.053125
0 0.225781 0.290625 0.0328125 0.03125
0 0.866406 0.396094 0.0390625 0.0484375
0 0.676562 0.3625 0.034375 0.0375
0 0.739062 0.3625 0.028125 0.0375
0 0.078125 0.367969 0.03125 0.0296875
0 0.470313 0.710156 0.03125 0.0421875
0 0.115625 0.538281 0.0375 0.0421875
0 0.7875 0.148438 0.034375 0.04375
0 0.338281 0.358594 0.0296875 0.0359375
0 0.749219 0.18125 0.0328125 0.04375
0 0.873438 0.25 0.040625 0.05
0 0.391406 0.521094 0.0265625 0.0421875
0 0.289062 0.503906 0.03125 0.0328125
0 0.040625 0.203906 0.03125 0.0359375
0 0.292188 0.474219 0.0375 0.0390625
0 0.315625 0.423438 0.028125 0.0375
0 0.446094 0.596094 0.0265625 0.0359375
0 0.263281 0.603906 0.0359375 0.0421875
0 0.585156 0.357031 0.0328125 0.0421875
0 0.945312 0.257031 0.03125 0.0328125
0 0.473437 0.567187 0.028125 0.0375
0 0.990625 0.566406 0.01875 0.0515625
0 0.0398437 0.442187 0.0265625 0.03125
0 0.0164062 0.642187 0.0328125 0.059375
0 0.877344 0.0351562 0.0515625 0.0703125
0 0.146094 0.213281 0.0328125 0.0359375
0 0.194531 0.678125 0.0296875 0.03125
0 0.869531 0.208594 0.0328125 0.0484375
0 0.478906 0.621094 0.0453125 0.0453125
0 0.374219 0.354688 0.0328125 0.059375
0 0.373437 0.126563 0.0375 0.040625
0 0.45625 0.805469 0.028125 0.0421875
0 0.310156 0.630469 0.0421875 0.0515625
0 0.665625 0.592188 0.034375 0.034375
0 0.546875 0.677344 0.03125 0.0359375
0 0.123438 0.282813 0.025 0.046875
0 0.647656 0.371094 0.0296875 0.0390625
0 0.451562 0.235156 0.028125 0.0296875
0 0.817187 0.317969 0.03125 0.0453125
0 0.7125 0.795313 0.034375 0.0375
0 0.0601562 0.139062 0.0328125 0.0375
0 0.519531 0.826563 0.0265625 0.05
0 0.764063 0.103906 0.03125 0.0453125
0 0.557813 0.374219 0.028125 0.0390625
0 0.3125 0.685156 0.05 0.0546875
0 0.578906 0.0585938 0.0296875 0.0328125
0 0.242188 0.453906 0.025 0.0421875
0 0.113281 0.157031 0.0328125 0.0328125
0 0.133594 0.0898438 0.0328125 0.0359375
0 0.892969 0.482812 0.0734375 0.059375
0 0.317969 0.464063 0.0328125 0.0375
0 0.357812 0.614062 0.0375 0.071875
0 0.391406 0.544531 0.0328125 0.0421875
0 0.108594 0.385156 0.0265625 0.0484375
0 0.540625 0.221094 0.03125 0.0359375
0 0.275 0.441406 0.03125 0.0328125
0 0.34375 0.70625 0.03125 0.034375
0 0.760938 0.0234375 0.034375 0.04375
0 0.5375 0.403906 0.05625 0.0453125
0 0.0273438 0.107031 0.0328125 0.0421875
0 0.573438 0.75625 0.034375 0.0375
0 0.978906 0.21875 0.0421875 0.075
0 0.223438 0.325 0.034375 0.0375
0 0.821094 0.582031 0.0671875 0.114063
0 0.310156 0.216406 0.0328125 0.0453125
0 0.597656 0.629687 0.0390625 0.046875
0 0.796875 0.474219 0.0875 0.0828125
0 0.342187 0.163281 0.034375 0.0453125
0 0.185156 0.302344 0.0265625 0.0359375
0 0.846094 0.0945313 0.0484375 0.0484375
0 0.767969 0.272656 0.0265625 0.0484375
0 0.173438 0.353125 0.040625 0.05
0 0.114844 0.191406 0.0296875 0.0328125
0 0.2625 0.142969 0.028125 0.0328125
0 0.422656 0.692969 0.0390625 0.0515625
0 0.103906 0.594531 0.0296875 0.0421875
0 0.732813 0.764844 0.028125 0.0390625
0 0.215625 0.398438 0.028125 0.0375
0 0.975 0.354688 0.03125 0.0375
0 0.01875 0.326562 0.0375 0.04375
0 0.425 0.742188 0.03125 0.034375
0 0.222656 0.2125 0.0390625 0.053125
0 0.0179687 0.244531 0.0359375 0.0515625
0 0.510938 0.24375 0.04375 0.040625
0 0.0398437 0.364844 0.0328125 0.0421875
0 0.476562 0.38125 0.040625 0.05
0 0.484375 0.757031 0.025 0.0359375
0 0.553125 0.2625 0.034375 0.0375
0 0.0210938 0.416406 0.0296875 0.0421875
0 0.25625 0.258594 0.034375 0.0390625
0 0.188281 0.594531 0.0296875 0.0421875
0 0.389844 0.096875 0.0359375 0.03125
0 0.0929687 0.446875 0.0390625 0.05
0 0.439844 0.440625 0.0390625 0.05
0 0.364062 0.0585938 0.03125 0.0359375
0 0.246875 0.344531 0.03125 0.0359375
0 0.566406 0.590625 0.0296875 0.0375
0 0.41875 0.279687 0.028125 0.04375
0 0.802344 0.786719 0.0328125 0.0421875
0 0.615625 0.788281 0.034375 0.0546875
0 0.460938 0.754687 0.028125 0.04375
0 0.0171875 0.501562 0.03125 0.040625
0 0.189844 0.415625 0.0328125 0.05
0 0.214844 0.127344 0.0421875 0.0390625
0 0.492188 0.5375 0.03125 0.04375
0 0.0546875 0.30625 0.03125 0.0375
0 0.335938 0.0914062 0.03125 0.0390625
0 0.685938 0.0460938 0.040625 0.0390625
0 0.028125 0.552344 0.034375 0.0453125
0 0.078125 0.764063 0.046875 0.065625
0 0.641406 0.275 0.0359375 0.05625
0 0.527344 0.6125 0.0390625 0.053125
0 0.859375 0.354688 0.034375 0.04375
0 0.45625 0.202344 0.025 0.0390625
0 0.309375 0.769531 0.03125 0.0359375
0 0.08125 0.0804688 0.034375 0.0421875
0 0.574219 0.471875 0.0453125 0.0625
0 0.596875 0.671094 0.040625 0.0546875
0 0.180469 0.252344 0.0390625 0.0546875
0 0.909375 0.379687 0.03125 0.0375
0 0.0203125 0.0585938 0.0375 0.0421875
0 0.739844 0.41875 0.0359375 0.053125
0 0.046875 0.482031 0.03125 0.0421875
0 0.410156 0.175 0.0390625 0.040625
0 0.68125 0.635156 0.034375 0.0484375
0 0.921875 0.0734375 0.040625 0.046875
0 0.217187 0.726562 0.034375 0.04375
0 0.685156 0.0898438 0.0421875 0.0390625
0 0.739062 0.700781 0.03125 0.0484375
0 0.494531 0.290625 0.0265625 0.0375
0 0.121094 0.467187 0.0421875 0.059375
0 0.780469 0.713281 0.0359375 0.0578125
0 0.152344 0.29375 0.0359375 0.05625
0 0.676562 0.394531 0.0375 0.0390625
0 0.130469 0.579687 0.0359375 0.053125
0 0.259375 0.782812 0.034375 0.04375
0 0.391406 0.304688 0.0328125 0.0375
0 0.613281 0.353906 0.0328125 0.0515625
0 0.719531 0.0898438 0.0265625 0.0453125
0 0.08125 0.178906 0.034375 0.0359375
0 0.295312 0.146875 0.0375 0.046875
0 0.878125 0.294531 0.03125 0.0421875
0 0.323438 0.583594 0.034375 0.0390625
0 0.945312 0.571094 0.065625 0.0984375
0 0.158594 0.14375 0.0359375 0.0375
0 0.597656 0.590625 0.0328125 0.040625
0 0.496094 0.18125 0.0390625 0.046875
0 0.0414063 0.171094 0.0359375 0.0421875
0 0.450781 0.294531 0.0328125 0.0453125
0 0.160156 0.479688 0.0328125 0.05625
0 0.928125 0.435156 0.0375 0.0578125
0 0.128906 0.344531 0.0328125 0.0484375
0 0.0734375 0.582031 0.0375 0.0421875
0 0.704687 0.214062 0.05 0.04375
0 0.232031 0.55 0.0328125 0.05625
0 0.292969 0.305469 0.0421875 0.0515625
0 0.470313 0.0796875 0.046875 0.059375
0 0.5375 0.527344 0.034375 0.0453125
0 0.407031 0.342969 0.0328125 0.0421875
0 0.924219 0.214844 0.0390625 0.0515625
0 0.689844 0.320312 0.0390625 0.046875
0 0.332812 0.320312 0.034375 0.05
0 0.903125 0.114063 0.040625 0.053125
0 0.214062 0.06875 0.05 0.05
0 0.5 0.127344 0.034375 0.0421875
0 0.1375 0.403906 0.034375 0.0515625
0 0.588281 0.242969 0.0421875 0.0578125
0 0.420312 0.226562 0.040625 0.05
0 0.915625 0.303125 0.0375 0.053125
0 0.51875 0.340625 0.04375 0.065625
0 0.898438 0.16875 0.03125 0.04375
0 0.439063 0.135937 0.053125 0.065625
0 0.204688 0.632812 0.034375 0.05625
0 0.451562 0.353906 0.034375 0.0421875
0 0.0828125 0.691406 0.040625 0.0640625
0 0.182812 0.175781 0.040625 0.0515625
0 0.482812 0.492188 0.040625 0.05625
0 0.642969 0.328906 0.0359375 0.0421875
0 0.578125 0.544531 0.034375 0.0515625
0 0.609375 0.282813 0.03125 0.0375
0 0.238281 0.661719 0.0453125 0.0703125
0 0.209375 0.45 0.03125 0.0375
0 0.372656 0.707031 0.0296875 0.0421875
0 0.408594 0.401563 0.0390625 0.053125
0 0.065625 0.528906 0.040625 0.0484375
0 0.525781 0.566406 0.0296875 0.0359375
0 0.664844 0.48125 0.132812 0.13125
0 0.382031 0.254687 0.0484375 0.05
0 0.167187 0.797656 0.040625 0.0578125
0 0.216406 0.494531 0.0390625 0.0578125
0 0.735937 0.257031 0.034375 0.0546875
0 0.690625 0.705469 0.0375 0.0515625
0 0.354688 0.472656 0.04375 0.0578125
0 0.065625 0.251563 0.04375 0.05625
0 0.567969 0.803906 0.0484375 0.0546875
0 0.109375 0.229687 0.0375 0.05
0 0.529688 0.2875 0.0375 0.040625
0 0.661719 0.683594 0.0328125 0.0453125
0 0.609375 0.128906 0.053125 0.0515625
0 0.635938 0.620313 0.040625 0.059375
0 0.55625 0.321875 0.0375 0.053125
0 0.736719 0.569531 0.0796875 0.132812
0 0.129688 0.711719 0.046875 0.0703125
0 0.975 0.507031 0.046875 0.0578125
0 0.426562 0.54375 0.034375 0.04375
0 0.780469 0.328906 0.0359375 0.0453125
0 0.278125 0.744531 0.0375 0.0421875
0 0.444531 0.503906 0.0359375 0.0484375
