0 0.505469 0.263281 0.0296875 0.0484375
0 0.25625 0.585938 0.03125 0.034375
0 0.867188 0.529688 0.028125 0.046875
0 0.925 0.182812 0.03125 0.0375
0 0.207813 0.653125 0.03125 0.040625
0 0.0171875 0.741406 0.028125 0.0421875
0 0.607031 0.371094 0.0265625 0.0328125
0 0.667188 0.284375 0.04375 0.075
0 0.664062 0.46875 0.028125 0.040625
0 0.839063 0.0960938 0.025 0.0359375
0 0.901563 0.15 0.028125 0.0375
0 0.767969 0.482031 0.0328125 0.0328125
0 0.509375 0.240625 0.034375 0.071875
0 0.534375 0.51875 0.028125 0.046875
0 0.0242187 0.398438 0.0453125 0.071875
0 0.728906 0.260156 0.0296875 0.0359375
0 0.301562 0.322656 0.03125 0.0421875
0 0.283594 0.684375 0.0265625 0.034375
0 0.822656 0.0484375 0.0359375 0.040625
0 0.95 0.3625 0.040625 0.06875
0 0.214844 0.4625 0.0296875 0.0625
0 0.391406 0.696875 0.0265625 0.053125
0 0.370313 0.429688 0.03125 0.046875
0 0.547656 0.329688 0.0328125 0.04375
0 0.289844 0.274219 0.0296875 0.0421875
0 0.616406 0.752344 0.0296875 0.0515625
0 0.734375 0.360156 0.028125 0.0359375
0 0.644531 0.432031 0.0234375 0.0359375
0 0.600781 0.3375 0.0359375 0.046875
0 0.446875 0.376563 0.03125 0.065625
0 0.625781 0.228906 0.0359375 0.0328125
0 0.992969 0.283594 0.0140625 0.0453125
0 0.660156 0.624219 0.0296875 0.0515625
0 0.425 0.44375 0.04375 0.05625
0 0.0179687 0.559375 0.0359375 0.065625
0 0.849219 0.396875 0.0328125 0.03125
0 0.769531 0.129688 0.0328125 0.028125
0 0.578906 0.753906 0.0359375 0.0671875
0 0.0164062 0.177344 0.0328125 0.0390625
0 0.0570313 0.554688 0.0296875 0.0375
0 0.189844 0.714844 0.0296875 0.0390625
0 0.985156 0.175781 0.0296875 0.0421875
0 0.540625 0.265625 0.025 0.04375
0 0.0796875 0.589844 0.03125 0.0359375
0 0.290625 0.241406 0.034375 0.0390625
0 0.65625 0.378125 0.0375 0.05
0 0.627344 0.624219 0.0265625 0.0421875
0 0.760156 0.538281 0.0265625 0.0328125
0 0.639844 0.669531 0.0328125 0.0328125
0 0.6625 0.0742188 0.028125 0.0359375
0 0.0515625 0.628125 0.028125 0.034375
0 0.614844 0.509375 0.0328125 0.06875
0 0.353906 0.325 0.0578125 0.096875
0 0.578125 0.298438 0.025 0.0375
0 0.46875 0.199219 0.04375 0.0734375
0 0.532812 0.084375 0.03125 0.03125
0 0.903906 0.05 0.0328125 0.034375
0 0.760156 0.392188 0.0296875 0.040625
0 0.970312 0.2125 0.028125 0.0375
0 0.403906 0.666406 0.0328125 0.0390625
0 0.715625 0.307813 0.03125 0.0375
0 0.81875 0.279687 0.0375 0.05
0 0.7125 0.477344 0.028125 0.0453125
0 0.0296875 0.3 0.05 0.06875
0 0.25625 0.432031 0.034375 0.0453125
0 0.0828125 0.629687 0.03125 0.059375
0 0.955469 0.105469 0.0484375 0.0546875
0 0.310937 0.0679687 0.034375 0.0359375
0 0.595312 0.235156 0.025 0.0359375
0 0.464844 0.657812 0.0328125 0.04375
0 0.117969 0.369531 0.0515625 0.0578125
0 0.203906 0.371875 0.0796875 0.053125
0 0.313281 0.584375 0.0421875 0.05
0 0.751562 0.440625 0.028125 0.040625
0 0.655469 0.135937 0.0359375 0.05
0 0.880469 0.0898438 0.0484375 0.0578125
0 0.134375 0.278125 0.03125 0.0375
0 0.807813 0.189063 0.05625 0.065625
0 0.838281 0.440625 0.0328125 0.053125
0 0.358594 0.503906 0.0484375 0.0859375
0 0.239844 0.615625 0.0296875 0.0375
0 0.183594 0.796875 0.0328125 0.046875
0 0.422656 0.63125 0.0359375 0.05625
0 0.60625 0.430469 0.04375 0.0640625
0 0.573438 0.532812 0.0375 0.065625
0 0.0328125 0.216406 0.0375 0.0640625
0 0.05625 0.689062 0.040625 0.05625
0 0.524219 0.194531 0.0359375 0.0390625
0 0.3625 0.125781 0.03125 0.0421875
0 0.169531 0.214844 0.0453125 0.0671875
0 0.242969 0.496875 0.0390625 0.046875
0 0.244531 0.70625 0.0484375 0.090625
0 0.725 0.526563 0.034375 0.053125
0 0.690625 0.184375 0.040625 0.0625
0 0.789844 0.529688 0.0328125 0.04375
0 0.708594 0.13125 0.0296875 0.034375
0 0.253906 0.535937 0.0390625 0.05
0 0.882812 0.442187 0.040625 0.05
0 0.838281 0.5 0.0296875 0.053125
0 0.692187 0.364844 0.028125 0.0484375
0 0.482031 0.714844 0.0328125 0.0453125
0 0.471094 0.510938 0.0640625 0.071875
0 0.867969 0.136719 0.0328125 0.0359375
0 0.257812 0.183594 0.034375 0.0734375
0 0.297656 0.394531 0.0453125 0.0484375
0 0.809375 0.503125 0.03125 0.040625
0 0.407031 0.10625 0.0390625 0.090625
0 0.140625 0.589063 0.03125 0.0375
0 0.0835937 0.735937 0.0421875 0.059375
0 0.58125 0.0765625 0.034375 0.053125
0 0.29375 0.735156 0.0375 0.0421875
0 0.157031 0.314063 0.0671875 0.075
0 0.457031 0.727344 0.0296875 0.0421875
0 0.771094 0.0875 0.0328125 0.04375
0 0.167969 0.514063 0.0390625 0.04375
0 0.325781 0.139844 0.0359375 0.0546875
0 0.629687 0.341406 0.028125 0.0421875
0 0.608594 0.283594 0.0421875 0.0515625
0 0.171094 0.604688 0.0296875 0.0375
0 0.683594 0.422656 0.0359375 0.0515625
0 0.0796875 0.404687 0.034375 0.04375
0 0.110156 0.25625 0.0421875 0.05
0 0.739062 0.107031 0.034375 0.0390625
0 0.146875 0.464063 0.053125 0.05625
0 0.170312 0.757812 0.0375 0.05
0 0.803125 0.111719 0.0375 0.0484375
0 0.434375 0.291406 0.0375 0.0859375
0 0.183594 0.423438 0.0359375 0.053125
0 0.29375 0.634375 0.040625 0.0625
0 0.955469 0.29375 0.0453125 0.053125
0 0.633594 0.569531 0.0390625 0.0484375
0 0.539844 0.654688 0.0421875 0.059375
0 0.207813 0.548437 0.05625 0.0625
0 0.730469 0.407031 0.0390625 0.0453125
0 0.214062 0.242188 0.040625 0.040625
0 0.510156 0.692969 0.0265625 0.0390625
0 0.795313 0.363281 0.071875 0.0765625
0 0.08125 0.324219 0.065625 0.0828125
0 0.0390625 0.478906 0.053125 0.0578125
0 0.0195312 0.127344 0.0390625 0.0484375
0 0.466406 0.317187 0.0359375 0.04375
0 0.667969 0.538281 0.0484375 0.0734375
0 0.357812 0.065625 0.05 0.059375
0 0.45625 0.60625 0.034375 0.05
0 0.29375 0.495313 0.034375 0.04375
0 0.0789063 0.127344 0.0703125 0.0765625
0 0.632031 0.184375 0.0390625 0.046875
0 0.222656 0.159375 0.0390625 0.059375
0 0.235938 0.0984375 0.05 0.05625
0 0.582812 0.183594 0.05 0.0703125
0 0.372656 0.189844 0.0390625 0.0578125
0 0.904688 0.250781 0.03125 0.0484375
0 0.33125 0.201562 0.034375 0.053125
0 0.0898438 0.480469 0.0359375 0.0546875
0 0.149219 0.0859375 0.0890625 0.084375
0 0.205469 0.603906 0.0390625 0.0484375
0 0.580469 0.622656 0.0546875 0.0671875
0 0.345313 0.689844 0.053125 0.0640625
0 0.547656 0.40625 0.0484375 0.071875
0 0.289062 0.11875 0.0375 0.05625
0 0.867188 0.246094 0.0375 0.0453125
0 0.304688 0.533594 0.0375 0.0453125
0 0.494531 0.6 0.0484375 0.046875
0 0.35625 0.246094 0.040625 0.0546875
0 0.0695312 0.232031 0.0390625 0.0640625
0 0.413281 0.54375 0.0515625 0.0875
0 0.425 0.70625 0.034375 0.046875
0 0.121875 0.185156 0.0375 0.0703125
0 0.883594 0.378906 0.0546875 0.0609375
0 0.404687 0.225 0.05 0.0625
0 0.974219 0.454688 0.0515625 0.0625
0 0.103906 0.540625 0.0515625 0.071875
0 0.558594 0.130469 0.0578125 0.0609375
