0 0.892969 0.49375 0.0296875 0.05625
0 0.523438 0.416406 0.034375 0.0546875
0 0.616406 0.465625 0.0265625 0.046875
0 0.160938 0.609375 0.03125 0.078125
0 0.870313 0.453906 0.028125 0.0484375
0 0.0109375 0.291406 0.021875 0.0484375
0 0.364062 0.279687 0.04375 0.05625
0 0.615625 0.602344 0.034375 0.0453125
0 0.702344 0.141406 0.0265625 0.0390625
0 0.723437 0.76875 0.034375 0.05
0 0.01875 0.164062 0.0375 0.04375
0 0.0164062 0.8625 0.0328125 0.0625
0 0.50625 0.577344 0.025 0.0359375
0 0.204688 0.25625 0.03125 0.028125
0 0.785937 0.484375 0.034375 0.0625
0 0.203125 0.44375 0.03125 0.0375
0 0.309375 0.58125 0.03125 0.046875
0 0.434375 0.13125 0.03125 0.0375
0 0.696875 0.816406 0.03125 0.0390625
0 0.329688 0.457812 0.034375 0.04375
0 0.342187 0.0585938 0.03125 0.0296875
0 0.604688 0.0898438 0.078125 0.0671875
0 0.582031 0.767187 0.0265625 0.040625
0 0.0171875 0.129688 0.03125 0.034375
0 0.207031 0.329688 0.0296875 0.0375
0 0.459375 0.464063 0.028125 0.040625
0 0.0859375 0.370313 0.03125 0.0375
0 0.741406 0.0195312 0.0328125 0.0390625
0 0.903906 0.2375 0.0453125 0.078125
0 0.128125 0.134375 0.03125 0.03125
0 0.285156 0.459375 0.0265625 0.034375
0 0.142969 0.105469 0.0265625 0.0328125
0 0.120312 0.607813 0.028125 0.034375
0 0.48125 0.821875 0.025 0.053125
0 0.151562 0.495313 0.03125 0.053125
0 0.435156 0.560938 0.0328125 0.05625
0 0.415625 0.642187 0.028125 0.05
0 0.857031 0.279687 0.0421875 0.046875
0 0.79375 0.146875 0.03125 0.053125
0 0.0125 0.591406 0.025 0.0453125
0 0.860937 0.40625 0.028125 0.059375
0 0.892969 0.416406 0.0203125 0.0359375
0 0.477344 0.332031 0.0265625 0.0359375
0 0.923437 0.649219 0.025 0.0328125
0 0.147656 0.333594 0.0390625 0.0640625
0 0.821094 0.423438 0.0296875 0.0375
0 0.75 0.349219 0.03125 0.0453125
0 0.323438 0.427344 0.028125 0.0359375
0 0.474219 0.526563 0.0390625 0.04375
0 0.964063 0.24375 0.040625 0.05
0 0.564844 0.273438 0.0390625 0.05625
0 0.136719 0.566406 0.0328125 0.0390625
0 0.1 0.839063 0.04375 0.05625
0 0.459375 0.421094 0.028125 0.0296875
0 0.860156 0.844531 0.0484375 0.0765625
0 0.875 0.688281 0.046875 0.0546875
0 0.2125 0.402344 0.034375 0.0453125
0 0.700781 0.66875 0.0359375 0.04375
0 0.9 0.166406 0.034375 0.0421875
0 0.0453125 0.576563 0.034375 0.04375
0 0.617188 0.645312 0.03125 0.0375
0 0.417969 0.517187 0.0296875 0.040625
0 0.290625 0.628906 0.03125 0.0453125
0 0.529688 0.547656 0.046875 0.0734375
0 0.391406 0.476562 0.0328125 0.040625
0 0.957812 0.425 0.0375 0.065625
0 0.458594 0.589844 0.0296875 0.0328125
0 0.549219 0.45625 0.0359375 0.046875
0 0.034375 0.260938 0.05 0.046875
0 0.275 0.352344 0.040625 0.0484375
0 0.428906 0.307031 0.0421875 0.0484375
0 0.0859375 0.775 0.0375 0.046875
0 0.0164062 0.679688 0.0328125 0.0625
0 0.0765625 0.630469 0.03125 0.0421875
0 0.317969 0.378906 0.0328125 0.0421875
0 0.124219 0.279687 0.0515625 0.053125
0 0.710156 0.723437 0.0328125 0.04375
0 0.3875 0.1125 0.046875 0.1125
0 0.692187 0.05625 0.040625 0.059375
0 0.858594 0.136719 0.0453125 0.0640625
0 0.513281 0.153906 0.0484375 0.0515625
0 0.75 0.609375 0.034375 0.04375
0 0.746094 0.735937 0.0390625 0.0625
0 0.0492188 0.332031 0.0328125 0.0328125
0 0.63125 0.398438 0.028125 0.046875
0 0.774219 0.407031 0.0359375 0.0796875
0 0.165625 0.149219 0.03125 0.0453125
0 0.246094 0.38125 0.0328125 0.03125
0 0.277344 0.511719 0.0578125 0.0640625
0 0.403906 0.588281 0.0328125 0.0359375
0 0.340625 0.607813 0.053125 0.05
0 0.795313 0.246094 0.034375 0.0453125
0 0.1875 0.209375 0.03125 0.0375
0 0.065625 0.497656 0.03125 0.0390625
0 0.825 0.3875 0.034375 0.0375
0 0.666406 0.588281 0.0328125 0.0484375
0 0.709375 0.50625 0.065625 0.078125
0 0.2625 0.298438 0.065625 0.053125
0 0.667188 0.640625 0.03125 0.046875
0 0.527344 0.110937 0.0515625 0.040625
0 0.329688 0.111719 0.0375 0.0578125
0 0.121875 0.203906 0.028125 0.0359375
0 0.457812 0.264062 0.08125 0.078125
0 0.384375 0.628125 0.028125 0.040625
0 0.966406 0.05 0.0671875 0.0875
0 0.610156 0.702344 0.0328125 0.0546875
0 0.172656 0.369531 0.0390625 0.0390625
0 0.216406 0.749219 0.0328125 0.0453125
0 0.930469 0.378125 0.0359375 0.046875
0 0.796094 0.707031 0.0390625 0.0546875
0 0.028125 0.784375 0.0375 0.05625
0 0.475781 0.0960938 0.0484375 0.0453125
0 0.425781 0.439063 0.0390625 0.046875
0 0.540625 0.686719 0.034375 0.0546875
0 0.274219 0.114063 0.0578125 0.046875
0 0.189063 0.290625 0.04375 0.0375
0 0.090625 0.589844 0.0375 0.0453125
0 0.395312 0.258594 0.046875 0.0546875
0 0.175 0.0585938 0.04375 0.0515625
0 0.578906 0.354688 0.0390625 0.046875
0 0.0796875 0.536719 0.04375 0.0546875
0 0.53125 0.640625 0.034375 0.046875
0 0.319531 0.176563 0.0484375 0.053125
0 0.788281 0.341406 0.0328125 0.0484375
0 0.708594 0.611719 0.0359375 0.0484375
0 0.604688 0.303125 0.0375 0.05625
0 0.0890625 0.271875 0.0375 0.04375
0 0.775 0.0835937 0.04375 0.0703125
0 0.442187 0.071875 0.059375 0.059375
0 0.380469 0.220313 0.0359375 0.0375
0 0.0835937 0.321094 0.0453125 0.0515625
0 0.211719 0.0742188 0.0328125 0.0453125
0 0.334375 0.708594 0.05 0.0546875
0 0.641406 0.176563 0.0390625 0.040625
0 0.764844 0.566406 0.0265625 0.0390625
0 0.348437 0.560938 0.0375 0.04375
0 0.410156 0.360938 0.0359375 0.059375
0 0.454688 0.709375 0.0375 0.046875
0 0.528906 0.207031 0.0359375 0.0515625
0 0.232812 0.21875 0.040625 0.040625
0 0.896875 0.639844 0.0375 0.0578125
0 0.735937 0.226562 0.03125 0.053125
0 0.139062 0.752344 0.0375 0.0515625
0 0.671875 0.282813 0.05 0.065625
0 0.0796875 0.132031 0.059375 0.0453125
0 0.46875 0.771875 0.0375 0.0625
0 0.819531 0.199219 0.0421875 0.0546875
0 0.0320312 0.448438 0.0421875 0.053125
0 0.319531 0.341406 0.0359375 0.0359375
0 0.483594 0.198437 0.0390625 0.05
0 0.610937 0.769531 0.03125 0.0453125
0 0.416406 0.703125 0.0296875 0.040625
0 0.685156 0.346875 0.0296875 0.040625
0 0.771875 0.207813 0.0375 0.040625
0 0.665625 0.789062 0.034375 0.059375
0 0.649219 0.345313 0.0328125 0.0375
0 0.164062 0.441406 0.03125 0.0421875
0 0.728906 0.0867188 0.0484375 0.0578125
0 0.308594 0.278125 0.0484375 0.065625
0 0.669531 0.43125 0.0421875 0.0875
0 0.957031 0.29375 0.0328125 0.034375
0 0.601562 0.405469 0.0375 0.0484375
0 0.563281 0.520312 0.0390625 0.0625
0 0.971875 0.624219 0.05625 0.129688
0 0.482812 0.397656 0.05 0.0546875
0 0.364844 0.457812 0.0328125 0.040625
0 0.932813 0.48125 0.034375 0.05
0 0.08125 0.428906 0.034375 0.0515625
0 0.128125 0.441406 0.03125 0.0390625
0 0.208594 0.158594 0.0359375 0.0453125
0 0.126563 0.391406 0.046875 0.0546875
0 0.198437 0.516406 0.059375 0.0796875
0 0.716406 0.347656 0.0328125 0.0515625
0 0.165625 0.249219 0.04375 0.0515625
0 0.896875 0.0875 0.059375 0.08125
0 0.53125 0.364062 0.0375 0.040625
0 0.410156 0.750781 0.0328125 0.0515625
0 0.371875 0.405469 0.05625 0.0703125
0 0.248437 0.458594 0.0375 0.0546875
0 0.117969 0.536719 0.0390625 0.0421875
0 0.821875 0.0804688 0.040625 0.0609375
0 0.825781 0.308594 0.0515625 0.0546875
0 0.725781 0.432031 0.0359375 0.0609375
0 0.627344 0.532812 0.0484375 0.06875
0 0.114063 0.167969 0.040625 0.0453125
0 0.279687 0.7375 0.084375 0.06875
0 0.758594 0.296875 0.0640625 0.065625
0 0.674219 0.546094 0.0359375 0.0453125
0 0.930469 0.592969 0.0484375 0.0796875
0 0.0648438 0.188281 0.0390625 0.0671875
0 0.241406 0.685156 0.0421875 0.0578125
0 0.584375 0.478906 0.03125 0.0390625
0 0.0296875 0.625781 0.0375 0.0453125
0 0.275781 0.167969 0.0390625 0.0515625
0 0.674219 0.21875 0.0390625 0.053125
0 0.8375 0.554688 0.06875 0.1
0 0.358594 0.75625 0.0515625 0.053125
0 0.664062 0.130469 0.04375 0.0515625
0 0.871875 0.358594 0.034375 0.0546875
0 0.203906 0.65625 0.0546875 0.0625
