0 0.832031 0.203906 0.0234375 0.0453125
0 0.819531 0.585938 0.0609375 0.140625
0 0.816406 0.839063 0.0296875 0.053125
0 0.305469 0.635156 0.0296875 0.0421875
0 0.0726563 0.592969 0.0359375 0.0359375
0 0.624219 0.58125 0.0265625 0.03125
0 0.445312 0.347656 0.03125 0.0390625
0 0.0078125 0.198437 0.015625 0.053125
0 0.139844 0.00859375 0.0328125 0.0171875
0 0.420312 0.605469 0.03125 0.0453125
0 0.239844 0.655469 0.0265625 0.0390625
0 0.320312 0.855469 0.046875 0.0640625
0 0.292188 0.0625 0.021875 0.034375
0 0.449219 0.391406 0.0265625 0.0390625
0 0.397656 0.409375 0.0234375 0.03125
0 0.0835937 0.263281 0.0328125 0.0703125
0 0.988281 0.674219 0.0234375 0.0390625
0 0.0359375 0.053125 0.0375 0.040625
0 0.946094 0.371094 0.0296875 0.0515625
0 0.782031 0.232031 0.0265625 0.0390625
0 0.350781 0.133594 0.0234375 0.0296875
0 0.0640625 0.56875 0.0375 0.04375
0 0.789062 0.705469 0.025 0.0359375
0 0.609375 0.435156 0.065625 0.0640625
0 0.599219 0.516406 0.0296875 0.0359375
0 0.314063 0.607031 0.028125 0.0390625
0 0.942187 0.505469 0.025 0.0359375
0 0.0804688 0.05625 0.0296875 0.028125
0 0.771094 0.30625 0.0296875 0.040625
0 0.560938 0.714844 0.034375 0.0453125
0 0.20625 0.211719 0.040625 0.0578125
0 0.121094 0.396875 0.0359375 0.0375
0 0.616406 0.128906 0.0296875 0.0484375
0 0.0140625 0.111719 0.028125 0.0765625
0 0.592969 0.0945313 0.0328125 0.0390625
0 0.384375 0.440625 0.025 0.03125
0 0.41875 0.688281 0.025 0.0328125
0 0.417188 0.491406 0.028125 0.0328125
0 0.848437 0.265625 0.025 0.034375
0 0.482812 0.652344 0.0375 0.0515625
0 0.0140625 0.335156 0.028125 0.0515625
0 0.514844 0.760156 0.0234375 0.0453125
0 0.770312 0.16875 0.034375 0.04375
0 0.3625 0.435937 0.028125 0.03125
0 0.0585938 0.617969 0.0359375 0.0296875
0 0.369531 0.403906 0.0296875 0.0390625
0 0.184375 0.682813 0.03125 0.04375
0 0.0828125 0.670313 0.034375 0.053125
0 0.46875 0.182812 0.028125 0.034375
0 0.8875 0.691406 0.03125 0.0390625
0 0.827344 0.791406 0.0296875 0.0390625
0 0.370313 0.598437 0.028125 0.040625
0 0.117969 0.282813 0.0328125 0.040625
0 0.946094 0.702344 0.0265625 0.0359375
0 0.471094 0.282813 0.0234375 0.028125
0 0.757031 0.202344 0.0328125 0.0390625
0 0.705469 0.528906 0.0359375 0.0453125
0 0.657812 0.75 0.0375 0.04375
0 0.1625 0.196094 0.03125 0.0546875
0 0.877344 0.829687 0.0328125 0.05
0 0.73125 0.727344 0.03125 0.0390625
0 0.821875 0.0859375 0.0375 0.059375
0 0.028125 0.378125 0.028125 0.03125
0 0.663281 0.546094 0.0296875 0.0359375
0 0.558594 0.789062 0.0296875 0.059375
0 0.10625 0.648438 0.03125 0.04375
0 0.117969 0.3375 0.0421875 0.046875
0 0.430469 0.429688 0.0234375 0.03125
0 0.163281 0.614844 0.0421875 0.0546875
0 0.0648438 0.11875 0.0390625 0.046875
0 0.114844 0.244531 0.0296875 0.0453125
0 0.0484375 0.653906 0.040625 0.0390625
0 0.821875 0.410937 0.034375 0.05
0 0.679688 0.403906 0.028125 0.0328125
0 0.673437 0.146875 0.05 0.053125
0 0.485156 0.153906 0.0296875 0.0421875
0 0.3375 0.580469 0.03125 0.0359375
0 0.165625 0.0796875 0.034375 0.040625
0 0.160938 0.560938 0.034375 0.0375
0 0.630469 0.354688 0.0421875 0.046875
0 0.747656 0.244531 0.0359375 0.0484375
0 0.770312 0.48125 0.0375 0.04375
0 0.679688 0.577344 0.028125 0.0390625
0 0.975 0.626562 0.0375 0.05625
0 0.878125 0.485938 0.034375 0.04375
0 0.792188 0.284375 0.034375 0.053125
0 0.225781 0.260156 0.0359375 0.0421875
0 0.2375 0.442187 0.03125 0.04375
0 0.249219 0.171875 0.0359375 0.053125
0 0.697656 0.0757812 0.0359375 0.0421875
0 0.855469 0.175 0.0359375 0.040625
0 0.311719 0.145313 0.0296875 0.040625
0 0.623438 0.177344 0.034375 0.0390625
0 0.169531 0.508594 0.0359375 0.0484375
0 0.639844 0.645312 0.0609375 0.09375
0 0.803125 0.0398437 0.034375 0.0359375
0 0.463281 0.483594 0.0328125 0.0390625
0 0.532031 0.129688 0.0828125 0.125
0 0.435937 0.464063 0.03125 0.0375
0 0.417969 0.2 0.0390625 0.04375
0 0.146875 0.492188 0.03125 0.04375
0 0.977344 0.485938 0.0359375 0.059375
0 0.210156 0.514844 0.0359375 0.0453125
0 0.0515625 0.307031 0.03125 0.0359375
0 0.355469 0.779688 0.0328125 0.040625
0 0.527344 0.63125 0.0296875 0.0375
0 0.39375 0.377344 0.04375 0.0328125
0 0.978906 0.704687 0.0328125 0.040625
0 0.51875 0.35625 0.040625 0.046875
0 0.928125 0.270312 0.0375 0.08125
0 0.625781 0.732813 0.0359375 0.046875
0 0.508594 0.277344 0.0453125 0.0515625
0 0.667188 0.508594 0.028125 0.0390625
0 0.782031 0.117969 0.0390625 0.0484375
0 0.430469 0.246875 0.0328125 0.03125
0 0.489062 0.753906 0.03125 0.0578125
0 0.582812 0.741406 0.03125 0.0390625
0 0.084375 0.342187 0.040625 0.05625
0 0.0429688 0.346094 0.0296875 0.0390625
0 0.117188 0.471875 0.03125 0.0375
0 0.559375 0.625 0.025 0.040625
0 0.422656 0.117969 0.0296875 0.0515625
0 0.121875 0.0898438 0.0375 0.0484375
0 0.547656 0.578125 0.0390625 0.053125
0 0.782031 0.777344 0.0328125 0.0796875
0 0.480469 0.321094 0.0359375 0.0453125
0 0.570312 0.238281 0.0375 0.0609375
0 0.282031 0.535937 0.0296875 0.053125
0 0.147656 0.139844 0.0546875 0.0578125
0 0.709375 0.388281 0.03125 0.0390625
0 0.182031 0.380469 0.0671875 0.0546875
0 0.453125 0.428125 0.021875 0.034375
0 0.864062 0.0429688 0.034375 0.0453125
0 0.74375 0.682813 0.0375 0.05
0 0.314844 0.3875 0.0515625 0.0625
0 0.832031 0.289844 0.0296875 0.0453125
0 0.107813 0.183594 0.0375 0.0453125
0 0.260156 0.0796875 0.0359375 0.05
0 0.910156 0.745313 0.0359375 0.05625
0 0.248437 0.404687 0.034375 0.0375
0 0.357031 0.528906 0.0359375 0.0453125
0 0.910156 0.438281 0.0421875 0.0671875
0 0.546875 0.310937 0.0375 0.046875
0 0.917188 0.117188 0.0375 0.040625
0 0.694531 0.492188 0.0328125 0.040625
0 0.394531 0.673437 0.0296875 0.040625
0 0.316406 0.210938 0.0453125 0.0625
0 0.0257812 0.530469 0.0359375 0.0453125
0 0.71875 0.782812 0.0375 0.06875
0 0.55625 0.500781 0.034375 0.0453125
0 0.907031 0.635938 0.0765625 0.084375
0 0.370313 0.639844 0.04375 0.0453125
0 0.0273438 0.463281 0.0515625 0.0859375
0 0.242188 0.494531 0.040625 0.0484375
0 0.378906 0.111719 0.0390625 0.0421875
0 0.348437 0.470313 0.040625 0.046875
0 0.321094 0.803125 0.0265625 0.0375
0 0.809375 0.746875 0.025 0.04375
0 0.409375 0.571875 0.028125 0.0375
0 0.215625 0.325781 0.034375 0.0515625
0 0.869531 0.36875 0.0421875 0.059375
0 0.828125 0.339063 0.0375 0.05
0 0.595312 0.608594 0.034375 0.0453125
0 0.560938 0.657812 0.025 0.040625
0 0.0242187 0.595312 0.0390625 0.040625
0 0.521094 0.542188 0.0296875 0.0375
0 0.250781 0.347656 0.0359375 0.0703125
0 0.0164062 0.278906 0.0328125 0.0359375
0 0.249219 0.608594 0.0421875 0.0578125
0 0.11875 0.583594 0.04375 0.0578125
0 0.507812 0.433594 0.028125 0.0390625
0 0.2875 0.463281 0.059375 0.0578125
0 0.480469 0.383594 0.0328125 0.0609375
0 0.983594 0.117969 0.0328125 0.0578125
0 0.385156 0.492969 0.0328125 0.0421875
0 0.0765625 0.474219 0.040625 0.0640625
0 0.636719 0.289844 0.0484375 0.0546875
0 0.409375 0.455469 0.025 0.0328125
0 0.496875 0.50625 0.04375 0.059375
0 0.395312 0.15625 0.04375 0.046875
0 0.724219 0.16875 0.0359375 0.053125
0 0.660156 0.460156 0.0359375 0.0515625
0 0.739062 0.353125 0.05625 0.0875
0 0.259375 0.235156 0.034375 0.0453125
0 0.842969 0.726562 0.0484375 0.090625
0 0.922656 0.178125 0.0421875 0.05625
0 0.165625 0.2875 0.034375 0.053125
0 0.605469 0.227344 0.0359375 0.0671875
0 0.558594 0.374219 0.0546875 0.0640625
0 0.957031 0.579687 0.0515625 0.05625
0 0.0484375 0.271094 0.03125 0.0453125
0 0.478125 0.442969 0.028125 0.0390625
0 0.0429688 0.184375 0.0453125 0.0625
0 0.459375 0.13125 0.04375 0.059375
0 0.630469 0.495313 0.0421875 0.046875
0 0.730469 0.107031 0.0453125 0.0609375
0 0.704687 0.222656 0.0375 0.0484375
0 0.0679687 0.403906 0.0484375 0.0609375
0 0.121875 0.433594 0.0375 0.0484375
0 0.907812 0.352344 0.0375 0.0453125
0 0.714844 0.280469 0.0421875 0.0515625
0 0.977344 0.25625 0.0390625 0.06875
0 0.8875 0.229687 0.0375 0.059375
0 0.114063 0.528125 0.05625 0.05625
0 0.210156 0.158594 0.0390625 0.0484375
0 0.878906 0.307031 0.0578125 0.0734375
0 0.366406 0.717188 0.0390625 0.05625
0 0.402344 0.720312 0.0328125 0.046875
0 0.382812 0.29375 0.103125 0.121875
0 0.290625 0.334375 0.046875 0.0625
0 0.864062 0.43125 0.040625 0.05625
0 0.18125 0.453125 0.071875 0.065625
