0 0.00625 0.442187 0.0125 0.0375
0 0.0859375 0.301562 0.028125 0.034375
0 0.610156 0.633594 0.0265625 0.0328125
0 0.1125 0.689844 0.025 0.0359375
0 0.273438 0.204688 0.028125 0.0375
0 0.608594 0.704687 0.0328125 0.040625
0 0.233594 0.282813 0.0296875 0.0375
0 0.0101562 0.29375 0.0203125 0.040625
0 0.420312 0.454688 0.03125 0.05
0 0.102344 0.277344 0.0265625 0.0265625
0 0.64375 0.380469 0.028125 0.0328125
0 0.608594 0.596875 0.0265625 0.0375
0 0.939844 0.179688 0.0265625 0.034375
0 0.342187 0.489844 0.028125 0.0359375
0 0.317187 0.705469 0.028125 0.0421875
0 0.888281 0.046875 0.0328125 0.034375
0 0.25 0.0585938 0.028125 0.0328125
0 0.0429688 0.259375 0.0359375 0.034375
0 0.366406 0.739844 0.0234375 0.0359375
0 0.151562 0.102344 0.0375 0.0328125
0 0.200781 0.270312 0.0328125 0.028125
0 0.314844 0.303125 0.0328125 0.0375
0 0.210938 0.405469 0.03125 0.0453125
0 0.490625 0.620313 0.028125 0.034375
0 0.589844 0.2625 0.0265625 0.028125
0 0.0851562 0.249219 0.0265625 0.0359375
0 0.477344 0.448438 0.0296875 0.0375
0 0.989062 0.439844 0.021875 0.0421875
0 0.8625 0.557031 0.034375 0.0390625
0 0.102344 0.513281 0.0296875 0.0421875
0 0.528906 0.528906 0.0265625 0.0421875
0 0.470313 0.383594 0.028125 0.0328125
0 0.699219 0.125781 0.0546875 0.0578125
0 0.21875 0.477344 0.025 0.0359375
0 0.0171875 0.10625 0.034375 0.078125
0 0.390625 0.730469 0.03125 0.0390625
0 0.985937 0.232812 0.025 0.0375
0 0.185156 0.753125 0.0234375 0.025
0 0.588281 0.475781 0.0328125 0.0484375
0 0.672656 0.373437 0.0296875 0.0375
0 0.430469 0.503125 0.0265625 0.040625
0 0.563281 0.578125 0.0328125 0.040625
0 0.545313 0.739062 0.028125 0.05
0 0.591406 0.561719 0.0265625 0.0328125
0 0.58125 0.321094 0.03125 0.0296875
0 0.164062 0.542969 0.03125 0.0421875
0 0.282813 0.539844 0.03125 0.0546875
0 0.0867188 0.124219 0.0296875 0.0421875
0 0.267969 0.285937 0.0234375 0.046875
0 0.155469 0.05625 0.0328125 0.03125
0 0.507031 0.584375 0.0359375 0.028125
0 0.460938 0.484375 0.034375 0.0375
0 0.323438 0.173438 0.04375 0.04375
0 0.025 0.353906 0.034375 0.0359375
0 0.740625 0.271094 0.028125 0.0328125
0 0.084375 0.659375 0.03125 0.046875
0 0.832031 0.694531 0.0328125 0.0703125
0 0.455469 0.589063 0.0296875 0.046875
0 0.857031 0.0835937 0.0296875 0.0359375
0 0.497656 0.55 0.0328125 0.040625
0 0.288281 0.615625 0.0484375 0.05625
0 0.294531 0.0460938 0.0265625 0.0265625
0 0.978125 0.139844 0.0375 0.0640625
0 0.875 0.245312 0.046875 0.071875
0 0.939062 0.532031 0.034375 0.0390625
0 0.124219 0.247656 0.0453125 0.0453125
0 0.985937 0.278125 0.028125 0.04375
0 0.164844 0.604688 0.0359375 0.040625
0 0.0546875 0.110156 0.0375 0.0453125
0 0.335938 0.344531 0.0375 0.0421875
0 0.734375 0.142188 0.028125 0.0375
0 0.034375 0.4375 0.0375 0.040625
0 0.953125 0.270312 0.03125 0.05625
0 0.247656 0.705469 0.0265625 0.0328125
0 0.059375 0.509375 0.034375 0.0375
0 0.511719 0.485938 0.0328125 0.053125
0 0.375781 0.123438 0.129688 0.13125
0 0.504687 0.755469 0.03125 0.0453125
0 0.302344 0.415625 0.0453125 0.053125
0 0.0882813 0.409375 0.0359375 0.0375
0 0.641406 0.632031 0.0328125 0.0421875
0 0.0539063 0.171094 0.0359375 0.0421875
0 0.950781 0.339063 0.0359375 0.040625
0 0.821875 0.115625 0.03125 0.0375
0 0.120312 0.614062 0.028125 0.03125
0 0.254687 0.125781 0.0375 0.0296875
0 0.171094 0.397656 0.0421875 0.0453125
0 0.917969 0.505469 0.0359375 0.0453125
0 0.4125 0.38125 0.028125 0.046875
0 0.555469 0.203125 0.0515625 0.059375
0 0.0164062 0.166406 0.0328125 0.0390625
0 0.863281 0.649219 0.0359375 0.0484375
0 0.6375 0.428906 0.03125 0.0546875
0 0.696094 0.627344 0.0359375 0.0453125
0 0.382812 0.422656 0.034375 0.0421875
0 0.217187 0.550781 0.0375 0.0421875
0 0.786719 0.45 0.0359375 0.04375
0 0.440625 0.0992187 0.109375 0.120312
0 0.253906 0.746094 0.0515625 0.0484375
0 0.0335938 0.475781 0.0390625 0.0515625
0 0.0570313 0.391406 0.0328125 0.0421875
0 0.407031 0.532812 0.0328125 0.04375
0 0.128125 0.292969 0.03125 0.0390625
0 0.455469 0.639844 0.0421875 0.0515625
0 0.308594 0.249219 0.0390625 0.0453125
0 0.371094 0.55 0.0328125 0.040625
0 0.619531 0.0992187 0.0515625 0.0515625
0 0.572656 0.695312 0.0421875 0.059375
0 0.55625 0.490625 0.040625 0.05
0 0.364062 0.78125 0.0375 0.04375
0 0.207813 0.751562 0.025 0.03125
0 0.790625 0.233594 0.028125 0.0359375
0 0.236719 0.595312 0.0296875 0.040625
0 0.307813 0.371094 0.03125 0.0359375
0 0.753125 0.23125 0.0375 0.0375
0 0.375781 0.4875 0.0359375 0.0375
0 0.502344 0.407031 0.0328125 0.0453125
0 0.892969 0.472656 0.0421875 0.0515625
0 0.8 0.719531 0.0375 0.0546875
0 0.0601562 0.34375 0.0328125 0.040625
0 0.310156 0.775 0.0578125 0.05
0 0.190625 0.469531 0.034375 0.0484375
0 0.825781 0.260938 0.0328125 0.040625
0 0.400781 0.228906 0.0390625 0.0390625
0 0.353906 0.224219 0.0453125 0.0484375
0 0.259375 0.625 0.025 0.0375
0 0.214844 0.65 0.0421875 0.04375
0 0.254687 0.439063 0.0375 0.04375
0 0.714063 0.434375 0.03125 0.046875
0 0.414062 0.640625 0.03125 0.053125
0 0.0679687 0.201562 0.0421875 0.05
0 0.729688 0.0429688 0.046875 0.0765625
0 0.267969 0.498437 0.0390625 0.04375
0 0.107813 0.184375 0.03125 0.046875
0 0.928125 0.0429688 0.03125 0.0609375
0 0.610156 0.446875 0.0359375 0.05625
0 0.70625 0.704687 0.04375 0.053125
0 0.435156 0.326562 0.0609375 0.046875
0 0.540625 0.632812 0.034375 0.040625
0 0.8875 0.528125 0.034375 0.046875
0 0.110937 0.461719 0.05 0.0609375
0 0.617188 0.278125 0.034375 0.040625
0 0.560156 0.142188 0.0421875 0.05
0 0.746094 0.185937 0.0421875 0.05
0 0.114844 0.389844 0.0390625 0.0453125
0 0.852344 0.0414063 0.0328125 0.0359375
0 0.157813 0.151562 0.078125 0.053125
0 0.0335938 0.227344 0.0359375 0.0390625
0 0.405469 0.283594 0.0484375 0.0484375
0 0.709375 0.480469 0.034375 0.0421875
0 0.2375 0.340625 0.040625 0.04375
0 0.154687 0.453125 0.0375 0.046875
0 0.090625 0.346875 0.034375 0.04375
0 0.271875 0.375 0.0375 0.04375
0 0.688281 0.304688 0.0390625 0.059375
0 0.626562 0.16875 0.04375 0.065625
0 0.661719 0.34375 0.0390625 0.04375
0 0.91875 0.273438 0.034375 0.059375
0 0.895312 0.177344 0.05 0.0453125
0 0.164062 0.358594 0.03125 0.0328125
0 0.642187 0.242188 0.059375 0.059375
0 0.204688 0.601562 0.034375 0.0375
0 0.820312 0.0773437 0.034375 0.0453125
0 0.742188 0.321094 0.0375 0.0515625
0 0.839063 0.180469 0.046875 0.0578125
0 0.654688 0.564844 0.0375 0.0515625
0 0.159375 0.670313 0.075 0.090625
0 0.165625 0.265625 0.034375 0.0375
0 0.717188 0.529688 0.046875 0.05
0 0.5375 0.444531 0.040625 0.0546875
0 0.66875 0.15625 0.034375 0.05
0 0.788281 0.196875 0.0390625 0.05
0 0.446094 0.539844 0.0296875 0.0359375
0 0.714844 0.38125 0.0421875 0.05625
0 0.780469 0.114844 0.0390625 0.0515625
0 0.115625 0.567969 0.040625 0.0484375
0 0.630469 0.314844 0.0359375 0.0453125
0 0.757812 0.414844 0.0375 0.0453125
0 0.822656 0.219531 0.0328125 0.0390625
0 0.0265625 0.51875 0.034375 0.046875
0 0.796875 0.308594 0.04375 0.0609375
0 0.040625 0.302344 0.034375 0.0421875
0 0.733594 0.594531 0.0484375 0.0890625
0 0.823438 0.566406 0.0375 0.0734375
0 0.942969 0.442187 0.0421875 0.046875
0 0.83125 0.471875 0.0625 0.078125
0 0.786719 0.636719 0.0359375 0.0703125
0 0.666406 0.507812 0.0421875 0.059375
0 0.370313 0.611719 0.0625 0.0578125
0 0.624219 0.542188 0.0453125 0.065625
0 0.504687 0.248437 0.03125 0.040625
0 0.279687 0.334375 0.0375 0.040625
0 0.378906 0.384375 0.0296875 0.0375
0 0.8 0.153906 0.034375 0.0421875
0 0.746875 0.666406 0.040625 0.0484375
0 0.821094 0.380469 0.0453125 0.0640625
0 0.884375 0.113281 0.075 0.0734375
0 0.892969 0.3625 0.0734375 0.096875
0 0.692187 0.207031 0.053125 0.0703125
0 0.679688 0.441406 0.0375 0.0609375
0 0.353125 0.294531 0.034375 0.0578125
0 0.557813 0.257812 0.0375 0.04375
0 0.420312 0.583594 0.0375 0.0515625
0 0.332031 0.546875 0.0390625 0.05
0 0.208594 0.704687 0.0546875 0.05625
