0 0.528125 0.141406 0.03125 0.0265625
0 0.191406 0.021875 0.0328125 0.040625
0 0.265625 0.830469 0.028125 0.0515625
0 0.792188 0.744531 0.0375 0.0546875
0 0.585156 0.0859375 0.0328125 0.0375
0 0.161719 0.734375 0.0234375 0.059375
0 0.921875 0.755469 0.034375 0.0546875
0 0.855469 0.667188 0.0296875 0.04375
0 0.474219 0.166406 0.0328125 0.0359375
0 0.103906 0.55625 0.0234375 0.03125
0 0.325781 0.760156 0.0421875 0.0578125
0 0.698438 0.3625 0.03125 0.0375
0 0.748438 0.299219 0.03125 0.0390625
0 0.0421875 0.114063 0.028125 0.03125
0 0.0132813 0.572656 0.0265625 0.0515625
0 0.814844 0.146875 0.0265625 0.034375
0 0.584375 0.179688 0.028125 0.034375
0 0.470313 0.341406 0.03125 0.0359375
0 0.365625 0.442969 0.021875 0.0421875
0 0.6875 0.588281 0.028125 0.0453125
0 0.21875 0.396094 0.040625 0.0484375
0 0.648438 0.710938 0.03125 0.04375
0 0.597656 0.209375 0.0265625 0.034375
0 0.35625 0.695312 0.034375 0.053125
0 0.354688 0.175781 0.078125 0.0484375
0 0.0679687 0.526563 0.0484375 0.05
0 0.749219 0.691406 0.0296875 0.0453125
0 0.207813 0.765625 0.0375 0.053125
0 0.508594 0.464063 0.0296875 0.034375
0 0.841406 0.152344 0.0296875 0.0296875
0 0.257031 0.597656 0.0359375 0.0296875
0 0.571094 0.36875 0.0265625 0.034375
0 0.49375 0.504687 0.034375 0.04375
0 0.689062 0.639063 0.03125 0.0375
0 0.550781 0.5375 0.0359375 0.046875
0 0.0109375 0.130469 0.021875 0.0515625
0 0.757031 0.339063 0.0296875 0.0375
0 0.640625 0.663281 0.028125 0.0453125
0 0.746094 0.742188 0.0296875 0.046875
0 0.0859375 0.829687 0.028125 0.04375
0 0.0226563 0.666406 0.0328125 0.0515625
0 0.79375 0.295312 0.028125 0.040625
0 0.534375 0.510156 0.034375 0.0390625
0 0.171875 0.799219 0.034375 0.0453125
0 0.06875 0.123438 0.034375 0.0375
0 0.517187 0.176563 0.05 0.040625
0 0.339844 0.83125 0.0296875 0.053125
0 0.891406 0.432813 0.0484375 0.06875
0 0.638281 0.45 0.0328125 0.04375
0 0.0148437 0.257812 0.0296875 0.046875
0 0.286719 0.117969 0.0515625 0.0890625
0 0.589844 0.258594 0.0296875 0.0359375
0 0.117188 0.265625 0.025 0.034375
0 0.474219 0.613281 0.0328125 0.0484375
0 0.438281 0.501562 0.0328125 0.046875
0 0.129688 0.0828125 0.034375 0.05
0 0.43125 0.239063 0.025 0.0375
0 0.714063 0.336719 0.034375 0.0359375
0 0.972656 0.501562 0.0453125 0.053125
0 0.859375 0.529688 0.03125 0.034375
0 0.0460938 0.584375 0.0390625 0.071875
0 0.685938 0.453125 0.040625 0.053125
0 0.411719 0.507031 0.0328125 0.0421875
0 0.910156 0.675781 0.0296875 0.0546875
0 0.227344 0.822656 0.0484375 0.0515625
0 0.182812 0.164062 0.03125 0.040625
0 0.275 0.699219 0.0375 0.0640625
0 0.592969 0.14375 0.0578125 0.059375
0 0.54375 0.220313 0.03125 0.04375
0 0.696094 0.200781 0.0265625 0.0453125
0 0.0125 0.320312 0.025 0.05
0 0.132031 0.434375 0.0671875 0.04375
0 0.782812 0.682031 0.03125 0.0390625
0 0.819531 0.432031 0.0390625 0.0484375
0 0.322656 0.614062 0.0296875 0.034375
0 0.725 0.401563 0.03125 0.0375
0 0.258594 0.629687 0.0296875 0.034375
0 0.127344 0.5125 0.0328125 0.05
0 0.935938 0.633594 0.034375 0.0390625
0 0.671094 0.775 0.0359375 0.046875
0 0.478125 0.428906 0.034375 0.0359375
0 0.171094 0.385938 0.0359375 0.053125
0 0.053125 0.817969 0.034375 0.0453125
0 0.742969 0.253906 0.0390625 0.0390625
0 0.8125 0.524219 0.03125 0.0359375
0 0.182812 0.248437 0.03125 0.0375
0 0.828906 0.3625 0.0421875 0.05625
0 0.39375 0.819531 0.03125 0.0515625
0 0.8 0.630469 0.0375 0.0703125
0 0.267969 0.561719 0.0453125 0.0453125
0 0.44375 0.0796875 0.034375 0.0375
0 0.288281 0.339844 0.0390625 0.0734375
0 0.824219 0.289062 0.0453125 0.053125
0 0.221875 0.467969 0.028125 0.0359375
0 0.605469 0.313281 0.0421875 0.0515625
0 0.745313 0.619531 0.03125 0.0484375
0 0.4 0.222656 0.0375 0.0390625
0 0.291406 0.604688 0.0296875 0.034375
0 0.345313 0.125781 0.059375 0.0515625
0 0.289844 0.516406 0.0296875 0.0296875
0 0.505469 0.7 0.0328125 0.0375
0 0.736719 0.800781 0.0390625 0.0515625
0 0.560156 0.666406 0.0296875 0.0421875
0 0.463281 0.465625 0.0328125 0.046875
0 0.598437 0.410937 0.034375 0.040625
0 0.207813 0.282813 0.04375 0.078125
0 0.390625 0.428125 0.034375 0.05
0 0.725 0.189844 0.0375 0.0515625
0 0.515625 0.110937 0.0375 0.05
0 0.6 0.460156 0.04375 0.0578125
0 0.353906 0.0757812 0.0421875 0.0484375
0 0.496094 0.799219 0.0390625 0.0515625
0 0.227344 0.632031 0.0390625 0.0453125
0 0.521875 0.570312 0.0375 0.0625
0 0.715625 0.665625 0.03125 0.0375
0 0.1125 0.333594 0.034375 0.0359375
0 0.326562 0.658594 0.034375 0.0421875
0 0.258594 0.435156 0.0296875 0.0359375
0 0.360156 0.579687 0.0328125 0.04375
0 0.51875 0.748438 0.040625 0.05
0 0.389844 0.714063 0.0328125 0.05
0 0.855469 0.73125 0.0328125 0.053125
0 0.409375 0.333594 0.0625 0.0640625
0 0.665625 0.667188 0.028125 0.040625
0 0.953906 0.179688 0.0765625 0.08125
0 0.846094 0.466406 0.0328125 0.0421875
0 0.0539063 0.7625 0.0359375 0.05625
0 0.58125 0.727344 0.034375 0.0453125
0 0.5375 0.705469 0.028125 0.0390625
0 0.854688 0.274219 0.034375 0.0484375
0 0.773438 0.128906 0.034375 0.0546875
0 0.68125 0.319531 0.040625 0.0421875
0 0.596875 0.671094 0.040625 0.0671875
0 0.217969 0.13125 0.0390625 0.046875
0 0.146875 0.553906 0.0375 0.0390625
0 0.841406 0.0953125 0.0515625 0.078125
0 0.95625 0.565625 0.053125 0.05625
0 0.0234375 0.3875 0.034375 0.05625
0 0.766406 0.228125 0.0359375 0.040625
0 0.791406 0.394531 0.0390625 0.0453125
0 0.638281 0.096875 0.0359375 0.034375
0 0.971875 0.367188 0.0375 0.053125
0 0.461719 0.20625 0.0421875 0.05
0 0.0710938 0.178906 0.0296875 0.0390625
0 0.659375 0.571094 0.028125 0.0421875
0 0.0367187 0.475 0.0671875 0.09375
0 0.0601562 0.345313 0.0515625 0.05
0 0.822656 0.232812 0.0328125 0.04375
0 0.628125 0.603125 0.04375 0.046875
0 0.509375 0.224219 0.034375 0.0390625
0 0.0226563 0.801562 0.0359375 0.059375
0 0.146094 0.297656 0.0390625 0.0453125
0 0.74375 0.144531 0.03125 0.0421875
0 0.719531 0.5875 0.0296875 0.05625
0 0.371875 0.63125 0.053125 0.071875
0 0.724219 0.535937 0.0359375 0.05625
0 0.259375 0.757031 0.034375 0.0546875
0 0.89375 0.560156 0.0375 0.0453125
0 0.3375 0.221875 0.034375 0.034375
0 0.33125 0.467187 0.04375 0.065625
0 0.344531 0.280469 0.0359375 0.0546875
0 0.0203125 0.208594 0.034375 0.0546875
0 0.951563 0.261719 0.034375 0.0421875
0 0.103125 0.599219 0.040625 0.0546875
0 0.753125 0.425781 0.0375 0.0734375
0 0.596875 0.360938 0.03125 0.034375
0 0.242969 0.31875 0.0296875 0.034375
0 0.214062 0.346875 0.0375 0.04375
0 0.405469 0.272656 0.0421875 0.0484375
0 0.446875 0.690625 0.034375 0.059375
0 0.915625 0.145313 0.040625 0.046875
0 0.274219 0.217187 0.0390625 0.053125
0 0.317969 0.553125 0.0359375 0.053125
0 0.598437 0.542188 0.0375 0.05625
0 0.689062 0.711719 0.034375 0.0640625
0 0.188281 0.4625 0.0328125 0.065625
0 0.340625 0.353906 0.034375 0.0421875
0 0.100781 0.36875 0.0328125 0.040625
0 0.644531 0.216406 0.0328125 0.0421875
0 0.138281 0.35625 0.0328125 0.0375
0 0.141406 0.134375 0.0359375 0.04375
0 0.175 0.51875 0.03125 0.034375
0 0.198437 0.547656 0.034375 0.0421875
0 0.507812 0.628125 0.034375 0.05
0 0.084375 0.276563 0.0375 0.053125
0 0.841406 0.600781 0.0421875 0.0921875
0 0.105469 0.727344 0.0359375 0.0640625
0 0.98125 0.117188 0.0375 0.04375
0 0.167969 0.60625 0.0921875 0.078125
0 0.216406 0.189844 0.0484375 0.0609375
0 0.795313 0.196094 0.0375 0.0515625
0 0.532812 0.667188 0.028125 0.04375
0 0.904688 0.242969 0.05 0.0609375
0 0.216406 0.702344 0.0453125 0.0578125
0 0.145313 0.244531 0.040625 0.0484375
0 0.683594 0.0859375 0.0453125 0.053125
0 0.117969 0.394531 0.0328125 0.0390625
0 0.635156 0.528125 0.0390625 0.05625
0 0.466406 0.247656 0.0390625 0.0515625
0 0.250781 0.283594 0.0359375 0.0421875
0 0.396094 0.065625 0.0296875 0.034375
0 0.241406 0.0789063 0.0546875 0.0515625
0 0.736719 0.480469 0.0296875 0.0421875
0 0.407031 0.10625 0.0359375 0.04375
0 0.103125 0.482812 0.040625 0.05625
0 0.872656 0.028125 0.0546875 0.05625
0 0.102344 0.215625 0.0453125 0.05625
0 0.242188 0.517187 0.053125 0.0625
0 0.0664062 0.0882813 0.0390625 0.0359375
0 0.228125 0.56875 0.028125 0.040625
0 0.171094 0.207813 0.0359375 0.040625
0 0.165625 0.103125 0.0375 0.046875
0 0.782812 0.071875 0.0375 0.046875
0 0.927344 0.0828125 0.0515625 0.0625
0 0.876562 0.178906 0.04375 0.0671875
0 0.353906 0.524219 0.0328125 0.0578125
0 0.253906 0.472656 0.0359375 0.0453125
0 0.619531 0.24375 0.0328125 0.046875
0 0.58125 0.778125 0.040625 0.053125
