0 0.549219 0.191406 0.0296875 0.0421875
0 0.665625 0.382812 0.028125 0.0375
0 0.0992187 0.692969 0.0328125 0.0546875
0 0.770312 0.31875 0.028125 0.04375
0 0.742969 0.601562 0.0265625 0.040625
0 0.225 0.635156 0.034375 0.0390625
0 0.826563 0.015625 0.03125 0.028125
0 0.250781 0.665625 0.0328125 0.05
0 0.454688 0.617969 0.034375 0.0359375
0 0.0273438 0.490625 0.0453125 0.046875
0 0.485938 0.192969 0.03125 0.0390625
0 0.525781 0.525781 0.0359375 0.0421875
0 0.754687 0.364844 0.028125 0.0328125
0 0.828906 0.572656 0.0296875 0.0328125
0 0.0859375 0.117969 0.034375 0.0390625
0 0.70625 0.267188 0.028125 0.053125
0 0.2125 0.81875 0.03125 0.0375
0 0.476562 0.617969 0.034375 0.0359375
0 0.028125 0.524219 0.028125 0.0359375
0 0.270312 0.630469 0.03125 0.0296875
0 0.559375 0.41875 0.028125 0.0375
0 0.447656 0.310156 0.0296875 0.0484375
0 0.407813 0.176563 0.0375 0.090625
0 0.307813 0.504687 0.034375 0.05
0 0.878125 0.440625 0.03125 0.0375
0 0.504687 0.55625 0.034375 0.046875
0 0.829687 0.530469 0.028125 0.0421875
0 0.646094 0.204688 0.0390625 0.078125
0 0.251563 0.457812 0.071875 0.0875
0 0.891406 0.378125 0.0359375 0.046875
0 0.867188 0.485938 0.025 0.03125
0 0.730469 0.546875 0.0328125 0.034375
0 0.314844 0.4625 0.0328125 0.040625
0 0.5625 0.830469 0.028125 0.0359375
0 0.183594 0.491406 0.0359375 0.0359375
0 0.0414063 0.110937 0.0390625 0.059375
0 0.147656 0.595312 0.0359375 0.046875
0 0.0125 0.172656 0.021875 0.0671875
0 0.353906 0.45625 0.0328125 0.05
0 0.977344 0.395312 0.0359375 0.034375
0 0.0125 0.450781 0.025 0.0578125
0 0.957031 0.0804688 0.0578125 0.0640625
0 0.957031 0.554688 0.0296875 0.0375
0 0.282813 0.723437 0.040625 0.078125
0 0.680469 0.202344 0.0265625 0.0546875
0 0.0484375 0.298438 0.03125 0.03125
0 0.646094 0.411719 0.0234375 0.0390625
0 0.766406 0.554688 0.0328125 0.04375
0 0.478125 0.23125 0.034375 0.040625
0 0.824219 0.200781 0.0453125 0.0546875
0 0.015625 0.0953125 0.03125 0.0625
0 0.0765625 0.399219 0.046875 0.0453125
0 0.892187 0.503125 0.025 0.04375
0 0.667188 0.714063 0.040625 0.05625
0 0.352344 0.117188 0.0421875 0.04375
0 0.175 0.19375 0.05625 0.0625
0 0.197656 0.66875 0.0359375 0.05
0 0.121875 0.280469 0.03125 0.0484375
0 0.0570313 0.159375 0.0328125 0.03125
0 0.236719 0.179688 0.0578125 0.053125
0 0.788281 0.459375 0.0296875 0.046875
0 0.301562 0.599219 0.040625 0.0515625
0 0.880469 0.292969 0.0328125 0.0484375
0 0.205469 0.519531 0.0359375 0.0359375
0 0.208594 0.428906 0.0296875 0.0515625
0 0.335156 0.780469 0.0328125 0.0484375
0 0.766406 0.48125 0.0234375 0.040625
0 0.530469 0.704687 0.0421875 0.04375
0 0.967188 0.511719 0.05 0.0546875
0 0.832812 0.325781 0.040625 0.0421875
0 0.453906 0.15625 0.0390625 0.053125
0 0.579687 0.289062 0.03125 0.034375
0 0.874219 0.560938 0.0328125 0.05
0 0.879687 0.242188 0.03125 0.034375
0 0.924219 0.497656 0.0359375 0.0421875
0 0.864844 0.130469 0.0390625 0.0390625
0 0.797656 0.127344 0.0453125 0.0609375
0 0.708594 0.120312 0.0359375 0.053125
0 0.704687 0.617188 0.034375 0.046875
0 0.414062 0.767187 0.040625 0.05
0 0.692187 0.332812 0.03125 0.040625
0 0.0328125 0.390625 0.04375 0.04375
0 0.978125 0.284375 0.040625 0.04375
0 0.523438 0.174219 0.04375 0.0453125
0 0.689844 0.371875 0.0296875 0.040625
0 0.657812 0.0992187 0.034375 0.0453125
0 0.910156 0.328125 0.0296875 0.06875
0 0.614062 0.328125 0.03125 0.0375
0 0.16875 0.065625 0.028125 0.040625
0 0.921875 0.616406 0.04375 0.0609375
0 0.242188 0.753125 0.034375 0.040625
0 0.7875 0.349219 0.03125 0.0328125
0 0.0429688 0.261719 0.0328125 0.0359375
0 0.414844 0.617188 0.0328125 0.040625
0 0.335938 0.591406 0.03125 0.0453125
0 0.602344 0.228125 0.0328125 0.0375
0 0.209375 0.317969 0.03125 0.0359375
0 0.95625 0.340625 0.040625 0.04375
0 0.0804688 0.353125 0.0390625 0.040625
0 0.185937 0.101562 0.0375 0.0375
0 0.0179687 0.296094 0.0328125 0.0453125
0 0.18125 0.542969 0.0375 0.0421875
0 0.173438 0.619531 0.053125 0.0703125
0 0.466406 0.782812 0.0359375 0.05
0 0.729688 0.460938 0.053125 0.04375
0 0.523438 0.132812 0.0375 0.05
0 0.0796875 0.464844 0.034375 0.0421875
0 0.642969 0.514063 0.0265625 0.046875
0 0.779688 0.609375 0.0375 0.05
0 0.410937 0.0789063 0.040625 0.0484375
0 0.566406 0.45625 0.0390625 0.046875
0 0.325 0.648438 0.0375 0.04375
0 0.521875 0.470313 0.053125 0.078125
0 0.290625 0.164844 0.040625 0.0609375
0 0.136719 0.328906 0.0328125 0.0484375
0 0.133594 0.0625 0.0328125 0.0375
0 0.851562 0.267969 0.0375 0.0484375
0 0.445312 0.0929687 0.034375 0.0421875
0 0.571094 0.136719 0.0453125 0.0578125
0 0.721875 0.371875 0.034375 0.040625
0 0.221875 0.121094 0.04375 0.0421875
0 0.314063 0.422656 0.04375 0.0484375
0 0.371094 0.8375 0.0484375 0.0625
0 0.214844 0.372656 0.0609375 0.0515625
0 0.467187 0.514063 0.04375 0.05
0 0.059375 0.534375 0.040625 0.053125
0 0.910937 0.175 0.03125 0.0375
0 0.592969 0.5125 0.0359375 0.059375
0 0.408594 0.671094 0.0390625 0.0484375
0 0.332812 0.377344 0.040625 0.0421875
0 0.589063 0.401563 0.034375 0.04375
0 0.283594 0.664062 0.0328125 0.0375
0 0.208594 0.233594 0.0359375 0.0515625
0 0.73125 0.324219 0.034375 0.0421875
0 0.519531 0.816406 0.0359375 0.0546875
0 0.622656 0.553125 0.0328125 0.05
0 0.084375 0.272656 0.040625 0.0515625
0 0.648438 0.344531 0.0375 0.0453125
0 0.365625 0.695312 0.040625 0.053125
0 0.28125 0.371094 0.04375 0.0515625
0 0.119531 0.467187 0.0421875 0.05625
0 0.846094 0.15625 0.0359375 0.046875
0 0.0921875 0.515625 0.0375 0.040625
0 0.139844 0.150781 0.0609375 0.0546875
0 0.182812 0.278125 0.046875 0.05
0 0.914844 0.544531 0.0328125 0.0453125
0 0.619531 0.830469 0.0359375 0.0546875
0 0.0921875 0.210156 0.06875 0.0859375
0 0.933594 0.224219 0.0390625 0.0640625
0 0.267969 0.538281 0.0453125 0.0671875
0 0.925 0.430469 0.03125 0.0453125
0 0.484375 0.304688 0.05625 0.075
0 0.15 0.403906 0.053125 0.0765625
0 0.507812 0.657031 0.0375 0.0546875
0 0.284375 0.1 0.04375 0.059375
0 0.382031 0.321094 0.0390625 0.0703125
0 0.366406 0.622656 0.0359375 0.0640625
0 0.278125 0.274219 0.1 0.129688
0 0.396875 0.719531 0.034375 0.0453125
0 0.930469 0.119531 0.0359375 0.0515625
0 0.558594 0.557031 0.0328125 0.0484375
0 0.460156 0.580469 0.0359375 0.0421875
0 0.116406 0.417969 0.0359375 0.0421875
0 0.821094 0.625 0.0453125 0.065625
0 0.539844 0.253125 0.0640625 0.071875
0 0.8875 0.20625 0.03125 0.040625
0 0.684375 0.507031 0.059375 0.0703125
0 0.376563 0.536719 0.1 0.0828125
0 0.671094 0.434375 0.0359375 0.053125
0 0.745313 0.204688 0.078125 0.109375
0 0.355469 0.233594 0.0546875 0.101562
0 0.538281 0.3375 0.0390625 0.06875
0 0.040625 0.342187 0.04375 0.053125
0 0.376563 0.39375 0.046875 0.059375
0 0.103906 0.58125 0.0484375 0.065625
0 0.590625 0.189844 0.040625 0.0453125
0 0.129688 0.53125 0.040625 0.05
0 0.427344 0.43125 0.0984375 0.103125
0 0.629687 0.467187 0.05 0.05625
0 0.709375 0.421875 0.034375 0.046875
