0 0.480469 0.360938 0.0421875 0.05625
0 0.797656 0.46875 0.0390625 0.065625
0 0.467187 0.596094 0.03125 0.0390625
0 0.334375 0.682813 0.025 0.040625
0 0.0132813 0.0617188 0.0234375 0.0515625
0 0.392969 0.704687 0.0234375 0.040625
0 0.758594 0.507812 0.0484375 0.046875
0 0.0828125 0.195312 0.025 0.03125
0 0.919531 0.219531 0.0234375 0.0328125
0 0.84375 0.519531 0.03125 0.0421875
0 0.175781 0.760156 0.0359375 0.0390625
0 0.754687 0.570312 0.025 0.0375
0 0.208594 0.554688 0.0234375 0.034375
0 0.594531 0.68125 0.0234375 0.040625
0 0.288281 0.107031 0.0265625 0.0296875
0 0.10625 0.183594 0.025 0.0390625
0 0.141406 0.616406 0.0265625 0.0296875
0 0.0101562 0.270312 0.0203125 0.034375
0 0.967969 0.467187 0.0390625 0.0625
0 0.264844 0.588281 0.0296875 0.0359375
0 0.310937 0.257812 0.028125 0.0375
0 0.261719 0.646094 0.0390625 0.0421875
0 0.350781 0.0328125 0.0546875 0.05625
0 0.457812 0.0921875 0.03125 0.03125
0 0.9875 0.721094 0.025 0.0421875
0 0.151562 0.5125 0.046875 0.0625
0 0.903125 0.7375 0.034375 0.04375
0 0.0640625 0.429688 0.028125 0.04375
0 0.544531 0.360156 0.0453125 0.0484375
0 0.0398437 0.638281 0.0265625 0.0359375
0 0.179688 0.555469 0.025 0.0328125
0 0.385938 0.614062 0.03125 0.053125
0 0.053125 0.184375 0.03125 0.040625
0 0.0234375 0.675 0.034375 0.04375
0 0.923437 0.367188 0.05 0.0625
0 0.228125 0.480469 0.028125 0.0359375
0 0.578125 0.584375 0.028125 0.0375
0 0.180469 0.15 0.0296875 0.034375
0 0.391406 0.671094 0.0296875 0.0296875
0 0.046875 0.309375 0.028125 0.034375
0 0.833594 0.673437 0.0265625 0.0375
0 0.440625 0.585156 0.025 0.0421875
0 0.664062 0.763281 0.040625 0.0546875
0 0.729688 0.28125 0.065625 0.078125
0 0.649219 0.560938 0.0296875 0.040625
0 0.926562 0.0757812 0.0375 0.0421875
0 0.610937 0.267188 0.03125 0.034375
0 0.291406 0.69375 0.0421875 0.046875
0 0.817969 0.288281 0.0453125 0.0671875
0 0.575 0.176563 0.04375 0.053125
0 0.753125 0.0859375 0.03125 0.05625
0 0.0585938 0.146094 0.0265625 0.0328125
0 0.572656 0.497656 0.0515625 0.0671875
0 0.677344 0.285937 0.0421875 0.053125
0 0.224219 0.0914062 0.0328125 0.0671875
0 0.0867188 0.142188 0.0265625 0.046875
0 0.45625 0.482812 0.03125 0.05
0 0.511719 0.554688 0.0328125 0.05
0 0.603125 0.446875 0.03125 0.04375
0 0.408594 0.575 0.0296875 0.04375
0 0.709375 0.458594 0.03125 0.0421875
0 0.697656 0.395312 0.0265625 0.059375
0 0.853125 0.229687 0.0375 0.046875
0 0.948438 0.3125 0.028125 0.0375
0 0.348437 0.299219 0.071875 0.0609375
0 0.197656 0.583594 0.0296875 0.0328125
0 0.177344 0.178906 0.0328125 0.0390625
0 0.0125 0.374219 0.025 0.0453125
0 0.142188 0.580469 0.0375 0.0390625
0 0.453125 0.646094 0.034375 0.0546875
0 0.0210938 0.592188 0.0359375 0.046875
0 0.071875 0.298438 0.03125 0.040625
0 0.158594 0.235156 0.0296875 0.0328125
0 0.686719 0.224219 0.0359375 0.0453125
0 0.0953125 0.733594 0.040625 0.0609375
0 0.192969 0.4625 0.0390625 0.06875
0 0.453125 0.224219 0.0625 0.0640625
0 0.813281 0.0164062 0.0578125 0.0328125
0 0.860156 0.06875 0.0328125 0.0625
0 0.471875 0.558594 0.0375 0.0578125
0 0.414062 0.373437 0.046875 0.059375
0 0.717969 0.614062 0.0328125 0.05625
0 0.578906 0.35625 0.0359375 0.053125
0 0.214844 0.519531 0.0328125 0.0421875
0 0.214844 0.753125 0.0296875 0.053125
0 0.114844 0.123438 0.0296875 0.06875
0 0.255469 0.423438 0.0546875 0.05625
0 0.832031 0.815625 0.0546875 0.065625
0 0.821094 0.439063 0.0390625 0.05625
0 0.0171875 0.482812 0.034375 0.046875
0 0.015625 0.314063 0.03125 0.04375
0 0.442969 0.410156 0.0421875 0.0609375
0 0.672656 0.505469 0.0328125 0.0453125
0 0.0484375 0.367969 0.034375 0.0578125
0 0.935156 0.745313 0.0296875 0.05
0 0.983594 0.5375 0.0296875 0.0625
0 0.0523437 0.115625 0.0328125 0.034375
0 0.678125 0.449219 0.028125 0.0484375
0 0.149219 0.446875 0.0359375 0.059375
0 0.18125 0.113281 0.034375 0.0390625
0 0.553125 0.628906 0.0375 0.0578125
0 0.854688 0.605469 0.03125 0.0421875
0 0.0585938 0.584375 0.0328125 0.034375
0 0.560938 0.305469 0.0375 0.0484375
0 0.889063 0.0257812 0.053125 0.0515625
0 0.797656 0.223438 0.0515625 0.053125
0 0.119531 0.332031 0.0359375 0.0609375
0 0.103906 0.545313 0.0328125 0.040625
0 0.26875 0.13125 0.04375 0.04375
0 0.710156 0.671875 0.0359375 0.04375
0 0.961719 0.705469 0.0328125 0.0421875
0 0.328125 0.232031 0.0375 0.0453125
0 0.767969 0.6375 0.0515625 0.096875
0 0.317187 0.823438 0.03125 0.05
0 0.177344 0.0671875 0.0328125 0.040625
0 0.967188 0.275781 0.034375 0.0453125
0 0.635156 0.1 0.0359375 0.040625
0 0.297656 0.185937 0.0328125 0.046875
0 0.934375 0.189063 0.03125 0.03125
0 0.360156 0.678906 0.0328125 0.0640625
0 0.674219 0.617188 0.0390625 0.05625
0 0.153125 0.697656 0.03125 0.0390625
0 0.520312 0.411719 0.0375 0.0453125
0 0.84375 0.725 0.053125 0.0625
0 0.3375 0.183594 0.040625 0.0359375
0 0.303906 0.379687 0.0484375 0.059375
0 0.226562 0.157031 0.034375 0.0421875
0 0.14375 0.153125 0.034375 0.0375
0 0.476562 0.732813 0.03125 0.04375
0 0.713281 0.109375 0.0421875 0.059375
0 0.625 0.498437 0.0375 0.0625
0 0.619531 0.329688 0.0359375 0.05
0 0.957812 0.0375 0.059375 0.05
0 0.0960938 0.460938 0.0546875 0.084375
0 0.361719 0.405469 0.0390625 0.0546875
0 0.561719 0.071875 0.0390625 0.040625
0 0.328906 0.511719 0.0390625 0.0609375
0 0.617188 0.3875 0.046875 0.05
0 0.299219 0.646094 0.0296875 0.0328125
0 0.484375 0.0664062 0.040625 0.0484375
0 0.782812 0.569531 0.034375 0.0453125
0 0.932031 0.570312 0.0609375 0.071875
0 0.870313 0.658594 0.034375 0.0578125
0 0.982813 0.145313 0.034375 0.034375
0 0.715625 0.353906 0.046875 0.0546875
0 0.648438 0.68125 0.046875 0.071875
0 0.825 0.371875 0.053125 0.075
0 0.136719 0.26875 0.0328125 0.025
0 0.800781 0.0765625 0.0578125 0.071875
0 0.863281 0.141406 0.0390625 0.0453125
0 0.0734375 0.622656 0.03125 0.0421875
0 0.0328125 0.228906 0.05 0.0453125
0 0.539844 0.133594 0.0359375 0.0453125
0 0.525 0.472656 0.034375 0.0515625
0 0.901563 0.69375 0.03125 0.04375
0 0.0164062 0.114844 0.0328125 0.0421875
0 0.455469 0.151562 0.0296875 0.065625
0 0.709375 0.182812 0.0375 0.053125
0 0.150781 0.0945313 0.0359375 0.0515625
0 0.2 0.629687 0.05625 0.053125
0 0.075 0.0960938 0.03125 0.0328125
0 0.74375 0.202344 0.0375 0.0484375
0 0.4875 0.474219 0.0375 0.0578125
0 0.332812 0.629687 0.034375 0.05
0 0.392188 0.158594 0.05625 0.0859375
0 0.909375 0.632031 0.053125 0.0578125
0 0.821875 0.179688 0.034375 0.05
0 0.779688 0.278906 0.03125 0.0390625
0 0.0890625 0.360156 0.0375 0.0640625
0 0.276563 0.5 0.059375 0.08125
0 0.609375 0.134375 0.034375 0.040625
0 0.757812 0.417188 0.05625 0.1
0 0.673437 0.0617188 0.0375 0.0609375
0 0.657031 0.360156 0.0390625 0.0453125
0 0.165625 0.303125 0.04375 0.05625
0 0.375 0.48125 0.08125 0.078125
0 0.616406 0.571094 0.0359375 0.0515625
0 0.334375 0.345313 0.040625 0.05
0 0.789062 0.171094 0.034375 0.0453125
0 0.732813 0.04375 0.053125 0.046875
0 0.509375 0.246094 0.046875 0.0453125
0 0.313281 0.457031 0.0390625 0.0453125
0 0.923437 0.280469 0.040625 0.0609375
0 0.417969 0.300781 0.0453125 0.0578125
0 0.252344 0.542969 0.0390625 0.0484375
0 0.071875 0.696094 0.03125 0.0453125
0 0.192188 0.21875 0.0375 0.053125
0 0.301562 0.769531 0.0375 0.0546875
0 0.692969 0.577344 0.0328125 0.0484375
0 0.885156 0.504687 0.0546875 0.06875
0 0.419531 0.454688 0.0453125 0.059375
0 0.0414063 0.277344 0.0421875 0.0390625
0 0.653906 0.192969 0.0421875 0.0484375
0 0.638281 0.23125 0.0359375 0.05
