0 0.296094 0.432031 0.0265625 0.0328125
0 0.402344 0.582031 0.0296875 0.0453125
0 0.364062 0.657812 0.025 0.040625
0 0.0390625 0.34375 0.034375 0.0375
0 0.5375 0.685156 0.040625 0.0953125
0 0.175 0.336719 0.03125 0.0578125
0 0.1875 0.825 0.028125 0.0375
0 0.523438 0.636719 0.025 0.0421875
0 0.467969 0.341406 0.0265625 0.0328125
0 0.457031 0.289062 0.0359375 0.040625
0 0.935156 0.596875 0.0328125 0.05
0 0.629687 0.657812 0.025 0.0375
0 0.389062 0.509375 0.028125 0.03125
0 0.447656 0.314063 0.0421875 0.05625
0 0.0125 0.851562 0.025 0.05625
0 0.0257812 0.291406 0.0296875 0.0359375
0 0.110156 0.771875 0.0265625 0.034375
0 0.399219 0.549219 0.0359375 0.0515625
0 0.3875 0.248437 0.034375 0.046875
0 0.532031 0.217187 0.0296875 0.03125
0 0.0914062 0.053125 0.0296875 0.034375
0 0.692187 0.78125 0.028125 0.053125
0 0.161719 0.0890625 0.0234375 0.03125
0 0.753125 0.714844 0.028125 0.0390625
0 0.326562 0.358594 0.025 0.0390625
0 0.895312 0.271875 0.0375 0.04375
0 0.695312 0.71875 0.028125 0.0375
0 0.465625 0.23125 0.0375 0.05
0 0.625781 0.414844 0.0296875 0.0484375
0 0.285937 0.0757812 0.021875 0.0359375
0 0.267969 0.135937 0.0328125 0.05
0 0.738281 0.414062 0.0390625 0.05625
0 0.375 0.867969 0.040625 0.0578125
0 0.586719 0.703125 0.0265625 0.04375
0 0.0125 0.792969 0.025 0.0484375
0 0.403906 0.142188 0.0234375 0.034375
0 0.400781 0.750781 0.0640625 0.0578125
0 0.907031 0.0914062 0.0390625 0.0546875
0 0.717969 0.746094 0.0453125 0.0796875
0 0.853125 0.557031 0.021875 0.0390625
0 0.0117188 0.234375 0.0234375 0.040625
0 0.178125 0.416406 0.034375 0.0484375
0 0.316406 0.153125 0.0359375 0.04375
0 0.863281 0.394531 0.0265625 0.0546875
0 0.08125 0.516406 0.025 0.0296875
0 0.589844 0.817969 0.0328125 0.0515625
0 0.53125 0.541406 0.034375 0.0359375
0 0.267188 0.307813 0.034375 0.046875
0 0.21875 0.486719 0.028125 0.0359375
0 0.604688 0.105469 0.03125 0.0453125
0 0.7625 0.442969 0.028125 0.0453125
0 0.196094 0.745313 0.0390625 0.046875
0 0.414062 0.178906 0.025 0.0453125
0 0.639063 0.8 0.03125 0.05625
0 0.0296875 0.655469 0.03125 0.0359375
0 0.882031 0.651563 0.0359375 0.04375
0 0.857813 0.780469 0.040625 0.0546875
0 0.716406 0.640625 0.0265625 0.034375
0 0.357031 0.817969 0.0328125 0.0453125
0 0.107813 0.616406 0.053125 0.0609375
0 0.626562 0.523438 0.04375 0.046875
0 0.400781 0.0945313 0.0328125 0.0484375
0 0.792969 0.644531 0.0328125 0.0390625
0 0.525 0.253125 0.034375 0.034375
0 0.392969 0.203125 0.0203125 0.034375
0 0.444531 0.403906 0.0265625 0.0359375
0 0.120312 0.432813 0.028125 0.03125
0 0.742969 0.338281 0.0359375 0.0421875
0 0.567969 0.498437 0.0328125 0.040625
0 0.557813 0.0476562 0.03125 0.0390625
0 0.952344 0.267969 0.0390625 0.0640625
0 0.660156 0.65625 0.0296875 0.0375
0 0.0578125 0.5125 0.028125 0.03125
0 0.0921875 0.464844 0.046875 0.0640625
0 0.575 0.180469 0.0375 0.0359375
0 0.947656 0.4 0.0671875 0.078125
0 0.347656 0.371875 0.0234375 0.0375
0 0.309375 0.253125 0.03125 0.05
0 0.46875 0.185937 0.0875 0.128125
0 0.216406 0.441406 0.0359375 0.0515625
0 0.965625 0.09375 0.0375 0.078125
0 0.60625 0.741406 0.028125 0.0515625
0 0.60625 0.223438 0.0375 0.046875
0 0.492969 0.439063 0.0359375 0.053125
0 0.223438 0.828125 0.0375 0.05625
0 0.622656 0.330469 0.0359375 0.0703125
0 0.672656 0.0742188 0.0359375 0.0390625
0 0.425 0.253125 0.034375 0.05
0 0.594531 0.285937 0.0328125 0.05
0 0.867188 0.705469 0.034375 0.0671875
0 0.399219 0.667969 0.0421875 0.0765625
0 0.332031 0.596094 0.0515625 0.0640625
0 0.365625 0.142188 0.028125 0.034375
0 0.528906 0.365625 0.0359375 0.05
0 0.149219 0.429688 0.0328125 0.04375
0 0.667969 0.759375 0.0265625 0.04375
0 0.482812 0.607813 0.0375 0.053125
0 0.732813 0.191406 0.03125 0.0515625
0 0.852344 0.510156 0.0390625 0.0453125
0 0.467187 0.689844 0.078125 0.114063
0 0.266406 0.450781 0.0359375 0.0484375
0 0.0742188 0.221875 0.0359375 0.0375
0 0.458594 0.449219 0.0296875 0.0578125
0 0.490625 0.371094 0.0375 0.0546875
0 0.359375 0.225 0.034375 0.053125
0 0.328125 0.541406 0.03125 0.0390625
0 0.204688 0.285937 0.04375 0.053125
0 0.589063 0.415625 0.034375 0.0375
0 0.698438 0.161719 0.046875 0.0703125
0 0.760938 0.160938 0.0375 0.053125
0 0.367188 0.489062 0.028125 0.04375
0 0.407031 0.448438 0.0359375 0.0875
0 0.570312 0.454688 0.03125 0.04375
0 0.402344 0.291406 0.0390625 0.0484375
0 0.723437 0.510156 0.034375 0.0578125
0 0.0234375 0.477344 0.04375 0.0609375
0 0.346094 0.105469 0.0359375 0.0671875
0 0.271094 0.641406 0.0359375 0.0515625
0 0.240625 0.0796875 0.040625 0.078125
0 0.900781 0.335938 0.0484375 0.065625
0 0.0257812 0.138281 0.0359375 0.0578125
0 0.524219 0.582031 0.0359375 0.0484375
0 0.110937 0.178906 0.034375 0.0515625
0 0.219531 0.197656 0.0328125 0.0421875
0 0.297656 0.746094 0.0578125 0.0640625
0 0.46875 0.0984375 0.03125 0.05
0 0.0734375 0.122656 0.046875 0.0671875
0 0.348437 0.304688 0.0375 0.05
0 0.958594 0.333594 0.0390625 0.0453125
0 0.305469 0.109375 0.0296875 0.0375
0 0.0257812 0.366406 0.0328125 0.0390625
0 0.20625 0.694531 0.028125 0.0421875
0 0.566406 0.23125 0.0328125 0.05
0 0.479688 0.500781 0.034375 0.0484375
0 0.507812 0.0679687 0.0375 0.0453125
0 0.711719 0.289844 0.0546875 0.0484375
0 0.732031 0.0578125 0.0328125 0.04375
0 0.140625 0.245312 0.0375 0.046875
0 0.707031 0.578906 0.0515625 0.0734375
0 0.3375 0.658594 0.0375 0.0453125
0 0.0578125 0.18125 0.03125 0.040625
0 0.807031 0.507812 0.0328125 0.04375
0 0.51875 0.182031 0.034375 0.0484375
0 0.453125 0.579687 0.04375 0.065625
0 0.0375 0.254687 0.03125 0.04375
0 0.198437 0.1125 0.04375 0.05625
0 0.644531 0.579687 0.0421875 0.06875
0 0.551562 0.292188 0.040625 0.05625
0 0.824219 0.55625 0.0359375 0.05625
0 0.7875 0.053125 0.05625 0.05
0 0.753125 0.577344 0.034375 0.0515625
0 0.360156 0.407813 0.0296875 0.046875
0 0.228906 0.65625 0.0421875 0.065625
0 0.748438 0.246094 0.03125 0.0546875
0 0.132031 0.803906 0.0359375 0.0515625
0 0.384375 0.382812 0.034375 0.059375
0 0.765625 0.511719 0.040625 0.0671875
0 0.534375 0.778125 0.040625 0.059375
0 0.916406 0.55 0.0359375 0.046875
0 0.575 0.367188 0.040625 0.0625
0 0.19375 0.230469 0.040625 0.0484375
0 0.960938 0.541406 0.034375 0.0578125
0 0.501562 0.303125 0.0375 0.053125
0 0.142188 0.196094 0.03125 0.0390625
0 0.642187 0.692187 0.034375 0.046875
0 0.235938 0.734375 0.0375 0.05625
0 0.0664062 0.296875 0.0703125 0.06875
0 0.632812 0.471094 0.0375 0.0453125
0 0.688281 0.230469 0.0390625 0.0671875
0 0.124219 0.307031 0.0359375 0.0484375
0 0.921875 0.0265625 0.04375 0.04375
0 0.822656 0.471094 0.0328125 0.0390625
0 0.75625 0.642187 0.0375 0.05
0 0.259375 0.802344 0.0375 0.0515625
0 0.6875 0.528906 0.034375 0.0484375
0 0.903125 0.196875 0.0625 0.084375
0 0.528125 0.4875 0.040625 0.05625
0 0.265625 0.25625 0.046875 0.053125
0 0.0351562 0.207031 0.0296875 0.0359375
0 0.632031 0.753125 0.0265625 0.04375
0 0.166406 0.152344 0.0453125 0.0640625
0 0.196094 0.0664062 0.0296875 0.0390625
0 0.792969 0.374219 0.0359375 0.0546875
0 0.339063 0.504687 0.03125 0.04375
0 0.88125 0.554688 0.03125 0.040625
0 0.8125 0.188281 0.05 0.0640625
0 0.149219 0.369531 0.0359375 0.0546875
0 0.853125 0.06875 0.05625 0.0625
0 0.861719 0.457812 0.0390625 0.053125
0 0.0796875 0.74375 0.065625 0.09375
0 0.104687 0.372656 0.053125 0.0828125
0 0.601562 0.646875 0.040625 0.059375
0 0.328906 0.421094 0.0421875 0.0578125
0 0.728125 0.682813 0.046875 0.059375
0 0.683594 0.3875 0.0734375 0.15
0 0.534375 0.434375 0.0375 0.05625
0 0.0421875 0.596875 0.034375 0.04375
0 0.157813 0.704687 0.05625 0.075
0 0.795313 0.246094 0.0375 0.0515625
0 0.364844 0.542188 0.0328125 0.05
0 0.784375 0.305469 0.059375 0.0765625
0 0.115625 0.0960938 0.040625 0.0578125
