0 0.796094 0.803906 0.0234375 0.0328125
0 0.977344 0.215625 0.0421875 0.05625
0 0.685938 0.128906 0.03125 0.0390625
0 0.164844 0.154687 0.0234375 0.03125
0 0.524219 0.680469 0.0265625 0.0609375
0 0.571875 0.721875 0.03125 0.0375
0 0.797656 0.221875 0.0265625 0.034375
0 0.267969 0.246875 0.0328125 0.03125
0 0.215625 0.617969 0.028125 0.0453125
0 0.0171875 0.628125 0.03125 0.046875
0 0.607031 0.369531 0.0296875 0.0359375
0 0.972656 0.117188 0.0421875 0.05
0 0.985156 0.0195312 0.0296875 0.0390625
0 0.442187 0.728906 0.021875 0.0328125
0 0.464844 0.717969 0.0296875 0.0328125
0 0.265625 0.767187 0.028125 0.040625
0 0.554688 0.370313 0.03125 0.040625
0 0.451562 0.648438 0.04375 0.05
0 0.0390625 0.585156 0.0375 0.0546875
0 0.04375 0.171094 0.03125 0.0546875
0 0.542969 0.339063 0.0359375 0.0375
0 0.225781 0.834375 0.0546875 0.053125
0 0.282031 0.203125 0.0296875 0.04375
0 0.849219 0.707031 0.0328125 0.0484375
0 0.73125 0.797656 0.028125 0.0390625
0 0.2625 0.677344 0.03125 0.0296875
0 0.479688 0.907812 0.04375 0.075
0 0.141406 0.464063 0.0296875 0.034375
0 0.0257812 0.427344 0.0515625 0.0671875
0 0.604688 0.189063 0.025 0.040625
0 0.220313 0.358594 0.040625 0.0734375
0 0.557031 0.703906 0.0296875 0.0421875
0 0.698438 0.786719 0.034375 0.0453125
0 0.189063 0.739844 0.040625 0.0640625
0 0.35 0.351562 0.04375 0.046875
0 0.141406 0.258594 0.0359375 0.0390625
0 0.842969 0.0945313 0.0296875 0.0296875
0 0.871875 0.807813 0.03125 0.046875
0 0.697656 0.1875 0.0578125 0.05
0 0.555469 0.655469 0.0453125 0.0578125
0 0.122656 0.83125 0.0328125 0.046875
0 0.68125 0.321875 0.028125 0.03125
0 0.650781 0.372656 0.0421875 0.0515625
0 0.202344 0.164062 0.0296875 0.034375
0 0.989062 0.604688 0.021875 0.05
0 0.0132813 0.735156 0.0265625 0.0546875
0 0.416406 0.498437 0.0234375 0.040625
0 0.327344 0.614062 0.0328125 0.034375
0 0.414844 0.327344 0.0265625 0.0421875
0 0.789844 0.700781 0.0265625 0.0359375
0 0.0484375 0.11875 0.040625 0.04375
0 0.451562 0.590625 0.034375 0.05
0 0.689062 0.0828125 0.046875 0.04375
0 0.524219 0.276563 0.0359375 0.0625
0 0.607813 0.416406 0.040625 0.0578125
0 0.815625 0.701563 0.028125 0.040625
0 0.545313 0.953125 0.071875 0.09375
0 0.280469 0.707812 0.0328125 0.0375
0 0.367188 0.299219 0.040625 0.0453125
0 0.411719 0.18125 0.0265625 0.04375
0 0.836719 0.745313 0.0296875 0.034375
0 0.846094 0.227344 0.0421875 0.0453125
0 0.725 0.349219 0.071875 0.0703125
0 0.150781 0.059375 0.0515625 0.08125
0 0.652344 0.415625 0.0390625 0.034375
0 0.301562 0.132812 0.040625 0.05625
0 0.388281 0.55 0.0296875 0.05
0 0.0773437 0.299219 0.0328125 0.0484375
0 0.741406 0.571094 0.0921875 0.0921875
0 0.446875 0.215625 0.028125 0.04375
0 0.339844 0.125781 0.0296875 0.0421875
0 0.382031 0.482812 0.0421875 0.05
0 0.364062 0.508594 0.034375 0.0359375
0 0.0328125 0.48125 0.0375 0.04375
0 0.955469 0.557031 0.0515625 0.104687
0 0.1 0.261719 0.03125 0.0328125
0 0.489062 0.438281 0.0375 0.0546875
0 0.473437 0.6875 0.034375 0.040625
0 0.279687 0.814844 0.04375 0.0515625
0 0.102344 0.603125 0.0453125 0.065625
0 0.228906 0.728906 0.0328125 0.0390625
0 0.848437 0.30625 0.05 0.05625
0 0.95 0.360938 0.034375 0.059375
0 0.604688 0.585938 0.03125 0.040625
0 0.0492188 0.0726563 0.0328125 0.0359375
0 0.789062 0.325781 0.0375 0.0421875
0 0.1375 0.571094 0.05 0.0578125
0 0.836719 0.136719 0.0328125 0.0390625
0 0.171875 0.61875 0.046875 0.046875
0 0.628906 0.745313 0.0421875 0.065625
0 0.14375 0.182812 0.0375 0.05
0 0.907812 0.574219 0.040625 0.0421875
0 0.738281 0.282031 0.0359375 0.0390625
0 0.876562 0.750781 0.03125 0.0578125
0 0.0625 0.517969 0.03125 0.0390625
0 0.604688 0.31875 0.040625 0.040625
0 0.482031 0.119531 0.0765625 0.0921875
0 0.816406 0.182812 0.0421875 0.040625
0 0.45625 0.534375 0.034375 0.0625
0 0.523438 0.400781 0.03125 0.0609375
0 0.360156 0.422656 0.0453125 0.0546875
0 0.0921875 0.344531 0.03125 0.0390625
0 0.825781 0.602344 0.0578125 0.0765625
0 0.0578125 0.360938 0.046875 0.05
0 0.81875 0.3875 0.0375 0.065625
0 0.4125 0.229687 0.03125 0.046875
0 0.225781 0.147656 0.0296875 0.0359375
0 0.291406 0.307031 0.0484375 0.0734375
0 0.791406 0.273438 0.0359375 0.040625
0 0.0789063 0.178906 0.0359375 0.0484375
0 0.209375 0.567969 0.0375 0.0421875
0 0.624219 0.529688 0.0671875 0.065625
0 0.774219 0.153906 0.0421875 0.0703125
0 0.407813 0.427344 0.03125 0.0453125
0 0.392188 0.608594 0.04375 0.0640625
0 0.528906 0.524219 0.0328125 0.0390625
0 0.522656 0.624219 0.0390625 0.0484375
0 0.504687 0.585156 0.0375 0.0421875
0 0.554688 0.259375 0.034375 0.053125
0 0.864844 0.171875 0.0390625 0.040625
0 0.084375 0.413281 0.034375 0.0484375
0 0.0820312 0.667969 0.0390625 0.0546875
0 0.432813 0.2875 0.034375 0.053125
0 0.0992187 0.494531 0.0328125 0.0546875
0 0.446875 0.40625 0.0375 0.053125
0 0.214062 0.678906 0.053125 0.0515625
0 0.136719 0.308594 0.0265625 0.0359375
0 0.734375 0.841406 0.034375 0.0421875
0 0.319531 0.0664062 0.0328125 0.0421875
0 0.375781 0.157813 0.0421875 0.06875
0 0.330469 0.457031 0.0578125 0.0421875
0 0.642969 0.241406 0.0453125 0.0703125
0 0.110156 0.316406 0.0296875 0.0328125
0 0.410156 0.73125 0.0328125 0.040625
0 0.327344 0.221875 0.0609375 0.065625
0 0.372656 0.0757812 0.0359375 0.0515625
0 0.792188 0.751562 0.040625 0.05
0 0.670313 0.817969 0.0375 0.0484375
0 0.395312 0.271875 0.034375 0.0375
0 0.398438 0.684375 0.034375 0.04375
0 0.977344 0.282813 0.0453125 0.05
0 0.264844 0.424219 0.0390625 0.0546875
0 0.248437 0.489844 0.0375 0.0734375
0 0.540625 0.467969 0.053125 0.0609375
0 0.108594 0.11875 0.0484375 0.071875
0 0.572656 0.584375 0.0328125 0.0375
0 0.1875 0.201562 0.034375 0.053125
0 0.315625 0.51875 0.05 0.053125
0 0.938281 0.655469 0.0390625 0.0484375
0 0.921875 0.164062 0.04375 0.05
0 0.341406 0.810156 0.0390625 0.0515625
0 0.465625 0.274219 0.0375 0.0609375
0 0.257031 0.602344 0.0578125 0.0890625
0 0.903906 0.629687 0.0359375 0.046875
0 0.625 0.1375 0.040625 0.059375
0 0.29375 0.578125 0.0375 0.04375
0 0.717969 0.410156 0.0640625 0.0453125
0 0.614062 0.471094 0.0375 0.0421875
0 0.924219 0.744531 0.0296875 0.0484375
0 0.640625 0.307031 0.03125 0.0390625
0 0.980469 0.382031 0.0359375 0.0453125
0 0.034375 0.303125 0.0375 0.05
0 0.280469 0.377344 0.0421875 0.0390625
0 0.148438 0.386719 0.08125 0.0984375
0 0.679688 0.278125 0.040625 0.053125
0 0.898438 0.0695312 0.034375 0.0453125
0 0.672656 0.464063 0.0921875 0.071875
0 0.76875 0.799219 0.034375 0.0390625
0 0.4875 0.219531 0.040625 0.0609375
0 0.582031 0.228906 0.0453125 0.0640625
0 0.3125 0.407813 0.046875 0.0625
0 0.828906 0.795313 0.0359375 0.0625
0 0.114063 0.192188 0.03125 0.040625
0 0.489844 0.507031 0.0359375 0.0484375
0 0.342969 0.65625 0.0390625 0.046875
0 0.31875 0.698438 0.0375 0.065625
0 0.230469 0.201562 0.0421875 0.05
0 0.174219 0.30625 0.0390625 0.059375
0 0.898438 0.353906 0.040625 0.0546875
0 0.421094 0.104687 0.0453125 0.05
0 0.19375 0.502344 0.078125 0.0984375
0 0.8125 0.479688 0.15 0.10625
