0 0.501562 0.303906 0.034375 0.0359375
0 0.328906 0.065625 0.0203125 0.025
0 0.116406 0.389062 0.0296875 0.034375
0 0.560938 0.270312 0.0375 0.04375
0 0.490625 0.551562 0.025 0.034375
0 0.971094 0.423438 0.0328125 0.0375
0 0.953125 0.44375 0.03125 0.040625
0 0.13125 0.0828125 0.021875 0.03125
0 0.471094 0.585938 0.0234375 0.034375
0 0.151562 0.628125 0.034375 0.05625
0 0.0078125 0.207813 0.015625 0.040625
0 0.517969 0.0679687 0.0328125 0.0359375
0 0.367969 0.803125 0.0484375 0.05
0 0.749219 0.35625 0.0328125 0.053125
0 0.803906 0.734375 0.0265625 0.04375
0 0.778125 0.707031 0.025 0.0390625
0 0.875 0.202344 0.059375 0.0640625
0 0.667188 0.451562 0.034375 0.0375
0 0.424219 0.524219 0.0328125 0.0484375
0 0.515625 0.657031 0.025 0.0328125
0 0.498437 0.221094 0.025 0.0359375
0 0.378125 0.378906 0.03125 0.0484375
0 0.833594 0.677344 0.0265625 0.0328125
0 0.457812 0.414844 0.025 0.0328125
0 0.614062 0.48125 0.0375 0.040625
0 0.359375 0.575781 0.03125 0.0421875
0 0.527344 0.430469 0.0265625 0.0359375
0 0.0859375 0.171875 0.025 0.034375
0 0.690625 0.592188 0.028125 0.034375
0 0.684375 0.0515625 0.028125 0.025
0 0.735156 0.625781 0.0328125 0.0515625
0 0.763281 0.289062 0.0265625 0.03125
0 0.132031 0.672656 0.0265625 0.0359375
0 0.164844 0.0695312 0.0265625 0.0484375
0 0.680469 0.015625 0.0484375 0.028125
0 0.109375 0.585156 0.034375 0.0328125
0 0.835156 0.61875 0.0265625 0.040625
0 0.0460938 0.257812 0.0234375 0.034375
0 0.315625 0.573438 0.034375 0.059375
0 0.328906 0.740625 0.0328125 0.034375
0 0.85625 0.0820312 0.025 0.0296875
0 0.0546875 0.335156 0.028125 0.0359375
0 0.597656 0.654688 0.0515625 0.040625
0 0.628906 0.473437 0.0359375 0.04375
0 0.148438 0.394531 0.03125 0.0390625
0 0.771875 0.167187 0.034375 0.0375
0 0.107031 0.270312 0.0421875 0.04375
0 0.792969 0.644531 0.0265625 0.0328125
0 0.765625 0.669531 0.034375 0.0359375
0 0.0164062 0.380469 0.0328125 0.0609375
0 0.0453125 0.155469 0.03125 0.0453125
0 0.0734375 0.204688 0.025 0.034375
0 0.264844 0.0953125 0.0265625 0.03125
0 0.702344 0.339063 0.0296875 0.03125
0 0.475781 0.448438 0.0328125 0.0375
0 0.0117188 0.488281 0.0234375 0.0421875
0 0.542188 0.164062 0.028125 0.028125
0 0.388281 0.0648438 0.0265625 0.0421875
0 0.461719 0.371875 0.0328125 0.0375
0 0.0203125 0.720312 0.028125 0.040625
0 0.0195312 0.576563 0.0328125 0.0375
0 0.547656 0.560156 0.0296875 0.0328125
0 0.302344 0.671094 0.0359375 0.0359375
0 0.16875 0.532812 0.040625 0.053125
0 0.310156 0.716406 0.0296875 0.0453125
0 0.948438 0.0765625 0.053125 0.05
0 0.348437 0.275 0.046875 0.078125
0 0.06875 0.242969 0.021875 0.0359375
0 0.950781 0.246094 0.0265625 0.0515625
0 0.2875 0.467187 0.03125 0.040625
0 0.941406 0.480469 0.0328125 0.0390625
0 0.246094 0.553906 0.0265625 0.0359375
0 0.53125 0.592188 0.03125 0.0375
0 0.703125 0.753906 0.0375 0.0703125
0 0.01875 0.107031 0.03125 0.0484375
0 0.685156 0.289062 0.0328125 0.06875
0 0.517969 0.14375 0.0359375 0.03125
0 0.780469 0.619531 0.0328125 0.0390625
0 0.421875 0.491406 0.03125 0.0328125
0 0.80625 0.341406 0.025 0.0359375
0 0.567187 0.314063 0.028125 0.040625
0 0.228906 0.753906 0.0328125 0.0515625
0 0.021875 0.607813 0.0375 0.05
0 0.735156 0.447656 0.0328125 0.0328125
0 0.259375 0.433594 0.028125 0.0359375
0 0.292188 0.053125 0.034375 0.04375
0 0.3875 0.524219 0.03125 0.0328125
0 0.971094 0.0296875 0.0421875 0.046875
0 0.192188 0.70625 0.034375 0.046875
0 0.905469 0.4125 0.0359375 0.053125
0 0.660156 0.495313 0.0359375 0.05
0 0.485938 0.695312 0.034375 0.059375
0 0.267188 0.58125 0.034375 0.04375
0 0.228906 0.644531 0.0296875 0.0421875
0 0.898438 0.315625 0.034375 0.05625
0 0.0671875 0.373437 0.05 0.065625
0 0.0445312 0.734375 0.0328125 0.0375
0 0.430469 0.441406 0.0296875 0.0328125
0 0.103906 0.214062 0.0296875 0.04375
0 0.0820312 0.658594 0.0296875 0.0359375
0 0.917969 0.724219 0.0359375 0.0609375
0 0.575 0.366406 0.03125 0.0390625
0 0.272656 0.303906 0.0546875 0.0640625
0 0.175781 0.421094 0.0453125 0.0515625
0 0.491406 0.35 0.0296875 0.046875
0 0.878906 0.363281 0.0234375 0.0421875
0 0.1625 0.738281 0.034375 0.0578125
0 0.407813 0.0960938 0.03125 0.0328125
0 0.0992187 0.435156 0.0359375 0.0390625
0 0.451562 0.261719 0.03125 0.0421875
0 0.580469 0.164062 0.0484375 0.04375
0 0.247656 0.059375 0.0296875 0.040625
0 0.090625 0.614844 0.0375 0.0421875
0 0.770312 0.796094 0.025 0.0390625
0 0.799219 0.283594 0.0359375 0.0484375
0 0.335938 0.697656 0.03125 0.0328125
0 0.571875 0.0632813 0.025 0.0265625
0 0.114844 0.135156 0.0328125 0.0515625
0 0.053125 0.6125 0.028125 0.0375
0 0.107813 0.744531 0.0375 0.0578125
0 0.545313 0.4875 0.03125 0.053125
0 0.839844 0.410937 0.0546875 0.06875
0 0.680469 0.694531 0.0546875 0.0640625
0 0.303125 0.525781 0.046875 0.0453125
0 0.114063 0.357812 0.04375 0.0375
0 0.247656 0.152344 0.0453125 0.0484375
0 0.559375 0.53125 0.034375 0.0375
0 0.975 0.383594 0.034375 0.0359375
0 0.472656 0.15 0.0359375 0.053125
0 0.945312 0.403125 0.03125 0.040625
0 0.326562 0.451562 0.034375 0.04375
0 0.610156 0.535937 0.0328125 0.046875
0 0.942187 0.5625 0.04375 0.05625
0 0.451562 0.469531 0.028125 0.0359375
0 0.467969 0.517969 0.0328125 0.0359375
0 0.803125 0.68125 0.025 0.0375
0 0.5 0.594531 0.03125 0.0484375
0 0.689062 0.399219 0.034375 0.0484375
0 0.63125 0.408594 0.034375 0.0453125
0 0.521875 0.228906 0.034375 0.0453125
0 0.766406 0.129688 0.0359375 0.034375
0 0.192969 0.647656 0.0328125 0.0359375
0 0.136719 0.441406 0.0296875 0.0359375
0 0.290625 0.398438 0.034375 0.046875
0 0.625781 0.582031 0.0453125 0.0484375
0 0.598437 0.289062 0.0375 0.05
0 0.723437 0.379687 0.0375 0.05625
0 0.479688 0.482812 0.028125 0.040625
0 0.785156 0.365625 0.0265625 0.040625
0 0.388281 0.446875 0.0328125 0.034375
0 0.175781 0.244531 0.0484375 0.0671875
0 0.0898438 0.310937 0.0421875 0.046875
0 0.427344 0.392188 0.0453125 0.05625
0 0.269531 0.803906 0.0421875 0.0484375
0 0.532812 0.635156 0.034375 0.0421875
0 0.515625 0.553125 0.03125 0.0375
0 0.144531 0.171875 0.0328125 0.0375
0 0.403125 0.410937 0.0375 0.046875
0 0.24375 0.684375 0.04375 0.053125
0 0.545313 0.332812 0.025 0.0375
0 0.360938 0.128125 0.034375 0.05
0 0.0640625 0.485156 0.040625 0.0546875
0 0.649219 0.761719 0.0359375 0.0703125
0 0.813281 0.192188 0.0359375 0.046875
0 0.249219 0.260156 0.0390625 0.0421875
0 0.642969 0.329688 0.0328125 0.046875
0 0.935938 0.299219 0.034375 0.0546875
0 0.0796875 0.557813 0.05 0.05625
0 0.328906 0.159375 0.0328125 0.046875
0 0.957031 0.142188 0.0578125 0.071875
0 0.838281 0.753125 0.0296875 0.040625
0 0.508594 0.492969 0.0296875 0.0390625
0 0.816406 0.09375 0.0421875 0.05
0 0.316406 0.355469 0.0484375 0.0734375
0 0.204688 0.557813 0.0375 0.046875
0 0.680469 0.152344 0.0484375 0.0453125
0 0.807813 0.0289063 0.04375 0.0421875
0 0.26875 0.646875 0.03125 0.0375
0 0.780469 0.760938 0.0296875 0.040625
0 0.728906 0.315625 0.0390625 0.04375
0 0.239063 0.392188 0.034375 0.053125
0 0.845312 0.0546875 0.034375 0.0375
0 0.638281 0.192188 0.0359375 0.05
0 0.38125 0.635938 0.0375 0.05
0 0.472656 0.222656 0.0296875 0.0390625
0 0.228125 0.100781 0.034375 0.0453125
0 0.0414063 0.540625 0.0390625 0.04375
0 0.0421875 0.214062 0.0375 0.05
0 0.608594 0.100781 0.0390625 0.0515625
0 0.895312 0.0945313 0.040625 0.0484375
0 0.894531 0.0429688 0.0328125 0.0421875
0 0.807813 0.142969 0.03125 0.0390625
0 0.071875 0.121875 0.034375 0.05
0 0.352344 0.545313 0.0328125 0.040625
0 0.239063 0.204688 0.034375 0.046875
0 0.357031 0.453906 0.0296875 0.0453125
0 0.130469 0.496875 0.0390625 0.071875
0 0.851562 0.354688 0.028125 0.0375
0 0.599219 0.440625 0.0359375 0.05
0 0.200781 0.182031 0.0515625 0.0515625
0 0.710156 0.0570313 0.0359375 0.0390625
0 0.761719 0.0445312 0.0359375 0.0578125
0 0.0296875 0.44375 0.05 0.059375
0 0.735156 0.804688 0.0328125 0.05
0 0.675 0.0820312 0.040625 0.0390625
0 0.442187 0.0757812 0.0375 0.0484375
0 0.489844 0.26875 0.0421875 0.05
0 0.341406 0.497656 0.0328125 0.0421875
0 0.273438 0.709375 0.0375 0.04375
0 0.307031 0.103906 0.0453125 0.0421875
0 0.575781 0.482031 0.0390625 0.0515625
0 0.521875 0.371094 0.03125 0.0765625
0 0.190625 0.132031 0.0375 0.0484375
0 0.282031 0.189844 0.0390625 0.0640625
0 0.748438 0.255469 0.034375 0.0484375
0 0.780469 0.419531 0.0515625 0.0609375
0 0.741406 0.753125 0.0390625 0.05
0 0.392969 0.242969 0.0734375 0.0796875
0 0.208594 0.517187 0.0328125 0.0375
0 0.851562 0.130469 0.040625 0.0515625
0 0.607031 0.34375 0.0390625 0.05
0 0.860156 0.30625 0.0390625 0.059375
0 0.185937 0.327344 0.1 0.0765625
0 0.430469 0.185937 0.0609375 0.08125
0 0.500781 0.182031 0.0390625 0.0453125
