0 0.0414063 0.0921875 0.0296875 0.03125
0 0.758594 0.867969 0.0265625 0.0453125
0 0.428125 0.177344 0.025 0.0328125
0 0.703125 0.592188 0.028125 0.0375
0 0.828125 0.219531 0.0625 0.0640625
0 0.545313 0.546875 0.03125 0.034375
0 0.466406 0.153906 0.0296875 0.0359375
0 0.122656 0.549219 0.0203125 0.0359375
0 0.272656 0.796875 0.0234375 0.025
0 0.664062 0.764063 0.025 0.03125
0 0.291406 0.442187 0.0296875 0.03125
0 0.408594 0.466406 0.0265625 0.0296875
0 0.815625 0.486719 0.03125 0.0515625
0 0.258594 0.767187 0.0234375 0.034375
0 0.174219 0.602344 0.0453125 0.0484375
0 0.684375 0.0960938 0.028125 0.0390625
0 0.45 0.754687 0.04375 0.040625
0 0.970312 0.579687 0.034375 0.0625
0 0.157813 0.690625 0.04375 0.05
0 0.573438 0.153906 0.034375 0.0421875
0 0.958594 0.370313 0.0296875 0.040625
0 0.264844 0.429688 0.0328125 0.03125
0 0.0976562 0.751562 0.0296875 0.034375
0 0.50625 0.0898438 0.028125 0.0390625
0 0.239063 0.292969 0.03125 0.0328125
0 0.886719 0.460938 0.0296875 0.046875
0 0.0578125 0.617188 0.03125 0.040625
0 0.554688 0.321094 0.028125 0.0390625
0 0.414062 0.758594 0.04375 0.0453125
0 0.703906 0.123438 0.0296875 0.034375
0 0.0679687 0.284375 0.0390625 0.0625
0 0.795313 0.078125 0.025 0.034375
0 0.54375 0.694531 0.028125 0.0390625
0 0.750781 0.0226563 0.0296875 0.0359375
0 0.43125 0.39375 0.028125 0.040625
0 0.678125 0.323438 0.028125 0.040625
0 0.415625 0.349219 0.03125 0.0328125
0 0.367188 0.254687 0.034375 0.034375
0 0.683594 0.728906 0.0359375 0.0453125
0 0.830469 0.166406 0.0453125 0.0421875
0 0.015625 0.554688 0.028125 0.04375
0 0.332812 0.713281 0.028125 0.0359375
0 0.370313 0.707031 0.03125 0.0359375
0 0.0976562 0.476562 0.0359375 0.04375
0 0.121094 0.719531 0.0453125 0.0515625
0 0.350781 0.375 0.0296875 0.034375
0 0.935156 0.576563 0.0296875 0.059375
0 0.828906 0.330469 0.0296875 0.0328125
0 0.749219 0.907031 0.0359375 0.0421875
0 0.610156 0.217187 0.0453125 0.046875
0 0.553125 0.428906 0.0375 0.0453125
0 0.9625 0.321094 0.034375 0.0453125
0 0.90625 0.80625 0.071875 0.096875
0 0.0539063 0.679688 0.0296875 0.040625
0 0.379687 0.673437 0.034375 0.04375
0 0.160938 0.1375 0.03125 0.046875
0 0.28125 0.464063 0.034375 0.0375
0 0.969531 0.402344 0.0359375 0.0421875
0 0.864844 0.179688 0.0296875 0.040625
0 0.844531 0.634375 0.0578125 0.065625
0 0.0460938 0.419531 0.0265625 0.0328125
0 0.117188 0.585156 0.028125 0.0328125
0 0.115625 0.352344 0.0375 0.0421875
0 0.864062 0.228125 0.03125 0.03125
0 0.739062 0.457812 0.03125 0.040625
0 0.35625 0.200781 0.065625 0.0640625
0 0.321094 0.604688 0.0265625 0.03125
0 0.419531 0.495313 0.0296875 0.034375
0 0.346875 0.682813 0.034375 0.05
0 0.651563 0.360156 0.03125 0.0328125
0 0.0835937 0.563281 0.0328125 0.0453125
0 0.514844 0.382812 0.0296875 0.034375
0 0.391406 0.328125 0.0296875 0.040625
0 0.410156 0.596094 0.0359375 0.0453125
0 0.775781 0.445312 0.0359375 0.0625
0 0.553906 0.596875 0.0328125 0.053125
0 0.474219 0.314844 0.0296875 0.0421875
0 0.282031 0.765625 0.0265625 0.034375
0 0.246875 0.126563 0.028125 0.034375
0 0.134375 0.411719 0.025 0.0359375
0 0.804688 0.734375 0.040625 0.078125
0 0.580469 0.346094 0.0296875 0.0484375
0 0.247656 0.340625 0.0359375 0.046875
0 0.379687 0.567969 0.03125 0.0328125
0 0.271094 0.591406 0.0390625 0.0546875
0 0.0328125 0.14375 0.0375 0.04375
0 0.888281 0.597656 0.0296875 0.0484375
0 0.034375 0.647656 0.028125 0.0421875
0 0.452344 0.714844 0.0265625 0.0328125
0 0.314063 0.273438 0.03125 0.04375
0 0.0796875 0.213281 0.0375 0.0421875
0 0.792188 0.128906 0.034375 0.0421875
0 0.422656 0.445312 0.0359375 0.0625
0 0.348437 0.339844 0.0375 0.0359375
0 0.0578125 0.489062 0.034375 0.046875
0 0.0304688 0.614844 0.0265625 0.0359375
0 0.842969 0.394531 0.0328125 0.0546875
0 0.508594 0.713281 0.0265625 0.0359375
0 0.596875 0.103906 0.028125 0.0359375
0 0.969531 0.242188 0.0390625 0.040625
0 0.321094 0.464063 0.0359375 0.034375
0 0.850781 0.794531 0.0359375 0.0546875
0 0.196094 0.714844 0.0296875 0.0359375
0 0.240625 0.1625 0.03125 0.040625
0 0.44375 0.266406 0.03125 0.0390625
0 0.621094 0.0890625 0.0390625 0.034375
0 0.794531 0.395312 0.0390625 0.0625
0 0.891406 0.151562 0.0265625 0.0375
0 0.758594 0.260938 0.0359375 0.053125
0 0.53125 0.660937 0.04375 0.059375
0 0.159375 0.239063 0.046875 0.046875
0 0.713281 0.0765625 0.0328125 0.034375
0 0.575781 0.46875 0.0328125 0.040625
0 0.73125 0.404687 0.0375 0.040625
0 0.691406 0.203906 0.0359375 0.0359375
0 0.284375 0.238281 0.03125 0.0359375
0 0.307031 0.785156 0.0328125 0.0421875
0 0.424219 0.101562 0.0390625 0.053125
0 0.4875 0.735156 0.028125 0.0328125
0 0.0484375 0.454688 0.03125 0.046875
0 0.379687 0.108594 0.03125 0.0390625
0 0.353906 0.5375 0.0390625 0.04375
0 0.721875 0.680469 0.046875 0.0640625
0 0.882031 0.414844 0.0328125 0.0515625
0 0.171094 0.411719 0.0390625 0.0421875
0 0.207813 0.210156 0.03125 0.0515625
0 0.628906 0.160938 0.0328125 0.04375
0 0.221875 0.46875 0.03125 0.034375
0 0.39375 0.371875 0.028125 0.03125
0 0.185156 0.122656 0.0296875 0.0484375
0 0.560938 0.507812 0.03125 0.0375
0 0.603906 0.332031 0.0296875 0.0390625
0 0.957031 0.28125 0.0390625 0.053125
0 0.621875 0.442187 0.03125 0.06875
0 0.617969 0.640625 0.0359375 0.046875
0 0.217187 0.335938 0.028125 0.040625
0 0.0226563 0.444531 0.0265625 0.0484375
0 0.311719 0.235938 0.0296875 0.034375
0 0.196875 0.529688 0.0375 0.046875
0 0.119531 0.255469 0.0296875 0.0484375
0 0.703906 0.834375 0.0359375 0.0375
0 0.207031 0.747656 0.0328125 0.0421875
0 0.322656 0.657031 0.0390625 0.0515625
0 0.650781 0.692187 0.0359375 0.04375
0 0.271094 0.714063 0.0328125 0.053125
0 0.0164062 0.390625 0.0328125 0.0375
0 0.846875 0.466406 0.040625 0.0546875
0 0.916406 0.255469 0.0359375 0.0390625
0 0.370313 0.0546875 0.034375 0.0375
0 0.539844 0.471094 0.0296875 0.0421875
0 0.564844 0.115625 0.0328125 0.034375
0 0.646094 0.574219 0.0328125 0.0515625
0 0.471875 0.400781 0.05 0.0578125
0 0.659375 0.8125 0.040625 0.05625
0 0.235938 0.254687 0.04375 0.040625
0 0.358594 0.767187 0.0328125 0.059375
0 0.753906 0.0726563 0.0453125 0.0546875
0 0.447656 0.202344 0.0359375 0.0484375
0 0.217187 0.11875 0.025 0.034375
0 0.58125 0.554688 0.0375 0.05625
0 0.533594 0.107031 0.0265625 0.0359375
0 0.814844 0.370313 0.0328125 0.04375
0 0.889063 0.28125 0.034375 0.0375
0 0.303125 0.334375 0.046875 0.040625
0 0.459375 0.453906 0.028125 0.0421875
0 0.182812 0.463281 0.034375 0.0421875
0 0.851562 0.046875 0.0375 0.0375
0 0.757031 0.542969 0.0421875 0.0578125
0 0.147656 0.529688 0.0359375 0.053125
0 0.446875 0.334375 0.028125 0.034375
0 0.473437 0.354688 0.028125 0.0375
0 0.899219 0.110156 0.0328125 0.0328125
0 0.424219 0.307813 0.0421875 0.046875
0 0.285156 0.282813 0.0390625 0.05
0 0.917969 0.402344 0.0265625 0.0484375
0 0.844531 0.292188 0.0421875 0.046875
0 0.13125 0.489844 0.03125 0.0359375
0 0.209375 0.292969 0.034375 0.0515625
0 0.66875 0.408594 0.040625 0.0515625
0 0.245312 0.214844 0.03125 0.0359375
0 0.234375 0.663281 0.03125 0.0390625
0 0.475781 0.68125 0.0546875 0.053125
0 0.278125 0.09375 0.04375 0.0625
0 0.0453125 0.346094 0.046875 0.0734375
0 0.674219 0.855469 0.0359375 0.0421875
0 0.292969 0.391406 0.0453125 0.0671875
0 0.7875 0.303906 0.05 0.0546875
0 0.507812 0.338281 0.040625 0.0484375
0 0.0789063 0.389062 0.0359375 0.040625
0 0.617969 0.371094 0.0390625 0.0421875
0 0.307031 0.696875 0.0296875 0.040625
0 0.335156 0.0882813 0.0453125 0.0484375
0 0.755469 0.19375 0.0390625 0.05625
0 0.417188 0.228125 0.03125 0.040625
0 0.742969 0.739062 0.0609375 0.0625
0 0.850781 0.528125 0.0484375 0.04375
0 0.915625 0.0421875 0.040625 0.04375
0 0.563281 0.205469 0.0421875 0.0515625
0 0.378125 0.402344 0.03125 0.0421875
0 0.93125 0.464063 0.040625 0.059375
0 0.517969 0.192969 0.0390625 0.0484375
0 0.709375 0.794531 0.021875 0.0390625
0 0.666406 0.129688 0.0421875 0.046875
0 0.225 0.071875 0.04375 0.05
0 0.235156 0.710156 0.0328125 0.0453125
0 0.614844 0.857031 0.0421875 0.0609375
0 0.414844 0.69375 0.0390625 0.0625
0 0.775781 0.628906 0.0421875 0.0453125
0 0.0203125 0.514063 0.034375 0.04375
0 0.714844 0.877344 0.0359375 0.0484375
0 0.49375 0.2625 0.040625 0.0625
0 0.464063 0.096875 0.05 0.071875
0 0.796094 0.0234375 0.0359375 0.040625
0 0.659375 0.0796875 0.028125 0.034375
0 0.375781 0.438281 0.0359375 0.0359375
0 0.634375 0.322656 0.0375 0.0390625
0 0.657031 0.458594 0.0328125 0.0453125
0 0.0484375 0.55 0.034375 0.053125
0 0.93125 0.0867188 0.040625 0.0515625
0 0.895312 0.207813 0.034375 0.053125
0 0.278906 0.650781 0.0359375 0.0453125
0 0.577344 0.642187 0.0359375 0.046875
0 0.4 0.529688 0.034375 0.0375
0 0.838281 0.857031 0.0609375 0.0578125
0 0.715625 0.482812 0.0375 0.053125
0 0.0882813 0.51875 0.0359375 0.040625
0 0.620313 0.271094 0.03125 0.0390625
0 0.902344 0.53125 0.0359375 0.046875
0 0.584375 0.282031 0.0375 0.0515625
0 0.935938 0.202344 0.034375 0.0609375
0 0.653906 0.271875 0.0359375 0.046875
0 0.578125 0.704687 0.0375 0.059375
0 0.691406 0.264062 0.0671875 0.09375
0 0.391406 0.628906 0.0390625 0.0453125
0 0.210156 0.391406 0.0765625 0.101562
