0 0.523438 0.8375 0.028125 0.05
0 0.0367187 0.724219 0.0296875 0.0359375
0 0.107813 0.0742188 0.028125 0.0421875
0 0.0585938 0.30625 0.0265625 0.04375
0 0.220313 0.255469 0.034375 0.0484375
0 0.853906 0.795313 0.0328125 0.046875
0 0.234375 0.366406 0.03125 0.0421875
0 0.0507812 0.416406 0.0328125 0.0359375
0 0.380469 0.297656 0.0296875 0.0328125
0 0.711719 0.553906 0.0328125 0.0328125
0 0.821875 0.767187 0.0375 0.08125
0 0.197656 0.672656 0.0328125 0.0515625
0 0.0179687 0.871094 0.0328125 0.0453125
0 0.517187 0.0664062 0.028125 0.0359375
0 0.259375 0.886719 0.059375 0.0796875
0 0.151562 0.577344 0.021875 0.0328125
0 0.121875 0.317969 0.03125 0.0515625
0 0.623438 0.860156 0.034375 0.0796875
0 0.183594 0.415625 0.0390625 0.040625
0 0.750781 0.383594 0.0265625 0.0328125
0 0.315625 0.257812 0.034375 0.040625
0 0.165625 0.153906 0.034375 0.0390625
0 0.39375 0.623438 0.034375 0.04375
0 0.840625 0.388281 0.028125 0.0390625
0 0.644531 0.342969 0.0296875 0.0484375
0 0.257031 0.642969 0.0296875 0.0453125
0 0.192969 0.747656 0.0296875 0.0390625
0 0.725 0.376563 0.034375 0.04375
0 0.808594 0.565625 0.0328125 0.05
0 0.205469 0.217187 0.0265625 0.034375
0 0.059375 0.898438 0.0375 0.053125
0 0.0140625 0.417188 0.028125 0.096875
0 0.05625 0.065625 0.028125 0.03125
0 0.575 0.385156 0.028125 0.0515625
0 0.521094 0.652344 0.0453125 0.0546875
0 0.667969 0.710938 0.0390625 0.0625
0 0.0890625 0.7125 0.03125 0.046875
0 0.525 0.414844 0.05625 0.114063
0 0.467187 0.117969 0.03125 0.0421875
0 0.952344 0.466406 0.0328125 0.0453125
0 0.071875 0.254687 0.025 0.034375
0 0.788281 0.361719 0.0265625 0.0453125
0 0.351562 0.407031 0.03125 0.0421875
0 0.155469 0.189063 0.0453125 0.03125
0 0.128125 0.791406 0.028125 0.0515625
0 0.136719 0.457031 0.0328125 0.0546875
0 0.102344 0.457031 0.0328125 0.0359375
0 0.324219 0.176563 0.0578125 0.05625
0 0.182812 0.599219 0.04375 0.0390625
0 0.635938 0.4 0.03125 0.046875
0 0.282813 0.466406 0.028125 0.0390625
0 0.953125 0.521094 0.0375 0.0453125
0 0.382812 0.36875 0.03125 0.0375
0 0.260156 0.271094 0.0328125 0.0296875
0 0.151562 0.660156 0.03125 0.0359375
0 0.814844 0.414062 0.0296875 0.053125
0 0.244531 0.73125 0.0421875 0.053125
0 0.571094 0.445312 0.0359375 0.05625
0 0.927344 0.128906 0.0453125 0.0546875
0 0.786719 0.444531 0.0328125 0.0578125
0 0.275 0.407813 0.034375 0.04375
0 0.261719 0.309375 0.0296875 0.05
0 0.58125 0.192188 0.03125 0.04375
0 0.834375 0.592969 0.025 0.0390625
0 0.592969 0.0570313 0.0265625 0.0390625
0 0.0601562 0.79375 0.0328125 0.0375
0 0.0328125 0.671094 0.040625 0.0546875
0 0.314063 0.395312 0.03125 0.034375
0 0.644531 0.182031 0.0515625 0.0515625
0 0.110937 0.517187 0.034375 0.053125
0 0.660156 0.860937 0.0265625 0.046875
0 0.152344 0.394531 0.0328125 0.0453125
0 0.375 0.460938 0.03125 0.053125
0 0.146094 0.289062 0.0265625 0.04375
0 0.403125 0.235938 0.05625 0.04375
0 0.229687 0.50625 0.0375 0.05625
0 0.460156 0.2 0.0484375 0.084375
0 0.0265625 0.809375 0.03125 0.040625
0 0.0210938 0.3625 0.0328125 0.040625
0 0.703906 0.770312 0.0359375 0.0875
0 0.825 0.1375 0.03125 0.05
0 0.224219 0.624219 0.0328125 0.0640625
0 0.907812 0.313281 0.065625 0.0859375
0 0.514063 0.190625 0.03125 0.05
0 0.0898438 0.366406 0.0359375 0.0515625
0 0.242188 0.171094 0.03125 0.0421875
0 0.692969 0.385156 0.0328125 0.0359375
0 0.324219 0.429688 0.0265625 0.040625
0 0.478125 0.76875 0.04375 0.078125
0 0.146875 0.533594 0.028125 0.0421875
0 0.897656 0.696094 0.0390625 0.0453125
0 0.88125 0.11875 0.034375 0.040625
0 0.211719 0.332812 0.0328125 0.0375
0 0.683594 0.514844 0.0328125 0.0515625
0 0.303125 0.139844 0.028125 0.0328125
0 0.190625 0.366406 0.03125 0.0421875
0 0.633594 0.239844 0.0359375 0.0328125
0 0.325781 0.302344 0.0328125 0.0390625
0 0.882031 0.0289063 0.0296875 0.0390625
0 0.107813 0.267188 0.040625 0.053125
0 0.160156 0.339063 0.0296875 0.04375
0 0.361719 0.515625 0.0296875 0.034375
0 0.236719 0.221875 0.0359375 0.04375
0 0.709375 0.322656 0.03125 0.0421875
0 0.271875 0.589063 0.040625 0.05
0 0.321094 0.621875 0.0328125 0.046875
0 0.034375 0.303906 0.028125 0.0453125
0 0.590625 0.832031 0.034375 0.0515625
0 0.246875 0.130469 0.034375 0.0421875
0 0.135937 0.890625 0.071875 0.146875
0 0.065625 0.56875 0.0375 0.04375
0 0.428125 0.611719 0.034375 0.0453125
0 0.508594 0.264062 0.0453125 0.065625
0 0.930469 0.666406 0.0359375 0.0421875
0 0.0859375 0.533594 0.03125 0.0359375
0 0.746875 0.0445312 0.040625 0.0484375
0 0.721875 0.696875 0.0375 0.05
0 0.375 0.128125 0.028125 0.040625
0 0.624219 0.490625 0.0328125 0.05
0 0.683594 0.653906 0.0296875 0.0421875
0 0.315625 0.476562 0.028125 0.04375
0 0.84375 0.202344 0.059375 0.0515625
0 0.833594 0.630469 0.0328125 0.0390625
0 0.519531 0.327344 0.0296875 0.0453125
0 0.382031 0.821094 0.0328125 0.0484375
0 0.848437 0.50625 0.0375 0.05625
0 0.878125 0.25 0.04375 0.053125
0 0.141406 0.065625 0.0296875 0.034375
0 0.286719 0.546094 0.0359375 0.0390625
0 0.0320312 0.175781 0.0328125 0.0453125
0 0.423438 0.385938 0.034375 0.05
0 0.188281 0.304688 0.0296875 0.0375
0 0.528906 0.767187 0.0359375 0.065625
0 0.177344 0.232031 0.0296875 0.0359375
0 0.711719 0.590625 0.0296875 0.040625
0 0.666406 0.120312 0.0359375 0.04375
0 0.458594 0.499219 0.0578125 0.0796875
0 0.485156 0.842188 0.0296875 0.046875
0 0.266406 0.0710938 0.0546875 0.0546875
0 0.713281 0.2 0.0359375 0.04375
0 0.748438 0.534375 0.028125 0.040625
0 0.355469 0.627344 0.0296875 0.0390625
0 0.746875 0.254687 0.0375 0.05625
0 0.634375 0.278906 0.053125 0.0484375
0 0.0703125 0.480469 0.03125 0.0453125
0 0.399219 0.517969 0.0390625 0.0453125
0 0.85 0.678906 0.0375 0.0640625
0 0.296875 0.442187 0.028125 0.04375
0 0.321094 0.352344 0.0328125 0.0484375
0 0.403906 0.114063 0.0328125 0.05625
0 0.467187 0.0726563 0.04375 0.0546875
0 0.797656 0.3125 0.0359375 0.0375
0 0.350781 0.779688 0.0515625 0.05
0 0.553125 0.317969 0.034375 0.0578125
0 0.210156 0.0804688 0.0359375 0.0484375
0 0.0273438 0.127344 0.0328125 0.0421875
0 0.353125 0.249219 0.034375 0.0484375
0 0.135937 0.225 0.0375 0.05
0 0.252344 0.782812 0.0328125 0.040625
0 0.846875 0.0929687 0.04375 0.0390625
0 0.0273438 0.55625 0.0359375 0.053125
0 0.2375 0.682031 0.03125 0.0453125
0 0.353125 0.333594 0.034375 0.0484375
0 0.477344 0.364844 0.0484375 0.0609375
0 0.667188 0.596094 0.046875 0.0578125
0 0.882031 0.603125 0.0671875 0.0625
0 0.521875 0.119531 0.04375 0.0484375
0 0.672656 0.227344 0.0359375 0.0484375
0 0.419531 0.340625 0.0296875 0.040625
0 0.0796875 0.191406 0.065625 0.0703125
0 0.108594 0.576563 0.0296875 0.04375
0 0.554688 0.580469 0.0375 0.0578125
0 0.340625 0.117188 0.034375 0.040625
0 0.910156 0.466406 0.0328125 0.0453125
0 0.210938 0.45625 0.028125 0.0375
0 0.279687 0.689062 0.034375 0.046875
0 0.901563 0.532812 0.040625 0.059375
0 0.0265625 0.48125 0.040625 0.05
0 0.739062 0.147656 0.04375 0.0578125
0 0.053125 0.616406 0.05 0.0609375
0 0.0390625 0.253125 0.034375 0.046875
0 0.084375 0.659375 0.034375 0.04375
0 0.279687 0.117188 0.0375 0.034375
0 0.688281 0.05625 0.0515625 0.05
0 0.727344 0.636719 0.0609375 0.0546875
0 0.279687 0.505469 0.0375 0.0453125
0 0.696094 0.852344 0.0453125 0.0578125
0 0.752344 0.317969 0.0390625 0.0484375
0 0.792969 0.520312 0.0453125 0.059375
0 0.178125 0.458594 0.034375 0.0421875
0 0.474219 0.59375 0.0390625 0.05625
0 0.184375 0.797656 0.0375 0.0515625
0 0.214844 0.171094 0.0296875 0.0421875
0 0.566406 0.132812 0.0515625 0.05625
0 0.689062 0.280469 0.040625 0.0546875
0 0.359375 0.559375 0.0375 0.05625
0 0.940625 0.569531 0.0375 0.0515625
0 0.173438 0.105469 0.040625 0.0546875
0 0.851562 0.328125 0.046875 0.05625
0 0.903906 0.191406 0.0578125 0.0578125
0 0.61875 0.10625 0.046875 0.05625
0 0.654688 0.799219 0.0375 0.0640625
0 0.330469 0.703906 0.0640625 0.0984375
0 0.0664062 0.121094 0.0453125 0.0609375
0 0.290625 0.642969 0.0375 0.0484375
0 0.949219 0.232031 0.0515625 0.0671875
0 0.283594 0.23125 0.0421875 0.059375
0 0.797656 0.196875 0.0296875 0.05
0 0.457031 0.417969 0.0421875 0.0578125
0 0.289062 0.792969 0.04375 0.0515625
0 0.0523437 0.520312 0.0328125 0.04375
0 0.810156 0.2625 0.0765625 0.078125
0 0.78125 0.146094 0.03125 0.0453125
0 0.375 0.185156 0.04375 0.0640625
0 0.55625 0.236719 0.05625 0.0734375
0 0.761719 0.19375 0.0296875 0.04375
0 0.5875 0.28125 0.0375 0.05
