0 0.73125 0.228906 0.028125 0.0515625
0 0.075 0.250781 0.028125 0.0296875
0 0.0148437 0.108594 0.0265625 0.0578125
0 0.277344 0.604688 0.0296875 0.046875
0 0.284375 0.458594 0.028125 0.0359375
0 0.694531 0.210938 0.0265625 0.028125
0 0.252344 0.178125 0.0265625 0.03125
0 0.4 0.2375 0.025 0.034375
0 0.954687 0.803906 0.05625 0.0859375
0 0.642969 0.614844 0.0265625 0.0453125
0 0.369531 0.852344 0.0359375 0.0734375
0 0.670313 0.146875 0.03125 0.0375
0 0.0109375 0.421094 0.021875 0.0453125
0 0.378125 0.746094 0.034375 0.0515625
0 0.348437 0.376563 0.028125 0.0375
0 0.224219 0.753906 0.0328125 0.0359375
0 0.302344 0.139844 0.0328125 0.0359375
0 0.528125 0.510938 0.021875 0.05
0 0.355469 0.214844 0.0234375 0.0265625
0 0.296875 0.0742188 0.034375 0.0421875
0 0.059375 0.0703125 0.028125 0.03125
0 0.770312 0.517969 0.0375 0.0421875
0 0.580469 0.726562 0.0328125 0.053125
0 0.852344 0.300781 0.0328125 0.0390625
0 0.473437 0.504687 0.028125 0.034375
0 0.882031 0.264844 0.0296875 0.0359375
0 0.163281 0.719531 0.0265625 0.0546875
0 0.517969 0.439844 0.0296875 0.0421875
0 0.18125 0.832031 0.0375 0.0453125
0 0.682031 0.43125 0.0296875 0.059375
0 0.117969 0.685156 0.0265625 0.0453125
0 0.303125 0.266406 0.028125 0.0328125
0 0.133594 0.801562 0.0546875 0.053125
0 0.344531 0.608594 0.0421875 0.0421875
0 0.366406 0.1625 0.0359375 0.04375
0 0.875 0.5375 0.03125 0.053125
0 0.735156 0.0882813 0.0328125 0.0421875
0 0.767969 0.392188 0.0328125 0.040625
0 0.419531 0.139844 0.0265625 0.0328125
0 0.367969 0.25 0.0296875 0.04375
0 0.521875 0.717188 0.0375 0.05
0 0.601562 0.128906 0.04375 0.0484375
0 0.283594 0.175 0.0328125 0.0375
0 0.075 0.109375 0.03125 0.0375
0 0.134375 0.733594 0.028125 0.0421875
0 0.303125 0.438281 0.040625 0.0421875
0 0.84375 0.180469 0.03125 0.0640625
0 0.0492188 0.376563 0.0421875 0.05625
0 0.847656 0.0476562 0.0390625 0.0515625
0 0.884375 0.8125 0.071875 0.1
0 0.132031 0.539844 0.0390625 0.0453125
0 0.675 0.704687 0.03125 0.040625
0 0.64375 0.0546875 0.025 0.03125
0 0.51875 0.128906 0.034375 0.0453125
0 0.129688 0.184375 0.04375 0.10625
0 0.670313 0.88125 0.04375 0.071875
0 0.820312 0.421094 0.059375 0.0859375
0 0.0304688 0.764844 0.0359375 0.0515625
0 0.034375 0.192188 0.03125 0.040625
0 0.7 0.122656 0.0375 0.0328125
0 0.652344 0.110937 0.0328125 0.04375
0 0.625 0.402344 0.03125 0.0328125
0 0.805469 0.310937 0.0296875 0.034375
0 0.508594 0.491406 0.0265625 0.0453125
0 0.321875 0.673437 0.046875 0.05
0 0.0171875 0.34375 0.034375 0.05625
0 0.179688 0.276563 0.03125 0.0375
0 0.121094 0.377344 0.0296875 0.0640625
0 0.23125 0.592188 0.0375 0.0375
0 0.384375 0.609375 0.034375 0.04375
0 0.789844 0.08125 0.0296875 0.03125
0 0.141406 0.0960938 0.0328125 0.0390625
0 0.0578125 0.284375 0.03125 0.034375
0 0.472656 0.442969 0.0359375 0.0421875
0 0.267969 0.703906 0.0359375 0.0421875
0 0.63125 0.682813 0.05625 0.0625
0 0.0234375 0.592969 0.040625 0.0578125
0 0.733594 0.71875 0.0359375 0.103125
0 0.577344 0.792969 0.0359375 0.0515625
0 0.603125 0.210938 0.034375 0.046875
0 0.16875 0.404687 0.05 0.040625
0 0.735937 0.130469 0.034375 0.0359375
0 0.929688 0.149219 0.034375 0.0421875
0 0.459375 0.178125 0.04375 0.059375
0 0.446875 0.10625 0.05 0.053125
0 0.109375 0.111719 0.03125 0.0421875
0 0.840625 0.579687 0.0375 0.065625
0 0.171875 0.208594 0.028125 0.0328125
0 0.142969 0.257812 0.0421875 0.05625
0 0.146875 0.683594 0.028125 0.0390625
0 0.880469 0.482812 0.0359375 0.05
0 0.235156 0.0820312 0.0390625 0.0609375
0 0.41875 0.0765625 0.034375 0.0375
0 0.527344 0.182812 0.0328125 0.04375
0 0.492969 0.79375 0.0421875 0.0875
0 0.979688 0.192969 0.03125 0.0390625
0 0.48125 0.560938 0.0375 0.046875
0 0.0390625 0.463281 0.046875 0.0734375
0 0.257031 0.628906 0.0359375 0.0390625
0 0.0484375 0.323438 0.03125 0.040625
0 0.580469 0.434375 0.0453125 0.06875
0 0.372656 0.658594 0.0328125 0.0453125
0 0.0945313 0.164062 0.0328125 0.040625
0 0.565625 0.364844 0.0375 0.0578125
0 0.660937 0.217187 0.034375 0.046875
0 0.285937 0.225 0.0375 0.04375
0 0.289844 0.492188 0.0328125 0.0375
0 0.289062 0.871094 0.0375 0.0515625
0 0.636719 0.178125 0.0359375 0.046875
0 0.588281 0.655469 0.0359375 0.0484375
0 0.902344 0.3125 0.0359375 0.05
0 0.158594 0.646094 0.0578125 0.0578125
0 0.75 0.465625 0.04375 0.059375
0 0.433594 0.414844 0.0421875 0.0546875
0 0.367969 0.0960938 0.0515625 0.0484375
0 0.751562 0.18125 0.034375 0.04375
0 0.158594 0.583594 0.0484375 0.0453125
0 0.760156 0.028125 0.0359375 0.040625
0 0.467969 0.682813 0.0359375 0.065625
0 0.3875 0.401563 0.0625 0.08125
0 0.222656 0.150781 0.0546875 0.0640625
0 0.973437 0.442187 0.034375 0.046875
0 0.492969 0.635156 0.0359375 0.0515625
0 0.719531 0.592969 0.0359375 0.0484375
0 0.801562 0.640625 0.046875 0.0625
0 0.569531 0.552344 0.0359375 0.0453125
0 0.694531 0.0726563 0.0609375 0.0609375
0 0.0945313 0.767187 0.0546875 0.0625
0 0.302344 0.727344 0.0328125 0.0390625
0 0.285937 0.296875 0.034375 0.03125
0 0.958594 0.390625 0.0453125 0.046875
0 0.252344 0.34375 0.0578125 0.0625
0 0.265625 0.266406 0.028125 0.0390625
0 0.1 0.720312 0.028125 0.0375
0 0.5 0.325 0.0375 0.05625
0 0.325781 0.183594 0.0484375 0.0546875
0 0.604688 0.342187 0.034375 0.053125
0 0.715625 0.485938 0.0375 0.059375
0 0.723437 0.416406 0.04375 0.0578125
0 0.699219 0.659375 0.0328125 0.053125
0 0.516406 0.267188 0.0515625 0.046875
0 0.0703125 0.832031 0.0375 0.0484375
0 0.422656 0.301562 0.0421875 0.040625
0 0.169531 0.13125 0.0359375 0.040625
0 0.214062 0.396875 0.040625 0.046875
0 0.277344 0.667188 0.0328125 0.040625
0 0.454688 0.744531 0.046875 0.0609375
0 0.440625 0.509375 0.034375 0.046875
0 0.202344 0.6125 0.0390625 0.05
0 0.0695312 0.198437 0.0328125 0.059375
0 0.330469 0.239063 0.0359375 0.04375
0 0.440625 0.8125 0.040625 0.0625
0 0.60625 0.767187 0.040625 0.078125
0 0.0875 0.457812 0.04375 0.059375
0 0.191406 0.241406 0.0390625 0.0359375
0 0.621875 0.466406 0.034375 0.0453125
0 0.428906 0.226562 0.0390625 0.046875
0 0.463281 0.341406 0.0421875 0.0484375
0 0.232031 0.464844 0.0359375 0.0390625
0 0.744531 0.303125 0.0359375 0.05
0 0.278125 0.78125 0.05625 0.0625
0 0.944531 0.622656 0.0390625 0.0546875
0 0.428125 0.589844 0.04375 0.0578125
0 0.304688 0.389062 0.046875 0.053125
0 0.567969 0.182031 0.0359375 0.0578125
0 0.982031 0.689844 0.0359375 0.0734375
0 0.0289063 0.69375 0.0390625 0.05625
0 0.670313 0.505469 0.06875 0.0671875
0 0.233594 0.720312 0.0359375 0.04375
0 0.09375 0.307031 0.040625 0.0828125
0 0.483594 0.4 0.0390625 0.05625
0 0.689062 0.307031 0.03125 0.0484375
0 0.899219 0.378906 0.0453125 0.0640625
0 0.389844 0.278125 0.0328125 0.0375
0 0.345313 0.729688 0.0375 0.05
0 0.200781 0.525 0.0796875 0.084375
0 0.542188 0.780469 0.0375 0.0796875
0 0.0695312 0.717969 0.0390625 0.0546875
0 0.384375 0.53125 0.03125 0.05625
0 0.346094 0.320312 0.0578125 0.075
0 0.144531 0.320312 0.0453125 0.065625
0 0.555469 0.503906 0.0296875 0.0484375
0 0.950781 0.284375 0.0359375 0.059375
0 0.217969 0.282813 0.0421875 0.05625
0 0.296875 0.553125 0.059375 0.059375
0 0.217187 0.205469 0.0375 0.0421875
0 0.805469 0.251563 0.0453125 0.046875
0 0.680469 0.571875 0.0359375 0.059375
0 0.396875 0.195312 0.040625 0.05625
0 0.178125 0.457812 0.05 0.05625
0 0.195312 0.719531 0.034375 0.0484375
0 0.961719 0.55625 0.0546875 0.06875
0 0.233594 0.671094 0.0546875 0.0515625
0 0.614062 0.844531 0.046875 0.0703125
0 0.413281 0.696094 0.0640625 0.0859375
0 0.1875 0.35625 0.04375 0.0625
0 0.545313 0.61875 0.0375 0.075
0 0.655469 0.378125 0.0390625 0.06875
0 0.569531 0.253906 0.0359375 0.0453125
0 0.0859375 0.592969 0.071875 0.0921875
0 0.403906 0.777344 0.0359375 0.0515625
0 0.801562 0.355469 0.046875 0.0546875
0 0.525 0.569531 0.04375 0.0578125
0 0.929688 0.492969 0.0625 0.0671875
0 0.0734375 0.658594 0.0375 0.0515625
