0 0.192969 0.707812 0.0296875 0.040625
0 0.619531 0.632031 0.0296875 0.0421875
0 0.900781 0.427344 0.0265625 0.0328125
0 0.209375 0.589063 0.025 0.040625
0 0.364844 0.746094 0.0296875 0.0328125
0 0.203906 0.405469 0.0265625 0.0453125
0 0.403906 0.560938 0.0265625 0.034375
0 0.278125 0.672656 0.03125 0.0359375
0 0.0914062 0.553906 0.0328125 0.0359375
0 0.920313 0.599219 0.034375 0.0421875
0 0.113281 0.444531 0.0296875 0.0421875
0 0.967188 0.00625 0.03125 0.0125
0 0.009375 0.328906 0.01875 0.0328125
0 0.0226563 0.624219 0.0328125 0.0390625
0 0.561719 0.25625 0.0265625 0.034375
0 0.100781 0.690625 0.0296875 0.0375
0 0.375 0.411719 0.0375 0.0515625
0 0.0414063 0.819531 0.0296875 0.0328125
0 0.784375 0.696094 0.021875 0.0328125
0 0.324219 0.619531 0.0328125 0.0359375
0 0.682813 0.309375 0.028125 0.053125
0 0.0765625 0.372656 0.028125 0.0359375
0 0.0390625 0.303125 0.021875 0.03125
0 0.120312 0.792969 0.040625 0.0703125
0 0.68125 0.834375 0.028125 0.0375
0 0.372656 0.567969 0.0328125 0.0453125
0 0.239063 0.201562 0.03125 0.040625
0 0.167969 0.150781 0.0359375 0.0421875
0 0.296875 0.320312 0.028125 0.040625
0 0.0328125 0.103906 0.028125 0.0390625
0 0.172656 0.291406 0.0296875 0.0359375
0 0.295312 0.353125 0.021875 0.03125
0 0.442969 0.453906 0.0203125 0.0359375
0 0.116406 0.621875 0.0296875 0.034375
0 0.829687 0.015625 0.040625 0.03125
0 0.892187 0.15625 0.0375 0.040625
0 0.365625 0.603906 0.03125 0.0421875
0 0.705469 0.759375 0.0265625 0.034375
0 0.100781 0.274219 0.0328125 0.0421875
0 0.575781 0.658594 0.0296875 0.0328125
0 0.316406 0.390625 0.0296875 0.03125
0 0.200781 0.496094 0.0359375 0.0421875
0 0.447656 0.728906 0.0265625 0.0328125
0 0.702344 0.807813 0.0390625 0.04375
0 0.225 0.394531 0.034375 0.0359375
0 0.084375 0.750781 0.025 0.0328125
0 0.496094 0.765625 0.0296875 0.04375
0 0.975 0.355469 0.025 0.0359375
0 0.15 0.622656 0.034375 0.0296875
0 0.307031 0.228125 0.0265625 0.0375
0 0.313281 0.789844 0.0296875 0.0296875
0 0.608594 0.435937 0.0265625 0.028125
0 0.303906 0.258594 0.0296875 0.0359375
0 0.971875 0.527344 0.028125 0.0359375
0 0.0695312 0.517969 0.0421875 0.0390625
0 0.0609375 0.482031 0.0375 0.0359375
0 0.361719 0.363281 0.0265625 0.0484375
0 0.175 0.0945313 0.040625 0.0484375
0 0.579687 0.777344 0.028125 0.0453125
0 0.841406 0.357031 0.0234375 0.0328125
0 0.147656 0.376563 0.0328125 0.04375
0 0.328906 0.334375 0.0328125 0.046875
0 0.059375 0.720312 0.034375 0.0375
0 0.49375 0.295312 0.021875 0.034375
0 0.139062 0.3 0.034375 0.05
0 0.189844 0.575781 0.0296875 0.0390625
0 0.352344 0.253125 0.0578125 0.1
0 0.108594 0.521875 0.0265625 0.034375
0 0.232812 0.257031 0.028125 0.0390625
0 0.275781 0.786719 0.0359375 0.0421875
0 0.0148437 0.692187 0.0296875 0.05
0 0.0164062 0.494531 0.0328125 0.0453125
0 0.521094 0.763281 0.0234375 0.0390625
0 0.9375 0.01875 0.03125 0.03125
0 0.703906 0.375 0.0296875 0.0375
0 0.4125 0.125 0.028125 0.034375
0 0.416406 0.421094 0.0328125 0.0515625
0 0.474219 0.464844 0.0296875 0.0390625
0 0.128125 0.590625 0.028125 0.034375
0 0.5125 0.172656 0.028125 0.0328125
0 0.785937 0.290625 0.03125 0.040625
0 0.107813 0.375 0.028125 0.0375
0 0.0640625 0.0796875 0.03125 0.034375
0 0.539844 0.129688 0.0296875 0.034375
0 0.217187 0.167969 0.028125 0.0328125
0 0.0367187 0.346875 0.0296875 0.046875
0 0.475 0.607031 0.034375 0.0421875
0 0.195312 0.367188 0.03125 0.04375
0 0.388281 0.503125 0.0390625 0.05
0 0.795313 0.390625 0.03125 0.034375
0 0.984375 0.299219 0.03125 0.0390625
0 0.065625 0.275781 0.025 0.0359375
0 0.896094 0.703125 0.0234375 0.040625
0 0.545313 0.178125 0.03125 0.03125
0 0.254687 0.0585938 0.034375 0.0453125
0 0.130469 0.160156 0.0328125 0.0453125
0 0.546094 0.79375 0.0328125 0.034375
0 0.215625 0.0617188 0.034375 0.0421875
0 0.947656 0.458594 0.0796875 0.145313
0 0.135156 0.430469 0.0359375 0.0421875
0 0.240625 0.297656 0.028125 0.0328125
0 0.832031 0.507812 0.0484375 0.03125
0 0.389844 0.0898438 0.0296875 0.0390625
0 0.492969 0.428906 0.0390625 0.0546875
0 0.178125 0.516406 0.028125 0.0390625
0 0.496094 0.717188 0.0296875 0.0375
0 0.446875 0.589844 0.03125 0.0359375
0 0.639063 0.458594 0.034375 0.0359375
0 0.557813 0.748438 0.034375 0.04375
0 0.203906 0.541406 0.0328125 0.0328125
0 0.308594 0.497656 0.0390625 0.0390625
0 0.949219 0.339844 0.0328125 0.0546875
0 0.745313 0.708594 0.0375 0.0640625
0 0.555469 0.592188 0.0296875 0.0875
0 0.81875 0.466406 0.04375 0.0546875
0 0.442187 0.515625 0.046875 0.071875
0 0.601562 0.273438 0.04375 0.046875
0 0.594531 0.478906 0.0421875 0.0453125
0 0.960156 0.273438 0.0296875 0.04375
0 0.582812 0.705469 0.040625 0.0546875
0 0.535156 0.295312 0.0328125 0.046875
0 0.096875 0.316406 0.028125 0.0390625
0 0.804688 0.635938 0.040625 0.096875
0 0.23125 0.107813 0.040625 0.046875
0 0.498437 0.495313 0.03125 0.034375
0 0.188281 0.230469 0.0390625 0.0453125
0 0.0289063 0.591406 0.0328125 0.0359375
0 0.296094 0.714844 0.0359375 0.0515625
0 0.517187 0.659375 0.03125 0.0375
0 0.400781 0.365625 0.0453125 0.065625
0 0.180469 0.615625 0.0328125 0.034375
0 0.645312 0.228906 0.034375 0.0484375
0 0.639063 0.302344 0.03125 0.0453125
0 0.0601562 0.682813 0.0359375 0.04375
0 0.921875 0.7 0.028125 0.04375
0 0.633594 0.589844 0.0265625 0.0453125
0 0.59375 0.165625 0.0375 0.05
0 0.103125 0.228125 0.040625 0.04375
0 0.0179687 0.446875 0.0359375 0.046875
0 0.09375 0.166406 0.0375 0.0546875
0 0.0375 0.54375 0.0375 0.04375
0 0.782812 0.0507812 0.0375 0.0421875
0 0.622656 0.688281 0.0390625 0.0546875
0 0.694531 0.678906 0.0359375 0.0453125
0 0.0664062 0.578125 0.0328125 0.040625
0 0.450781 0.646094 0.0421875 0.0578125
0 0.830469 0.401563 0.0359375 0.040625
0 0.228125 0.358594 0.025 0.0296875
0 0.74375 0.222656 0.040625 0.0421875
0 0.610156 0.547656 0.0484375 0.0484375
0 0.572656 0.216406 0.0328125 0.0421875
0 0.798437 0.233594 0.0375 0.0328125
0 0.257812 0.359375 0.0375 0.04375
0 0.532812 0.465625 0.034375 0.053125
0 0.848437 0.442187 0.028125 0.034375
0 0.525781 0.522656 0.0328125 0.0421875
0 0.230469 0.514063 0.0328125 0.0375
0 0.270312 0.308594 0.025 0.0359375
0 0.448438 0.766406 0.028125 0.0421875
0 0.414844 0.253125 0.0328125 0.040625
0 0.158594 0.578906 0.0296875 0.0453125
0 0.645312 0.147656 0.040625 0.0578125
0 0.878125 0.242188 0.040625 0.059375
0 0.26875 0.232031 0.028125 0.0484375
0 0.144531 0.539062 0.0421875 0.053125
0 0.941406 0.103125 0.0328125 0.0375
0 0.767969 0.366406 0.0296875 0.0453125
0 0.400781 0.635938 0.0421875 0.06875
0 0.0703125 0.438281 0.040625 0.0703125
0 0.801562 0.103125 0.059375 0.053125
0 0.421875 0.0671875 0.034375 0.04375
0 0.453906 0.400781 0.0421875 0.0546875
0 0.389844 0.194531 0.0390625 0.0578125
0 0.553906 0.510938 0.0296875 0.046875
0 0.44375 0.107031 0.040625 0.0546875
0 0.539062 0.371094 0.034375 0.0359375
0 0.696875 0.0875 0.05625 0.078125
0 0.335938 0.464063 0.0375 0.05
0 0.529688 0.215625 0.034375 0.0375
0 0.294531 0.759375 0.0390625 0.0375
0 0.757812 0.31875 0.04375 0.04375
0 0.261719 0.179688 0.0578125 0.05625
0 0.353906 0.0695312 0.0328125 0.0484375
0 0.386719 0.303906 0.0296875 0.0453125
0 0.294531 0.644531 0.0296875 0.0421875
0 0.75625 0.139844 0.046875 0.0578125
0 0.524219 0.582031 0.0328125 0.0453125
0 0.525781 0.719531 0.0296875 0.0390625
0 0.0265625 0.744531 0.046875 0.0546875
0 0.244531 0.464063 0.0421875 0.0625
0 0.742969 0.0296875 0.0390625 0.05
0 0.671875 0.597656 0.025 0.0421875
0 0.333594 0.182031 0.0421875 0.0609375
0 0.586719 0.620313 0.0328125 0.040625
0 0.665625 0.551562 0.034375 0.046875
0 0.124219 0.105469 0.0359375 0.0453125
0 0.660156 0.358594 0.0484375 0.0453125
0 0.544531 0.664844 0.0296875 0.0421875
0 0.296875 0.446094 0.04375 0.0640625
0 0.185156 0.183594 0.0328125 0.0359375
0 0.0632813 0.119531 0.0359375 0.0453125
0 0.699219 0.457031 0.0359375 0.0515625
0 0.838281 0.234375 0.0328125 0.034375
0 0.341406 0.415625 0.0296875 0.034375
0 0.485156 0.216406 0.0359375 0.0515625
0 0.803906 0.549219 0.0484375 0.0703125
0 0.0585938 0.19375 0.0359375 0.05625
0 0.496875 0.550781 0.034375 0.0546875
0 0.628125 0.08125 0.04375 0.05625
0 0.274219 0.105469 0.0421875 0.0421875
0 0.0335938 0.164844 0.0515625 0.0546875
0 0.53125 0.407031 0.034375 0.0390625
0 0.871094 0.551562 0.0640625 0.05625
0 0.241406 0.653906 0.0515625 0.0453125
0 0.292969 0.564062 0.0609375 0.090625
0 0.442187 0.217969 0.046875 0.0640625
0 0.465625 0.703125 0.0375 0.05
0 0.296094 0.154687 0.0296875 0.034375
0 0.270312 0.274219 0.034375 0.0421875
0 0.610156 0.317969 0.0328125 0.0359375
0 0.835938 0.0632813 0.046875 0.0578125
0 0.0664062 0.31875 0.0390625 0.053125
0 0.922656 0.221094 0.0578125 0.0796875
0 0.25625 0.610156 0.034375 0.0484375
0 0.598437 0.370313 0.065625 0.059375
0 0.71875 0.520312 0.040625 0.053125
0 0.565625 0.325781 0.0375 0.0484375
0 0.0617188 0.78125 0.0296875 0.059375
0 0.555469 0.071875 0.0578125 0.05625
0 0.56875 0.424219 0.04375 0.0453125
0 0.889063 0.0929687 0.04375 0.0453125
0 0.514063 0.334375 0.034375 0.040625
0 0.510938 0.265625 0.025 0.0375
0 0.346094 0.684375 0.0890625 0.078125
0 0.225781 0.78125 0.0359375 0.040625
0 0.646875 0.408594 0.05625 0.0578125
0 0.817187 0.727344 0.04375 0.0515625
0 0.853906 0.627344 0.0515625 0.0984375
0 0.378125 0.135937 0.04375 0.05625
0 0.741406 0.484375 0.0328125 0.040625
0 0.455469 0.280469 0.0421875 0.0546875
0 0.141406 0.222656 0.0453125 0.0578125
0 0.699219 0.192188 0.0515625 0.05625
0 0.146875 0.48125 0.053125 0.059375
0 0.238281 0.728125 0.0578125 0.0625
0 0.666406 0.496094 0.0453125 0.0578125
0 0.430469 0.321094 0.0453125 0.0609375
0 0.155469 0.669531 0.0765625 0.0671875
0 0.658594 0.648438 0.0328125 0.05
0 0.803125 0.346094 0.046875 0.0640625
0 0.204688 0.322656 0.040625 0.0546875
0 0.8625 0.707031 0.04375 0.0640625
0 0.80625 0.192969 0.0875 0.0546875
0 0.816406 0.267188 0.0359375 0.046875
0 0.778125 0.742188 0.028125 0.04375
0 0.732813 0.6125 0.09375 0.115625
