0 0.48125 0.40625 0.046875 0.084375
0 0.482812 0.354688 0.0375 0.071875
0 0.00703125 0.466406 0.0140625 0.0421875
0 0.555469 0.629687 0.101562 0.125
0 0.615625 0.364062 0.025 0.03125
0 0.114844 0.185937 0.0234375 0.03125
0 0.586719 0.854688 0.0296875 0.05625
0 0.75625 0.809375 0.03125 0.059375
0 0.33125 0.455469 0.025 0.0328125
0 0.917969 0.405469 0.0421875 0.0546875
0 0.307813 0.374219 0.0375 0.0453125
0 0.586719 0.460938 0.0296875 0.04375
0 0.18125 0.617969 0.0375 0.0484375
0 0.360938 0.604688 0.025 0.0375
0 0.342187 0.567969 0.025 0.0390625
0 0.139844 0.0492188 0.0296875 0.0328125
0 0.169531 0.346094 0.0296875 0.0453125
0 0.764063 0.534375 0.028125 0.034375
0 0.0125 0.0492188 0.025 0.0453125
0 0.370313 0.170312 0.03125 0.040625
0 0.0625 0.458594 0.03125 0.0578125
0 0.0734375 0.130469 0.04375 0.0453125
0 0.615625 0.580469 0.0375 0.0640625
0 0.128906 0.429688 0.0265625 0.03125
0 0.630469 0.0804688 0.0390625 0.0546875
0 0.241406 0.536719 0.0265625 0.0453125
0 0.357812 0.0921875 0.028125 0.0375
0 0.0242187 0.65 0.0359375 0.05
0 0.251563 0.239844 0.05 0.0515625
0 0.150781 0.527344 0.0390625 0.0640625
0 0.1375 0.340625 0.034375 0.05
0 0.333594 0.21875 0.0296875 0.040625
0 0.46875 0.4625 0.021875 0.034375
0 0.2 0.186719 0.040625 0.0515625
0 0.197656 0.536719 0.0390625 0.0484375
0 0.824219 0.348437 0.0296875 0.05
0 0.947656 0.224219 0.0359375 0.0484375
0 0.298438 0.560938 0.03125 0.034375
0 0.324219 0.507031 0.0359375 0.0640625
0 0.45 0.491406 0.034375 0.0421875
0 0.278125 0.757031 0.025 0.0421875
0 0.545313 0.467187 0.03125 0.04375
0 0.786719 0.399219 0.0328125 0.0546875
0 0.796094 0.804688 0.0421875 0.06875
0 0.342969 0.135937 0.0390625 0.046875
0 0.370313 0.0648438 0.025 0.0328125
0 0.103906 0.153125 0.0296875 0.0375
0 0.772656 0.339063 0.0484375 0.05
0 0.815625 0.175781 0.03125 0.0421875
0 0.0171875 0.354688 0.034375 0.078125
0 0.0796875 0.0664062 0.028125 0.0359375
0 0.0859375 0.685938 0.05 0.059375
0 0.453125 0.74375 0.028125 0.05
0 0.855469 0.669531 0.0453125 0.0546875
0 0.0984375 0.225781 0.03125 0.0546875
0 0.578125 0.426562 0.03125 0.046875
0 0.21875 0.152344 0.0375 0.0390625
0 0.259375 0.690625 0.046875 0.08125
0 0.0492188 0.367969 0.0328125 0.0484375
0 0.132812 0.388281 0.03125 0.0359375
0 0.114063 0.285937 0.034375 0.040625
0 0.617188 0.505469 0.03125 0.0546875
0 0.0625 0.591406 0.025 0.0328125
0 0.951563 0.459375 0.0375 0.04375
0 0.296094 0.161719 0.0296875 0.0359375
0 0.439063 0.44375 0.03125 0.05
0 0.902344 0.264844 0.0453125 0.0515625
0 0.865625 0.196875 0.040625 0.05
0 0.496875 0.545313 0.059375 0.06875
0 0.941406 0.0734375 0.0421875 0.046875
0 0.117188 0.469531 0.040625 0.0484375
0 0.217969 0.353906 0.0328125 0.0484375
0 0.05625 0.639844 0.028125 0.0453125
0 0.382031 0.244531 0.0328125 0.0453125
0 0.698438 0.498437 0.04375 0.059375
0 0.298438 0.103906 0.03125 0.0359375
0 0.372656 0.710156 0.0359375 0.0484375
0 0.217969 0.571094 0.0328125 0.0390625
0 0.907812 0.0304688 0.034375 0.0421875
0 0.765625 0.0804688 0.0375 0.0609375
0 0.523438 0.355469 0.034375 0.0515625
0 0.0359375 0.1375 0.03125 0.059375
0 0.246094 0.383594 0.0265625 0.0421875
0 0.435156 0.25625 0.0296875 0.0375
0 0.185937 0.715625 0.03125 0.040625
0 0.217187 0.0601562 0.03125 0.0328125
0 0.398438 0.676562 0.034375 0.059375
0 0.317187 0.753906 0.040625 0.0453125
0 0.242188 0.125781 0.03125 0.0453125
0 0.401563 0.432031 0.03125 0.0359375
0 0.728906 0.421875 0.0453125 0.05
0 0.772656 0.271094 0.0484375 0.0703125
0 0.35 0.246094 0.028125 0.0359375
0 0.590625 0.101562 0.046875 0.06875
0 0.160938 0.4625 0.046875 0.059375
0 0.494531 0.121094 0.0421875 0.0546875
0 0.264844 0.305469 0.0328125 0.0421875
0 0.503906 0.740625 0.0484375 0.08125
0 0.244531 0.777344 0.0359375 0.0578125
0 0.979688 0.655469 0.0375 0.0609375
0 0.116406 0.623438 0.0328125 0.046875
0 0.0492188 0.0546875 0.0296875 0.0375
0 0.441406 0.607031 0.0265625 0.0390625
0 0.413281 0.480469 0.0421875 0.0484375
0 0.429688 0.377344 0.040625 0.0546875
0 0.850781 0.257031 0.0390625 0.0609375
0 0.802344 0.125781 0.0765625 0.0609375
0 0.0984375 0.360938 0.0375 0.059375
0 0.0851562 0.633594 0.0296875 0.0453125
0 0.873438 0.0929687 0.075 0.0609375
0 0.455469 0.291406 0.0328125 0.0546875
0 0.190625 0.399219 0.0875 0.0859375
0 0.307031 0.41875 0.0578125 0.053125
0 0.238281 0.329688 0.0296875 0.0375
0 0.274219 0.544531 0.0359375 0.0359375
0 0.0273438 0.517187 0.0515625 0.084375
0 0.9625 0.151562 0.053125 0.05
0 0.550781 0.809375 0.0453125 0.0625
0 0.853125 0.615625 0.04375 0.059375
0 0.933594 0.674219 0.0421875 0.0640625
0 0.435156 0.117188 0.0421875 0.05
0 0.0179687 0.225781 0.0359375 0.0515625
0 0.765625 0.494531 0.028125 0.0421875
0 0.392969 0.320312 0.0734375 0.096875
0 0.272656 0.484375 0.0421875 0.065625
0 0.43125 0.16875 0.03125 0.040625
0 0.857031 0.360938 0.0453125 0.05625
0 0.829687 0.40625 0.034375 0.04375
0 0.303906 0.257031 0.0390625 0.0609375
0 0.909375 0.455469 0.03125 0.0421875
0 0.313281 0.317187 0.0328125 0.053125
0 0.965625 0.742188 0.059375 0.06875
0 0.334375 0.711719 0.034375 0.0453125
0 0.411719 0.0648438 0.0484375 0.0484375
0 0.61875 0.238281 0.14375 0.217187
0 0.640625 0.400781 0.06875 0.0671875
0 0.670313 0.338281 0.05625 0.0671875
0 0.345313 0.351562 0.0375 0.053125
0 0.0945313 0.575781 0.0359375 0.0484375
0 0.739844 0.0304688 0.0390625 0.0515625
0 0.053125 0.297656 0.05625 0.0828125
0 0.353125 0.530469 0.03125 0.0453125
0 0.138281 0.23125 0.0390625 0.053125
0 0.397656 0.146094 0.0328125 0.0421875
0 0.378906 0.516406 0.0328125 0.0453125
0 0.70625 0.10625 0.040625 0.059375
0 0.183594 0.264062 0.0828125 0.084375
0 0.14375 0.578906 0.034375 0.0421875
0 0.739844 0.179688 0.0515625 0.0625
0 0.726562 0.314844 0.046875 0.0640625
0 0.372656 0.567187 0.0359375 0.046875
0 0.152344 0.167969 0.0359375 0.0484375
0 0.311719 0.628125 0.0703125 0.090625
0 0.648438 0.500781 0.028125 0.0421875
0 0.0296875 0.599219 0.0375 0.0578125
0 0.252344 0.605469 0.0578125 0.0671875
0 0.655469 0.792969 0.0703125 0.0921875
0 0.903906 0.164844 0.0546875 0.0796875
0 0.364062 0.471094 0.04375 0.0578125
0 0.355469 0.65625 0.0421875 0.0625
0 0.703906 0.253906 0.0640625 0.0703125
0 0.252344 0.194531 0.0328125 0.0453125
0 0.220313 0.669531 0.04375 0.0609375
0 0.807813 0.233594 0.046875 0.0640625
