0 0.065625 0.319531 0.028125 0.0296875
0 0.0171875 0.265625 0.025 0.028125
0 0.928125 0.55 0.03125 0.04375
0 0.267188 0.715625 0.034375 0.04375
0 0.211719 0.533594 0.0421875 0.0546875
0 0.902344 0.650781 0.0296875 0.0390625
0 0.33125 0.107813 0.0375 0.0625
0 0.375 0.222656 0.040625 0.0421875
0 0.615625 0.714844 0.046875 0.0890625
0 0.528125 0.308594 0.025 0.0484375
0 0.796094 0.703125 0.0265625 0.0375
0 0.395312 0.182031 0.03125 0.0328125
0 0.492188 0.776563 0.025 0.04375
0 0.390625 0.0578125 0.040625 0.0375
0 0.442969 0.584375 0.0296875 0.0375
0 0.760156 0.0375 0.0390625 0.034375
0 0.125 0.28125 0.034375 0.046875
0 0.796094 0.491406 0.0328125 0.0546875
0 0.439844 0.629687 0.0265625 0.0375
0 0.548437 0.776563 0.021875 0.040625
0 0.278125 0.407031 0.028125 0.0328125
0 0.185937 0.367188 0.034375 0.028125
0 0.574219 0.7 0.0265625 0.05
0 0.569531 0.779688 0.0203125 0.0375
0 0.751562 0.735156 0.021875 0.0359375
0 0.917188 0.0492188 0.028125 0.0390625
0 0.361719 0.695312 0.0265625 0.053125
0 0.300781 0.33125 0.0359375 0.05
0 0.413281 0.832031 0.0390625 0.0671875
0 0.857813 0.145313 0.0375 0.046875
0 0.477344 0.725 0.0359375 0.046875
0 0.328906 0.271094 0.0359375 0.0546875
0 0.0804688 0.542969 0.0296875 0.0359375
0 0.546094 0.692969 0.0265625 0.0421875
0 0.467969 0.871094 0.0328125 0.0453125
0 0.578125 0.225 0.028125 0.04375
0 0.146094 0.0546875 0.0328125 0.028125
0 0.25 0.59375 0.040625 0.05625
0 0.153906 0.605469 0.0390625 0.0421875
0 0.217187 0.821875 0.03125 0.046875
0 0.363281 0.4625 0.0328125 0.059375
0 0.171094 0.508594 0.0296875 0.0359375
0 0.60625 0.195312 0.028125 0.034375
0 0.128125 0.560938 0.03125 0.0375
0 0.0734375 0.588281 0.03125 0.0328125
0 0.0109375 0.209375 0.021875 0.046875
0 0.241406 0.471875 0.0265625 0.03125
0 0.352344 0.76875 0.0359375 0.046875
0 0.0320312 0.0859375 0.0296875 0.04375
0 0.232812 0.160156 0.046875 0.0484375
0 0.0734375 0.722656 0.028125 0.0390625
0 0.936719 0.591406 0.0359375 0.0484375
0 0.308594 0.834375 0.0328125 0.05
0 0.921875 0.492188 0.0375 0.04375
0 0.123438 0.710156 0.0375 0.0578125
0 0.484375 0.5875 0.034375 0.05
0 0.630469 0.142188 0.0296875 0.046875
0 0.372656 0.402344 0.0265625 0.0359375
0 0.495313 0.647656 0.0375 0.0734375
0 0.474219 0.499219 0.0359375 0.0453125
0 0.0414063 0.244531 0.0359375 0.0484375
0 0.0859375 0.366406 0.04375 0.0328125
0 0.759375 0.776563 0.025 0.040625
0 0.971875 0.198437 0.04375 0.046875
0 0.921875 0.103906 0.034375 0.0515625
0 0.444531 0.780469 0.0296875 0.0515625
0 0.224219 0.709375 0.0296875 0.040625
0 0.239844 0.407813 0.0296875 0.03125
0 0.0125 0.750781 0.025 0.0578125
0 0.03125 0.353906 0.053125 0.0484375
0 0.846094 0.455469 0.0359375 0.0484375
0 0.935156 0.184375 0.0265625 0.0375
0 0.935156 0.38125 0.0296875 0.040625
0 0.440625 0.670313 0.025 0.0375
0 0.984375 0.4125 0.028125 0.05
0 0.111719 0.775 0.0359375 0.05625
0 0.546875 0.415625 0.03125 0.040625
0 0.975781 0.571094 0.0390625 0.0484375
0 0.495313 0.8375 0.034375 0.065625
0 0.0921875 0.632812 0.028125 0.034375
0 0.121875 0.189063 0.040625 0.05
0 0.208594 0.391406 0.0296875 0.0328125
0 0.415625 0.509375 0.046875 0.040625
0 0.135937 0.364844 0.0375 0.0328125
0 0.799219 0.215625 0.0328125 0.0375
0 0.298438 0.382031 0.0375 0.0453125
0 0.408594 0.14375 0.0296875 0.04375
0 0.404687 0.55625 0.034375 0.040625
0 0.658594 0.113281 0.0390625 0.0484375
0 0.0664062 0.802344 0.0328125 0.0578125
0 0.460156 0.69375 0.0296875 0.040625
0 0.299219 0.532031 0.0453125 0.0421875
0 0.163281 0.340625 0.0296875 0.03125
0 0.222656 0.764844 0.0265625 0.0484375
0 0.532812 0.630469 0.03125 0.0515625
0 0.107813 0.525 0.05 0.04375
0 0.310937 0.728125 0.040625 0.05625
0 0.526563 0.778125 0.028125 0.04375
0 0.160156 0.7875 0.0265625 0.040625
0 0.471094 0.776563 0.0234375 0.046875
0 0.669531 0.391406 0.0453125 0.0546875
0 0.107813 0.596094 0.03125 0.0328125
0 0.641406 0.232031 0.0484375 0.0703125
0 0.176563 0.457812 0.040625 0.05
0 0.965625 0.517187 0.0375 0.04375
0 0.25 0.371875 0.0375 0.046875
0 0.670313 0.6875 0.0375 0.040625
0 0.25 0.50625 0.0375 0.0375
0 0.0328125 0.657812 0.034375 0.040625
0 0.622656 0.485156 0.0421875 0.114063
0 0.113281 0.484375 0.0296875 0.028125
0 0.0976562 0.441406 0.0453125 0.0484375
0 0.650781 0.817969 0.0359375 0.0609375
0 0.473437 0.541406 0.03125 0.0453125
0 0.288281 0.271875 0.0296875 0.0375
0 0.0757812 0.120312 0.0421875 0.046875
0 0.526563 0.472656 0.04375 0.0484375
0 0.671875 0.775 0.03125 0.0375
0 0.684375 0.444531 0.040625 0.0609375
0 0.339063 0.39375 0.03125 0.034375
0 0.114844 0.242188 0.0453125 0.0375
0 0.889844 0.710156 0.0390625 0.0515625
0 0.78125 0.166406 0.034375 0.0453125
0 0.664844 0.317187 0.0328125 0.05
0 0.489844 0.314844 0.0484375 0.0421875
0 0.248437 0.261719 0.0375 0.0453125
0 0.751562 0.453125 0.0625 0.084375
0 0.283594 0.491406 0.0296875 0.0390625
0 0.209375 0.480469 0.028125 0.0328125
0 0.186719 0.120312 0.0359375 0.046875
0 0.523438 0.102344 0.040625 0.0484375
0 0.446875 0.174219 0.0625 0.0671875
0 0.539844 0.159375 0.0359375 0.059375
0 0.2 0.144531 0.034375 0.0328125
0 0.74375 0.545313 0.059375 0.090625
0 0.199219 0.299219 0.0578125 0.0671875
0 0.334375 0.6875 0.028125 0.040625
0 0.707812 0.308594 0.04375 0.0640625
0 0.517969 0.519531 0.0515625 0.0546875
0 0.826563 0.544531 0.05625 0.0671875
0 0.755469 0.667188 0.0359375 0.078125
0 0.392969 0.671875 0.0453125 0.06875
0 0.16875 0.407813 0.0375 0.04375
0 0.254687 0.771094 0.034375 0.0484375
0 0.324219 0.580469 0.0421875 0.0609375
0 0.192188 0.0726563 0.04375 0.0484375
0 0.317969 0.464063 0.0484375 0.059375
0 0.339844 0.628125 0.0328125 0.059375
0 0.938281 0.445312 0.0390625 0.05
0 0.185156 0.725781 0.0359375 0.0640625
0 0.411719 0.753906 0.0359375 0.0640625
0 0.38125 0.359375 0.040625 0.053125
0 0.271875 0.653906 0.040625 0.0546875
0 0.14375 0.475781 0.028125 0.0390625
0 0.339063 0.340625 0.03125 0.05625
0 0.260938 0.848437 0.05 0.05625
0 0.132031 0.404687 0.0359375 0.04375
0 0.0585938 0.0664062 0.0359375 0.0421875
0 0.0726563 0.485156 0.0328125 0.0359375
0 0.709375 0.114844 0.0375 0.0703125
0 0.838281 0.2125 0.0328125 0.046875
0 0.746875 0.233594 0.034375 0.0421875
0 0.263281 0.441406 0.0390625 0.0421875
0 0.813281 0.11875 0.0546875 0.075
0 0.235938 0.110156 0.0375 0.0484375
0 0.096875 0.280469 0.028125 0.0390625
0 0.0984375 0.333594 0.034375 0.0421875
0 0.528906 0.559375 0.0390625 0.053125
0 0.575 0.558594 0.0375 0.0484375
0 0.970312 0.325781 0.040625 0.0546875
0 0.689062 0.530469 0.0375 0.0671875
0 0.821094 0.263281 0.0546875 0.0515625
0 0.0359375 0.4 0.034375 0.046875
0 0.8875 0.585938 0.04375 0.059375
0 0.221875 0.444531 0.0375 0.0484375
0 0.319531 0.201562 0.0421875 0.059375
0 0.570312 0.621875 0.040625 0.078125
0 0.280469 0.101562 0.0453125 0.05
0 0.699219 0.219531 0.0515625 0.0734375
0 0.903125 0.411719 0.046875 0.0546875
0 0.864844 0.0679687 0.0484375 0.0640625
0 0.804688 0.0304688 0.04375 0.0609375
0 0.725 0.717969 0.04375 0.0609375
0 0.477344 0.244531 0.0765625 0.0921875
0 0.521094 0.391406 0.0328125 0.0421875
0 0.748438 0.279687 0.0375 0.040625
0 0.616406 0.627344 0.0359375 0.0484375
0 0.698438 0.629687 0.040625 0.078125
0 0.902344 0.19375 0.0484375 0.059375
0 0.117188 0.0945313 0.053125 0.0515625
0 0.742188 0.158594 0.0375 0.0484375
0 0.429688 0.471094 0.03125 0.0421875
0 0.046875 0.746094 0.0375 0.0546875
0 0.590625 0.146094 0.04375 0.0546875
0 0.371094 0.288281 0.0546875 0.0578125
0 0.767187 0.333594 0.053125 0.0734375
0 0.191406 0.182031 0.0328125 0.0390625
0 0.541406 0.225781 0.0296875 0.0515625
0 0.659375 0.602344 0.046875 0.0609375
0 0.625 0.317969 0.040625 0.0546875
0 0.478125 0.444531 0.034375 0.0515625
0 0.028125 0.453125 0.05625 0.05625
0 0.760156 0.0984375 0.0421875 0.0625
0 0.0679687 0.1875 0.0453125 0.053125
0 0.472656 0.372656 0.0609375 0.0828125
0 0.739062 0.391406 0.04375 0.0578125
0 0.248437 0.320312 0.053125 0.059375
0 0.609375 0.378906 0.04375 0.0671875
0 0.410156 0.401563 0.0515625 0.059375
0 0.8625 0.332031 0.121875 0.120312
0 0.0460938 0.146875 0.0359375 0.046875
0 0.942187 0.259375 0.0625 0.06875
0 0.875 0.519531 0.046875 0.0640625
0 0.555469 0.360156 0.0609375 0.0734375
0 0.582812 0.292969 0.065625 0.0859375
