0 0.599219 0.65 0.0390625 0.0375
0 0.801562 0.322656 0.034375 0.0359375
0 0.720312 0.232812 0.025 0.03125
0 0.323438 0.0890625 0.034375 0.04375
0 0.503125 0.472656 0.03125 0.0421875
0 0.182031 0.714063 0.0328125 0.05
0 0.670313 0.51875 0.034375 0.053125
0 0.154687 0.417188 0.040625 0.059375
0 0.449219 0.524219 0.0265625 0.0390625
0 0.441406 0.658594 0.0328125 0.0296875
0 0.969531 0.429688 0.0296875 0.034375
0 0.01875 0.807813 0.03125 0.046875
0 0.519531 0.825781 0.0328125 0.0359375
0 0.107031 0.203125 0.0453125 0.05625
0 0.928125 0.53125 0.03125 0.040625
0 0.729688 0.427344 0.025 0.0390625
0 0.698438 0.833594 0.06875 0.0671875
0 0.6625 0.0984375 0.028125 0.034375
0 0.501562 0.525781 0.040625 0.0359375
0 0.36875 0.346875 0.025 0.034375
0 0.35 0.722656 0.025 0.0328125
0 0.621875 0.25625 0.028125 0.034375
0 0.470313 0.4875 0.025 0.03125
0 0.00859375 0.221094 0.0171875 0.0484375
0 0.707031 0.152344 0.0234375 0.0328125
0 0.429688 0.355469 0.04375 0.0453125
0 0.735937 0.3375 0.028125 0.04375
0 0.0859375 0.797656 0.034375 0.0453125
0 0.530469 0.407813 0.0390625 0.05625
0 0.765625 0.378125 0.025 0.034375
0 0.68125 0.657812 0.03125 0.0625
0 0.353906 0.396094 0.0203125 0.0328125
0 0.358594 0.529688 0.0265625 0.040625
0 0.308594 0.582031 0.0328125 0.0421875
0 0.214062 0.11875 0.034375 0.034375
0 0.226562 0.558594 0.034375 0.0390625
0 0.297656 0.367188 0.0328125 0.05625
0 0.947656 0.448438 0.0328125 0.04375
0 0.453125 0.63125 0.028125 0.03125
0 0.078125 0.705469 0.034375 0.0546875
0 0.642969 0.228125 0.0359375 0.05
0 0.949219 0.325 0.0359375 0.046875
0 0.444531 0.803906 0.0421875 0.0484375
0 0.391406 0.533594 0.0328125 0.0453125
0 0.954687 0.51875 0.028125 0.0375
0 0.04375 0.346875 0.028125 0.0375
0 0.525781 0.78125 0.0328125 0.040625
0 0.485156 0.616406 0.0359375 0.0453125
0 0.677344 0.423438 0.0328125 0.034375
0 0.859375 0.480469 0.03125 0.0484375
0 0.892187 0.371094 0.05625 0.0484375
0 0.707031 0.405469 0.0328125 0.0578125
0 0.361719 0.495313 0.0296875 0.0375
0 0.796875 0.369531 0.03125 0.0359375
0 0.563281 0.546875 0.0296875 0.0375
0 0.0304688 0.440625 0.0265625 0.0375
0 0.892969 0.545313 0.0265625 0.046875
0 0.247656 0.628125 0.0265625 0.034375
0 0.984375 0.477344 0.028125 0.0453125
0 0.125 0.178906 0.05625 0.0640625
0 0.0601562 0.442969 0.0390625 0.0359375
0 0.3125 0.746094 0.040625 0.0546875
0 0.635156 0.0992187 0.0296875 0.0328125
0 0.402344 0.298438 0.0328125 0.046875
0 0.472656 0.451562 0.0359375 0.05
0 0.363281 0.196094 0.0296875 0.0453125
0 0.932813 0.382031 0.021875 0.0390625
0 0.985937 0.397656 0.025 0.0484375
0 0.960156 0.369531 0.0265625 0.0328125
0 0.0257812 0.636719 0.0359375 0.0484375
0 0.564062 0.478906 0.028125 0.0484375
0 0.985156 0.292969 0.0265625 0.0328125
0 0.701563 0.499219 0.03125 0.0546875
0 0.39375 0.582812 0.0375 0.046875
0 0.0617188 0.208594 0.0421875 0.0671875
0 0.691406 0.0757812 0.0328125 0.0453125
0 0.461719 0.221094 0.0390625 0.0359375
0 0.89375 0.425781 0.04375 0.0484375
0 0.0609375 0.157031 0.03125 0.0296875
0 0.740625 0.561719 0.046875 0.0921875
0 0.416406 0.691406 0.0265625 0.0390625
0 0.496094 0.191406 0.0265625 0.0328125
0 0.327344 0.48125 0.0359375 0.04375
0 0.0117188 0.478125 0.0234375 0.05
0 0.579687 0.69375 0.0375 0.05625
0 0.215625 0.425 0.03125 0.0375
0 0.246094 0.283594 0.0265625 0.0359375
0 0.835156 0.380469 0.0328125 0.0484375
0 0.659375 0.282813 0.05 0.040625
0 0.586719 0.51875 0.0390625 0.05
0 0.895312 0.472656 0.0375 0.0421875
0 0.752344 0.171875 0.0265625 0.034375
0 0.332031 0.166406 0.0296875 0.0296875
0 0.661719 0.617188 0.0328125 0.0375
0 0.303906 0.627344 0.0484375 0.0484375
0 0.829687 0.494531 0.028125 0.0390625
0 0.634375 0.828125 0.025 0.040625
0 0.691406 0.353125 0.0265625 0.040625
0 0.961719 0.559375 0.0328125 0.040625
0 0.9125 0.326562 0.0375 0.04375
0 0.0164062 0.364844 0.0328125 0.0515625
0 0.414844 0.446094 0.0296875 0.0328125
0 0.0117188 0.317969 0.0234375 0.0453125
0 0.153906 0.86875 0.0328125 0.046875
0 0.521094 0.107813 0.0328125 0.034375
0 0.207813 0.289062 0.03125 0.04375
0 0.815625 0.282031 0.025 0.0359375
0 0.183594 0.75625 0.0328125 0.04375
0 0.680469 0.726562 0.0328125 0.046875
0 0.302344 0.510938 0.0328125 0.04375
0 0.217969 0.614844 0.0390625 0.0453125
0 0.196875 0.867188 0.03125 0.04375
0 0.0601562 0.504687 0.0359375 0.075
0 0.0960938 0.292969 0.0359375 0.0484375
0 0.616406 0.121875 0.0296875 0.03125
0 0.598437 0.473437 0.034375 0.046875
0 0.367188 0.647656 0.04375 0.0515625
0 0.7875 0.208594 0.04375 0.0609375
0 0.0179687 0.270312 0.0328125 0.046875
0 0.0625 0.632812 0.034375 0.05625
0 0.271875 0.68125 0.03125 0.0375
0 0.196875 0.0914062 0.028125 0.0296875
0 0.535937 0.300781 0.03125 0.0484375
0 0.401563 0.153125 0.03125 0.03125
0 0.520312 0.2375 0.0375 0.04375
0 0.766406 0.783594 0.0265625 0.0421875
0 0.210938 0.516406 0.03125 0.0421875
0 0.510156 0.642969 0.0265625 0.0453125
0 0.614844 0.423438 0.0328125 0.034375
0 0.411719 0.121875 0.0328125 0.040625
0 0.85625 0.532812 0.0375 0.053125
0 0.15 0.472656 0.0375 0.0421875
0 0.0976562 0.396094 0.0328125 0.0421875
0 0.509375 0.874219 0.025 0.0515625
0 0.428906 0.266406 0.0296875 0.0359375
0 0.496094 0.78125 0.0296875 0.046875
0 0.764063 0.31875 0.034375 0.0375
0 0.483594 0.670313 0.0328125 0.04375
0 0.738281 0.390625 0.0328125 0.04375
0 0.264844 0.566406 0.0328125 0.0484375
0 0.532031 0.349219 0.0234375 0.0390625
0 0.645312 0.565625 0.0375 0.053125
0 0.479688 0.840625 0.03125 0.05
0 0.296094 0.255469 0.0359375 0.0484375
0 0.645312 0.672656 0.03125 0.0828125
0 0.614844 0.157813 0.0265625 0.034375
0 0.688281 0.20625 0.0484375 0.04375
0 0.489844 0.421875 0.0390625 0.053125
0 0.235156 0.521875 0.0296875 0.03125
0 0.589063 0.582812 0.05 0.05625
0 0.655469 0.346094 0.0328125 0.0515625
0 0.703125 0.453906 0.03125 0.0359375
0 0.297656 0.195312 0.0328125 0.053125
0 0.932031 0.221094 0.0328125 0.0453125
0 0.0171875 0.596875 0.034375 0.04375
0 0.6 0.279687 0.034375 0.0375
0 0.164062 0.507031 0.034375 0.0453125
0 0.298438 0.120312 0.03125 0.059375
0 0.8625 0.266406 0.0375 0.0421875
0 0.919531 0.722656 0.0328125 0.0484375
0 0.645312 0.403125 0.03125 0.034375
0 0.938281 0.604688 0.0515625 0.059375
0 0.182812 0.815625 0.03125 0.040625
0 0.285937 0.460938 0.040625 0.05
0 0.615625 0.338281 0.040625 0.0671875
0 0.358594 0.685938 0.0265625 0.034375
0 0.432031 0.765625 0.0328125 0.05
0 0.769531 0.530469 0.0296875 0.0359375
0 0.0429688 0.292969 0.0328125 0.0390625
0 0.489844 0.0953125 0.0296875 0.0375
0 0.728125 0.782812 0.034375 0.046875
0 0.896094 0.614062 0.0359375 0.05625
0 0.465625 0.1875 0.034375 0.0375
0 0.342969 0.124219 0.0265625 0.0453125
0 0.161719 0.119531 0.0421875 0.0578125
0 0.313281 0.676562 0.0359375 0.046875
0 0.132031 0.391406 0.0328125 0.0421875
0 0.39375 0.0710938 0.03125 0.0359375
0 0.573438 0.182031 0.046875 0.0546875
0 0.376563 0.71875 0.034375 0.0375
0 0.240625 0.453906 0.03125 0.0390625
0 0.390625 0.422656 0.034375 0.0421875
0 0.264844 0.103125 0.0390625 0.05625
0 0.455469 0.0953125 0.0359375 0.053125
0 0.155469 0.558594 0.0328125 0.0421875
0 0.901563 0.283594 0.03125 0.0328125
0 0.742188 0.257031 0.0375 0.0453125
0 0.267969 0.269531 0.0296875 0.0484375
0 0.846094 0.157031 0.0359375 0.0390625
0 0.359375 0.0570313 0.034375 0.0328125
0 0.43125 0.177344 0.0375 0.0453125
0 0.397656 0.48125 0.0328125 0.040625
0 0.9625 0.157031 0.034375 0.0421875
0 0.909375 0.200781 0.028125 0.0421875
0 0.115625 0.700781 0.034375 0.0453125
0 0.0382813 0.688281 0.0359375 0.0578125
0 0.183594 0.471094 0.0296875 0.0390625
0 0.146094 0.732813 0.0421875 0.05625
0 0.261719 0.5 0.0359375 0.05
0 0.925 0.155469 0.034375 0.0390625
0 0.707812 0.303125 0.034375 0.05
0 0.277344 0.323438 0.0359375 0.0375
0 0.441406 0.478906 0.0296875 0.0421875
0 0.70625 0.697656 0.0375 0.0515625
0 0.533594 0.146875 0.0328125 0.04375
0 0.628125 0.505469 0.0375 0.0515625
0 0.140625 0.0554687 0.028125 0.0359375
0 0.559375 0.252344 0.034375 0.0453125
0 0.785937 0.270312 0.028125 0.046875
0 0.684375 0.572656 0.034375 0.0390625
0 0.222656 0.24375 0.0421875 0.05625
0 0.875781 0.740625 0.0484375 0.0625
0 0.16875 0.2875 0.04375 0.05
0 0.810938 0.580469 0.04375 0.0609375
0 0.10625 0.446875 0.034375 0.04375
0 0.333594 0.196875 0.0296875 0.04375
0 0.557031 0.807031 0.0359375 0.0578125
0 0.8 0.736719 0.034375 0.0734375
0 0.0414063 0.775781 0.0359375 0.0453125
0 0.801562 0.644531 0.03125 0.0484375
0 0.217187 0.485156 0.034375 0.0390625
0 0.588281 0.766406 0.0359375 0.0578125
0 0.253125 0.783594 0.0375 0.0421875
0 0.939062 0.267188 0.034375 0.046875
0 0.864062 0.0875 0.04375 0.059375
0 0.404687 0.374219 0.046875 0.0453125
0 0.660156 0.469531 0.0359375 0.0359375
0 0.825 0.236719 0.04375 0.0578125
0 0.673437 0.382812 0.03125 0.0375
0 0.830469 0.44375 0.0390625 0.046875
0 0.859375 0.421094 0.03125 0.0453125
0 0.5625 0.103125 0.0375 0.046875
0 0.329688 0.305469 0.03125 0.0359375
0 0.211719 0.792969 0.0359375 0.0546875
0 0.220313 0.669531 0.040625 0.0515625
0 0.853906 0.60625 0.0390625 0.053125
0 0.60625 0.857031 0.0375 0.0609375
0 0.472656 0.545313 0.0296875 0.04375
0 0.216406 0.176563 0.0515625 0.05625
0 0.100781 0.507031 0.0359375 0.0703125
0 0.809375 0.096875 0.059375 0.06875
0 0.179688 0.589844 0.0375 0.0390625
0 0.975781 0.211719 0.0421875 0.0578125
0 0.548437 0.630469 0.04375 0.0640625
0 0.64375 0.146875 0.034375 0.040625
0 0.253906 0.225 0.0296875 0.04375
0 0.0234375 0.182031 0.0375 0.0515625
0 0.7125 0.632031 0.034375 0.0671875
0 0.372656 0.292969 0.0328125 0.0421875
0 0.878125 0.182031 0.040625 0.0484375
0 0.444531 0.696094 0.0359375 0.0421875
0 0.0546875 0.110156 0.05 0.0578125
0 0.528906 0.198437 0.0390625 0.04375
0 0.117188 0.10625 0.040625 0.059375
0 0.0546875 0.395312 0.04375 0.05625
0 0.213281 0.353125 0.0546875 0.08125
0 0.405469 0.233594 0.0546875 0.0484375
0 0.151562 0.666406 0.05 0.0765625
0 0.735937 0.13125 0.03125 0.04375
0 0.559375 0.877344 0.034375 0.0515625
0 0.747656 0.0757812 0.0515625 0.0609375
0 0.409375 0.629687 0.034375 0.046875
0 0.346875 0.252344 0.05 0.0734375
0 0.8 0.154687 0.03125 0.034375
0 0.46875 0.278125 0.059375 0.06875
0 0.139844 0.242969 0.0546875 0.0578125
0 0.115625 0.776563 0.0375 0.053125
0 0.153125 0.347656 0.046875 0.0609375
0 0.104687 0.585156 0.059375 0.0703125
0 0.267188 0.157031 0.034375 0.0421875
0 0.332812 0.351562 0.034375 0.05
0 0.500781 0.320312 0.0421875 0.05
0 0.599219 0.0835937 0.0296875 0.0390625
0 0.257031 0.378906 0.0578125 0.0578125
