0 0.420312 0.601562 0.034375 0.034375
0 0.194531 0.154687 0.0265625 0.028125
0 0.154687 0.560938 0.053125 0.065625
0 0.590625 0.130469 0.03125 0.0421875
0 0.746875 0.680469 0.034375 0.0484375
0 0.516406 0.442969 0.0328125 0.0328125
0 0.507031 0.632812 0.0421875 0.040625
0 0.470313 0.6625 0.028125 0.0375
0 0.0125 0.602344 0.025 0.0421875
0 0.111719 0.614062 0.0453125 0.0375
0 0.15625 0.315625 0.028125 0.028125
0 0.135937 0.409375 0.028125 0.03125
0 0.630469 0.153125 0.0296875 0.046875
0 0.213281 0.577344 0.0359375 0.0484375
0 0.455469 0.110156 0.0328125 0.0265625
0 0.507812 0.553906 0.0375 0.0546875
0 0.8 0.3375 0.03125 0.040625
0 0.1 0.214062 0.05625 0.034375
0 0.0882813 0.53125 0.0296875 0.053125
0 0.242969 0.432031 0.0265625 0.0328125
0 0.482812 0.570312 0.025 0.04375
0 0.0265625 0.257031 0.053125 0.107813
0 0.216406 0.68125 0.0296875 0.0375
0 0.552344 0.217969 0.0265625 0.0390625
0 0.121875 0.0195312 0.0375 0.0390625
0 0.152344 0.628906 0.0296875 0.0421875
0 0.5625 0.64375 0.03125 0.03125
0 0.607813 0.499219 0.025 0.0421875
0 0.0859375 0.314063 0.034375 0.028125
0 0.669531 0.329688 0.0296875 0.034375
0 0.1875 0.26875 0.0375 0.040625
0 0.119531 0.530469 0.0265625 0.0390625
0 0.0757812 0.592969 0.0328125 0.0359375
0 0.0539063 0.517187 0.0296875 0.0375
0 0.642187 0.55 0.034375 0.04375
0 0.804688 0.467969 0.034375 0.0484375
0 0.179688 0.658594 0.03125 0.0359375
0 0.608594 0.18125 0.0296875 0.0375
0 0.639063 0.632031 0.0375 0.0453125
0 0.253906 0.665625 0.0265625 0.034375
0 0.917969 0.528906 0.0390625 0.0515625
0 0.245312 0.202344 0.034375 0.0453125
0 0.0804688 0.0726563 0.0453125 0.0453125
0 0.232812 0.473437 0.03125 0.034375
0 0.317969 0.621094 0.0296875 0.0359375
0 0.0578125 0.680469 0.040625 0.0359375
0 0.507812 0.409375 0.03125 0.0375
0 0.533594 0.380469 0.0296875 0.0421875
0 0.425781 0.296094 0.0390625 0.0421875
0 0.392188 0.45 0.0375 0.040625
0 0.420312 0.132812 0.025 0.028125
0 0.078125 0.484375 0.040625 0.040625
0 0.382031 0.260938 0.0359375 0.05625
0 0.239063 0.590625 0.034375 0.04375
0 0.414844 0.171875 0.0484375 0.046875
0 0.147656 0.100781 0.0328125 0.0515625
0 0.501562 0.473437 0.040625 0.040625
0 0.480469 0.385938 0.0296875 0.03125
0 0.597656 0.441406 0.0390625 0.0640625
0 0.459375 0.570312 0.028125 0.04375
0 0.0664062 0.633594 0.0359375 0.0421875
0 0.432813 0.411719 0.021875 0.0390625
0 0.321094 0.658594 0.0328125 0.0453125
0 0.171875 0.483594 0.028125 0.0484375
0 0.197656 0.545313 0.0265625 0.034375
0 0.307031 0.190625 0.0359375 0.034375
0 0.194531 0.507031 0.0328125 0.0421875
0 0.63125 0.257812 0.05625 0.0625
0 0.196875 0.614062 0.034375 0.040625
0 0.760156 0.467187 0.0328125 0.046875
0 0.773438 0.217969 0.04375 0.0484375
0 0.0945313 0.163281 0.0484375 0.0546875
0 0.492969 0.13125 0.0359375 0.05
0 0.641406 0.374219 0.0671875 0.0484375
0 0.786719 0.401563 0.0328125 0.05625
0 0.785156 0.741406 0.0328125 0.0421875
0 0.435156 0.707812 0.0296875 0.0375
0 0.469531 0.509375 0.0359375 0.05625
0 0.920313 0.126563 0.1 0.078125
0 0.404687 0.674219 0.04375 0.0515625
0 0.165625 0.439844 0.03125 0.0390625
0 0.340625 0.542188 0.05625 0.06875
0 0.427344 0.0867188 0.0390625 0.0609375
0 0.885938 0.41875 0.040625 0.05625
0 0.125781 0.461719 0.0328125 0.0546875
0 0.551562 0.423438 0.034375 0.0375
0 0.665625 0.147656 0.034375 0.0421875
0 0.401563 0.507812 0.05625 0.06875
0 0.391406 0.578906 0.0328125 0.0390625
0 0.791406 0.264062 0.0421875 0.034375
0 0.867188 0.173438 0.040625 0.078125
0 0.667188 0.521875 0.05 0.05
0 0.772656 0.598437 0.0328125 0.04375
0 0.0304688 0.410937 0.0453125 0.05
0 0.544531 0.304688 0.0453125 0.040625
0 0.620313 0.090625 0.03125 0.0375
0 0.182031 0.696094 0.0359375 0.0359375
0 0.294531 0.663281 0.0265625 0.0453125
0 0.836719 0.5 0.0296875 0.04375
0 0.0304688 0.352344 0.0359375 0.0453125
0 0.305469 0.441406 0.0359375 0.0359375
0 0.60625 0.539844 0.03125 0.0359375
0 0.0289063 0.640625 0.0390625 0.04375
0 0.753125 0.382031 0.0375 0.0484375
0 0.332031 0.739844 0.0359375 0.0453125
0 0.278906 0.328906 0.0484375 0.0609375
0 0.482812 0.240625 0.08125 0.096875
0 0.898438 0.309375 0.040625 0.046875
0 0.217187 0.41875 0.040625 0.0375
0 0.489062 0.0820312 0.034375 0.0390625
0 0.807031 0.525781 0.0546875 0.0515625
0 0.274219 0.155469 0.0453125 0.0515625
0 0.260938 0.635156 0.03125 0.0421875
0 0.034375 0.0789063 0.040625 0.0515625
0 0.724219 0.133594 0.0453125 0.0671875
0 0.265625 0.45 0.0375 0.04375
0 0.552344 0.259375 0.0421875 0.04375
0 0.822656 0.417188 0.0390625 0.059375
0 0.330469 0.0765625 0.0359375 0.0375
0 0.141406 0.678125 0.0390625 0.046875
0 0.299219 0.254687 0.0421875 0.059375
0 0.69375 0.482031 0.0375 0.0421875
0 0.533594 0.583594 0.0359375 0.0484375
0 0.846094 0.326562 0.0421875 0.05625
0 0.503906 0.678125 0.0453125 0.05625
0 0.534375 0.529688 0.0375 0.05625
0 0.644531 0.428906 0.0484375 0.0546875
0 0.232812 0.28125 0.0375 0.059375
0 0.823438 0.679688 0.034375 0.05
0 0.575781 0.333594 0.0328125 0.0359375
0 0.0320312 0.478906 0.0328125 0.0453125
0 0.7875 0.657031 0.0375 0.0453125
0 0.509375 0.196875 0.0375 0.046875
0 0.277344 0.10625 0.0390625 0.046875
0 0.303125 0.582812 0.034375 0.046875
0 0.153906 0.177344 0.0421875 0.0546875
0 0.43125 0.352344 0.034375 0.0578125
0 0.040625 0.1375 0.034375 0.053125
0 0.229687 0.141406 0.034375 0.0421875
0 0.5375 0.34375 0.03125 0.03125
0 0.454688 0.155469 0.046875 0.0515625
0 0.0640625 0.276563 0.05 0.059375
0 0.204688 0.0953125 0.046875 0.046875
0 0.0453125 0.583594 0.05 0.0546875
0 0.18125 0.122656 0.0375 0.0484375
0 0.64375 0.480469 0.034375 0.0390625
0 0.5625 0.489844 0.05625 0.0765625
0 0.707812 0.428906 0.046875 0.0546875
0 0.578906 0.0773437 0.0421875 0.0484375
0 0.342187 0.235156 0.040625 0.0578125
0 0.733594 0.252344 0.0328125 0.0484375
0 0.703125 0.0453125 0.078125 0.075
0 0.414844 0.229687 0.0421875 0.06875
0 0.204688 0.361719 0.0875 0.0671875
0 0.814062 0.621875 0.0375 0.05625
0 0.465625 0.429688 0.040625 0.0625
0 0.352344 0.158594 0.0765625 0.0703125
0 0.725 0.192969 0.028125 0.0359375
0 0.735156 0.621094 0.0296875 0.0421875
0 0.546094 0.139062 0.0515625 0.075
0 0.245312 0.540625 0.040625 0.05625
0 0.610156 0.608594 0.0328125 0.0453125
0 0.465625 0.328125 0.0375 0.05
0 0.084375 0.435937 0.04375 0.059375
0 0.291406 0.48125 0.0359375 0.04375
0 0.882031 0.267969 0.0359375 0.0453125
0 0.689062 0.232031 0.065625 0.0671875
0 0.359375 0.476562 0.0375 0.05625
0 0.202344 0.195312 0.0609375 0.0625
0 0.142969 0.2625 0.0828125 0.109375
0 0.841406 0.264062 0.0390625 0.05
0 0.923437 0.253125 0.053125 0.078125
0 0.577344 0.59375 0.0359375 0.053125
0 0.571094 0.382812 0.0359375 0.053125
0 0.819531 0.0921875 0.0640625 0.075
0 0.734375 0.555469 0.065625 0.0546875
0 0.921094 0.391406 0.0453125 0.0890625
0 0.194531 0.308594 0.0359375 0.0453125
0 0.5375 0.071875 0.034375 0.040625
