0 0.924219 0.258594 0.0296875 0.0328125
0 0.964063 0.401563 0.025 0.0625
0 0.871094 0.530469 0.0265625 0.0359375
0 0.432813 0.603906 0.028125 0.0359375
0 0.617969 0.330469 0.0328125 0.0328125
0 0.0617188 0.334375 0.0546875 0.08125
0 0.76875 0.115625 0.025 0.03125
0 0.297656 0.0984375 0.0453125 0.04375
0 0.189844 0.436719 0.0296875 0.0296875
0 0.228125 0.382031 0.025 0.0296875
0 0.203906 0.367969 0.0265625 0.0265625
0 0.453125 0.804688 0.034375 0.04375
0 0.0289063 0.441406 0.0421875 0.0765625
0 0.791406 0.453125 0.0265625 0.0375
0 0.990625 0.125 0.01875 0.04375
0 0.635938 0.182812 0.040625 0.05625
0 0.738281 0.139062 0.0296875 0.034375
0 0.920313 0.228125 0.028125 0.03125
0 0.153906 0.685938 0.0265625 0.0375
0 0.7 0.371875 0.034375 0.04375
0 0.498437 0.35 0.025 0.0375
0 0.190625 0.704687 0.034375 0.053125
0 0.0226563 0.728125 0.0390625 0.0625
0 0.276563 0.720312 0.028125 0.034375
0 0.175 0.194531 0.028125 0.0296875
0 0.971094 0.480469 0.0328125 0.0484375
0 0.0390625 0.26875 0.03125 0.034375
0 0.428125 0.261719 0.025 0.0421875
0 0.827344 0.466406 0.0359375 0.0484375
0 0.750781 0.0242187 0.0609375 0.0484375
0 0.307031 0.790625 0.0265625 0.040625
0 0.930469 0.382031 0.0328125 0.0546875
0 0.466406 0.522656 0.0234375 0.0390625
0 0.383594 0.205469 0.0265625 0.0296875
0 0.0195312 0.150781 0.0328125 0.0390625
0 0.101562 0.533594 0.03125 0.0484375
0 0.480469 0.786719 0.0359375 0.0609375
0 0.210156 0.182812 0.0296875 0.0375
0 0.166406 0.583594 0.0328125 0.0328125
0 0.290625 0.173438 0.025 0.0375
0 0.410156 0.592969 0.0265625 0.0359375
0 0.6375 0.279687 0.028125 0.03125
0 0.0515625 0.154687 0.028125 0.04375
0 0.164844 0.109375 0.0265625 0.028125
0 0.469531 0.142188 0.0328125 0.04375
0 0.192969 0.850781 0.0328125 0.0515625
0 0.955469 0.109375 0.0390625 0.040625
0 0.358594 0.196094 0.0265625 0.0328125
0 0.344531 0.742188 0.0296875 0.040625
0 0.745313 0.296094 0.0375 0.0359375
0 0.174219 0.0554687 0.0359375 0.0453125
0 0.228906 0.482031 0.0296875 0.0359375
0 0.476562 0.571094 0.03125 0.0390625
0 0.605469 0.760938 0.0359375 0.05625
0 0.548437 0.81875 0.028125 0.04375
0 0.0898438 0.160938 0.0296875 0.040625
0 0.571094 0.471094 0.0296875 0.0390625
0 0.122656 0.183594 0.0390625 0.0515625
0 0.348437 0.460938 0.03125 0.040625
0 0.550781 0.76875 0.0296875 0.046875
0 0.392969 0.789844 0.0265625 0.0421875
0 0.5375 0.335156 0.034375 0.0390625
0 0.130469 0.672656 0.0296875 0.0484375
0 0.238281 0.223438 0.0328125 0.04375
0 0.485156 0.208594 0.0328125 0.0671875
0 0.754687 0.367188 0.03125 0.04375
0 0.43125 0.358594 0.034375 0.0765625
0 0.789062 0.333594 0.040625 0.0390625
0 0.985156 0.353125 0.0296875 0.034375
0 0.221875 0.567969 0.059375 0.0671875
0 0.0328125 0.547656 0.03125 0.0390625
0 0.546094 0.438281 0.0265625 0.0328125
0 0.107813 0.334375 0.03125 0.046875
0 0.360938 0.527344 0.028125 0.0390625
0 0.320312 0.754687 0.028125 0.0375
0 0.145313 0.635938 0.028125 0.034375
0 0.160156 0.151562 0.0328125 0.040625
0 0.0242187 0.08125 0.0328125 0.028125
0 0.148438 0.814844 0.040625 0.0640625
0 0.332031 0.50625 0.0328125 0.05
0 0.0210938 0.584375 0.0296875 0.04375
0 0.59375 0.651563 0.034375 0.071875
0 0.0734375 0.225 0.034375 0.0375
0 0.660156 0.403125 0.0296875 0.040625
0 0.688281 0.500781 0.0546875 0.0890625
0 0.354688 0.772656 0.03125 0.0359375
0 0.285156 0.335938 0.0640625 0.071875
0 0.742969 0.107813 0.0296875 0.03125
0 0.925781 0.622656 0.0515625 0.0984375
0 0.548437 0.208594 0.04375 0.0515625
0 0.8625 0.439844 0.034375 0.0453125
0 0.0835937 0.678906 0.0296875 0.0390625
0 0.832031 0.678125 0.0390625 0.075
0 0.11875 0.595312 0.03125 0.04375
0 0.285937 0.624219 0.03125 0.0515625
0 0.799219 0.275 0.0390625 0.0625
0 0.1 0.0859375 0.034375 0.05
0 0.360938 0.653906 0.03125 0.0421875
0 0.323438 0.7125 0.034375 0.0375
0 0.472656 0.332031 0.0328125 0.0484375
0 0.176563 0.625 0.034375 0.04375
0 0.16875 0.510156 0.034375 0.0515625
0 0.888281 0.0328125 0.0453125 0.04375
0 0.984375 0.560156 0.028125 0.0640625
0 0.389062 0.279687 0.040625 0.05
0 0.55 0.0773437 0.0375 0.0390625
0 0.417969 0.558594 0.0328125 0.0421875
0 0.701563 0.750781 0.0375 0.0421875
0 0.864844 0.2 0.0453125 0.040625
0 0.889063 0.702344 0.04375 0.0578125
0 0.739062 0.499219 0.03125 0.0421875
0 0.889844 0.138281 0.0328125 0.0484375
0 0.80625 0.776563 0.040625 0.059375
0 0.378906 0.730469 0.0328125 0.0390625
0 0.405469 0.632031 0.0328125 0.0453125
0 0.0625 0.55 0.03125 0.040625
0 0.04375 0.810156 0.034375 0.0609375
0 0.592188 0.710156 0.034375 0.0484375
0 0.0570313 0.732031 0.0359375 0.0515625
0 0.626562 0.542969 0.05625 0.0515625
0 0.496875 0.553906 0.034375 0.0421875
0 0.927344 0.127344 0.0328125 0.0390625
0 0.203125 0.514063 0.034375 0.0375
0 0.63125 0.633594 0.03125 0.0578125
0 0.941406 0.460156 0.0328125 0.0515625
0 0.889844 0.340625 0.0453125 0.05625
0 0.172656 0.230469 0.0421875 0.0484375
0 0.0140625 0.644531 0.028125 0.0453125
0 0.392969 0.228906 0.0296875 0.0328125
0 0.6125 0.402344 0.034375 0.0359375
0 0.282031 0.689062 0.0296875 0.040625
0 0.252344 0.696094 0.0359375 0.0359375
0 0.732813 0.686719 0.0375 0.0640625
0 0.878125 0.264844 0.0375 0.0484375
0 0.728906 0.225781 0.114063 0.0828125
0 0.241406 0.800781 0.0328125 0.0859375
0 0.334375 0.795313 0.03125 0.046875
0 0.349219 0.244531 0.0484375 0.0453125
0 0.428906 0.780469 0.0390625 0.0640625
0 0.599219 0.0960938 0.0359375 0.0546875
0 0.921094 0.528125 0.0328125 0.046875
0 0.589844 0.275781 0.0265625 0.0421875
0 0.483594 0.413281 0.0265625 0.0421875
0 0.188281 0.403125 0.0421875 0.046875
0 0.666406 0.724219 0.0328125 0.0609375
0 0.86875 0.784375 0.0375 0.065625
0 0.589063 0.432031 0.034375 0.0359375
0 0.06875 0.121875 0.034375 0.046875
0 0.226562 0.424219 0.0375 0.0546875
0 0.374219 0.445312 0.0359375 0.04375
0 0.10625 0.482031 0.0375 0.0453125
0 0.575781 0.389062 0.0421875 0.05
0 0.747656 0.619531 0.0421875 0.0515625
0 0.873438 0.622656 0.04375 0.0734375
0 0.778125 0.163281 0.034375 0.0546875
0 0.0921875 0.629687 0.0375 0.05
0 0.454688 0.249219 0.028125 0.0421875
0 0.446875 0.571875 0.034375 0.046875
0 0.242188 0.178906 0.03125 0.0453125
0 0.461719 0.646094 0.0359375 0.0484375
0 0.178906 0.321094 0.0359375 0.0453125
0 0.957031 0.233594 0.0421875 0.0546875
0 0.446094 0.192188 0.0328125 0.059375
0 0.728125 0.799219 0.053125 0.0671875
0 0.435937 0.129688 0.028125 0.028125
0 0.134375 0.528125 0.034375 0.046875
0 0.539844 0.680469 0.0359375 0.0453125
0 0.155469 0.360156 0.0359375 0.0421875
0 0.358594 0.0726563 0.0609375 0.0546875
0 0.1 0.296875 0.034375 0.034375
0 0.642187 0.685938 0.028125 0.046875
0 0.321875 0.853125 0.04375 0.05625
0 0.140625 0.321875 0.034375 0.04375
0 0.025 0.230469 0.04375 0.0390625
0 0.984375 0.276563 0.028125 0.071875
0 0.422656 0.703906 0.0390625 0.0671875
0 0.208594 0.128906 0.0453125 0.0515625
0 0.723437 0.445312 0.05 0.059375
0 0.180469 0.783594 0.0390625 0.0734375
0 0.796094 0.367969 0.0296875 0.0390625
0 0.515625 0.654688 0.03125 0.04375
0 0.655469 0.339063 0.0296875 0.046875
0 0.885156 0.0804688 0.0328125 0.0484375
0 0.0328125 0.116406 0.034375 0.0359375
0 0.320312 0.370313 0.0375 0.046875
0 0.707812 0.644531 0.04375 0.0546875
0 0.978906 0.18125 0.0390625 0.05625
0 0.836719 0.246094 0.0359375 0.0421875
0 0.360156 0.694531 0.0390625 0.0515625
0 0.935156 0.325781 0.0359375 0.0484375
0 0.757031 0.569531 0.0390625 0.0515625
0 0.360156 0.825781 0.0328125 0.0515625
0 0.267969 0.449219 0.0390625 0.0453125
0 0.345313 0.405469 0.04375 0.0421875
0 0.521875 0.822656 0.03125 0.0515625
0 0.785156 0.629687 0.0328125 0.05
0 0.0804688 0.76875 0.0453125 0.05625
0 0.274219 0.207813 0.0265625 0.034375
0 0.346875 0.308594 0.08125 0.0953125
0 0.536719 0.494531 0.0359375 0.0484375
0 0.823438 0.370313 0.03125 0.040625
0 0.407813 0.174219 0.0375 0.0546875
0 0.917969 0.802344 0.0546875 0.0546875
0 0.0460938 0.199219 0.0390625 0.0390625
0 0.282031 0.407031 0.0484375 0.0421875
0 0.736719 0.332031 0.0359375 0.0453125
0 0.430469 0.457812 0.0359375 0.065625
0 0.203125 0.46875 0.03125 0.04375
0 0.432031 0.517969 0.0390625 0.0515625
0 0.770312 0.423438 0.0375 0.046875
0 0.634375 0.467187 0.034375 0.040625
0 0.49375 0.464844 0.04375 0.0515625
0 0.7625 0.735937 0.05 0.059375
0 0.239844 0.730469 0.0359375 0.0453125
0 0.51875 0.777344 0.034375 0.0515625
0 0.572656 0.6 0.0390625 0.059375
0 0.572656 0.547656 0.0328125 0.0453125
0 0.661719 0.255469 0.0546875 0.0515625
0 0.607031 0.497656 0.0359375 0.0421875
0 0.535937 0.605469 0.0375 0.0578125
0 0.483594 0.71875 0.0359375 0.059375
0 0.219531 0.327344 0.0421875 0.0515625
0 0.532812 0.1375 0.05625 0.078125
0 0.254687 0.274219 0.078125 0.0703125
0 0.132812 0.259375 0.065625 0.065625
0 0.780469 0.508594 0.0453125 0.0703125
0 0.495313 0.294531 0.046875 0.0640625
0 0.923437 0.08125 0.0375 0.04375
0 0.242188 0.639063 0.0375 0.046875
0 0.58125 0.805469 0.0375 0.0546875
0 0.60625 0.203906 0.0625 0.0828125
0 0.829687 0.0679687 0.053125 0.0703125
0 0.553125 0.280469 0.05625 0.0703125
0 0.903906 0.46875 0.0359375 0.05
0 0.840625 0.13125 0.04375 0.053125
