0 0.846094 0.538281 0.0203125 0.0328125
0 0.991406 0.528906 0.0171875 0.0484375
0 0.199219 0.451562 0.0515625 0.05625
0 0.214844 0.683594 0.0265625 0.0484375
0 0.641406 0.339844 0.0265625 0.0296875
0 0.299219 0.0554687 0.0328125 0.0296875
0 0.734375 0.714063 0.03125 0.034375
0 0.267188 0.16875 0.028125 0.03125
0 0.325781 0.423438 0.0265625 0.040625
0 0.307813 0.74375 0.028125 0.0375
0 0.0125 0.7875 0.025 0.0625
0 0.245312 0.634375 0.040625 0.053125
0 0.746094 0.485156 0.0265625 0.0515625
0 0.303906 0.666406 0.0296875 0.0328125
0 0.270312 0.828906 0.05 0.0421875
0 0.163281 0.84375 0.0328125 0.05
0 0.071875 0.303125 0.021875 0.034375
0 0.423438 0.6375 0.028125 0.053125
0 0.871875 0.445312 0.028125 0.03125
0 0.234375 0.80625 0.028125 0.04375
0 0.576563 0.829687 0.034375 0.040625
0 0.759375 0.102344 0.03125 0.0328125
0 0.0585938 0.615625 0.0359375 0.040625
0 0.865625 0.282813 0.034375 0.0375
0 0.0210938 0.1875 0.0296875 0.03125
0 0.517187 0.357031 0.05625 0.0453125
0 0.782031 0.133594 0.0265625 0.0328125
0 0.442187 0.492188 0.025 0.034375
0 0.177344 0.146094 0.0421875 0.0359375
0 0.820312 0.645312 0.025 0.03125
0 0.128125 0.103906 0.03125 0.0359375
0 0.171875 0.608594 0.028125 0.0421875
0 0.0109375 0.254687 0.021875 0.03125
0 0.239063 0.772656 0.03125 0.0390625
0 0.766406 0.0335938 0.0296875 0.0328125
0 0.607813 0.370313 0.025 0.046875
0 0.153906 0.744531 0.0328125 0.0609375
0 0.310937 0.528906 0.028125 0.0484375
0 0.605469 0.425781 0.0296875 0.0390625
0 0.0328125 0.351562 0.03125 0.034375
0 0.930469 0.211719 0.0328125 0.0359375
0 0.646094 0.26875 0.0484375 0.05625
0 0.789844 0.638281 0.0265625 0.0390625
0 0.5875 0.347656 0.03125 0.0328125
0 0.426562 0.448438 0.034375 0.04375
0 0.385938 0.204688 0.028125 0.04375
0 0.246875 0.532031 0.03125 0.0453125
0 0.299219 0.196094 0.0328125 0.0359375
0 0.15625 0.282813 0.065625 0.053125
0 0.401563 0.509375 0.0375 0.04375
0 0.182812 0.301562 0.03125 0.04375
0 0.563281 0.325781 0.0296875 0.0546875
0 0.664062 0.697656 0.028125 0.0390625
0 0.499219 0.549219 0.0359375 0.0453125
0 0.577344 0.659375 0.0234375 0.03125
0 0.702344 0.674219 0.0296875 0.0453125
0 0.349219 0.548437 0.0359375 0.053125
0 0.107813 0.366406 0.03125 0.0421875
0 0.260156 0.351562 0.0390625 0.040625
0 0.590625 0.309375 0.021875 0.034375
0 0.163281 0.107031 0.0328125 0.0546875
0 0.765625 0.666406 0.028125 0.0484375
0 0.0226563 0.728125 0.0453125 0.05
0 0.303906 0.699219 0.0296875 0.0453125
0 0.260156 0.432813 0.0390625 0.05
0 0.673437 0.572656 0.040625 0.0796875
0 0.378125 0.276563 0.0375 0.04375
0 0.809375 0.496094 0.028125 0.0390625
0 0.8 0.286719 0.034375 0.0609375
0 0.201562 0.795313 0.034375 0.053125
0 0.333594 0.794531 0.0265625 0.0390625
0 0.453906 0.397656 0.0296875 0.0484375
0 0.485156 0.374219 0.0265625 0.0484375
0 0.861719 0.180469 0.0296875 0.0390625
0 0.0898438 0.640625 0.0359375 0.05
0 0.147656 0.353906 0.0296875 0.0359375
0 0.603906 0.557031 0.0421875 0.0484375
0 0.203125 0.620313 0.034375 0.0625
0 0.620313 0.624219 0.0375 0.0515625
0 0.623438 0.742188 0.03125 0.040625
0 0.015625 0.282813 0.03125 0.034375
0 0.742969 0.553125 0.0359375 0.040625
0 0.29375 0.157813 0.025 0.040625
0 0.426562 0.0726563 0.040625 0.0359375
0 0.323438 0.0929687 0.028125 0.0296875
0 0.34375 0.135156 0.03125 0.0515625
0 0.739844 0.173438 0.0484375 0.05
0 0.345313 0.501562 0.028125 0.034375
0 0.28125 0.246094 0.03125 0.0421875
0 0.349219 0.451562 0.0296875 0.046875
0 0.940625 0.163281 0.0375 0.0546875
0 0.54375 0.275 0.03125 0.040625
0 0.0484375 0.307813 0.025 0.034375
0 0.19375 0.251563 0.03125 0.0375
0 0.0945313 0.435156 0.0359375 0.0421875
0 0.0546875 0.192969 0.034375 0.0421875
0 0.125 0.704687 0.0375 0.059375
0 0.346875 0.405469 0.025 0.0421875
0 0.021875 0.317187 0.028125 0.034375
0 0.394531 0.474219 0.0296875 0.0390625
0 0.557031 0.141406 0.0328125 0.0359375
0 0.895312 0.247656 0.04375 0.0359375
0 0.721094 0.253125 0.0296875 0.040625
0 0.423438 0.115625 0.03125 0.040625
0 0.138281 0.617969 0.0421875 0.0671875
0 0.848437 0.421875 0.034375 0.05625
0 0.132812 0.232031 0.05625 0.0546875
0 0.50625 0.198437 0.0375 0.046875
0 0.0664062 0.713281 0.0296875 0.0421875
0 0.06875 0.348437 0.034375 0.04375
0 0.451562 0.258594 0.040625 0.0421875
0 0.0921875 0.197656 0.03125 0.0453125
0 0.178125 0.353125 0.028125 0.034375
0 0.574219 0.103906 0.0390625 0.0453125
0 0.675 0.171875 0.04375 0.04375
0 0.326562 0.384375 0.03125 0.04375
0 0.444531 0.555469 0.0515625 0.0640625
0 0.346094 0.250781 0.0359375 0.0390625
0 0.242969 0.389844 0.0359375 0.0390625
0 0.700781 0.303906 0.0421875 0.0515625
0 0.408594 0.403906 0.0328125 0.0421875
0 0.695312 0.455469 0.028125 0.0421875
0 0.554688 0.640625 0.03125 0.0375
0 0.208594 0.327344 0.0234375 0.0359375
0 0.339844 0.616406 0.0359375 0.0578125
0 0.707031 0.4125 0.0296875 0.040625
0 0.0210938 0.400781 0.0421875 0.0515625
0 0.525781 0.707812 0.0359375 0.0375
0 0.772656 0.346875 0.0359375 0.04375
0 0.963281 0.514063 0.0296875 0.040625
0 0.128906 0.53125 0.0296875 0.040625
0 0.0679687 0.39375 0.0390625 0.040625
0 0.4625 0.139844 0.034375 0.0515625
0 0.365625 0.669531 0.040625 0.0609375
0 0.217187 0.746094 0.03125 0.0453125
0 0.764063 0.433594 0.034375 0.0359375
0 0.517187 0.586719 0.025 0.0390625
0 0.164062 0.680469 0.0375 0.0515625
0 0.311719 0.278125 0.0328125 0.053125
0 0.0171875 0.494531 0.034375 0.0484375
0 0.749219 0.30625 0.0359375 0.040625
0 0.475 0.442187 0.040625 0.040625
0 0.196094 0.390625 0.0421875 0.046875
0 0.839063 0.485156 0.03125 0.0453125
0 0.142188 0.486719 0.034375 0.0421875
0 0.514844 0.753906 0.0359375 0.0453125
0 0.242188 0.294531 0.04375 0.0578125
0 0.257812 0.734375 0.03125 0.040625
0 0.671875 0.346094 0.03125 0.0421875
0 0.015625 0.0734375 0.03125 0.05
0 0.0867188 0.542188 0.0453125 0.046875
0 0.210938 0.442969 0.034375 0.0546875
0 0.335938 0.753906 0.034375 0.0515625
0 0.879687 0.370313 0.040625 0.04375
0 0.48125 0.828125 0.028125 0.04375
0 0.185937 0.715625 0.0375 0.059375
0 0.359375 0.0695312 0.028125 0.0453125
0 0.241406 0.227344 0.0328125 0.0671875
0 0.875781 0.492969 0.0296875 0.0421875
0 0.603906 0.141406 0.0390625 0.0359375
0 0.346875 0.198437 0.046875 0.059375
0 0.771094 0.210938 0.0484375 0.046875
0 0.685156 0.228906 0.0359375 0.0421875
0 0.780469 0.530469 0.0328125 0.0546875
0 0.965625 0.346094 0.05 0.0640625
0 0.804688 0.583594 0.034375 0.0609375
0 0.105469 0.757812 0.0390625 0.05625
0 0.903906 0.198437 0.0390625 0.05625
0 0.215625 0.501562 0.034375 0.040625
0 0.292969 0.0984375 0.0359375 0.046875
0 0.176563 0.460156 0.046875 0.0640625
0 0.442969 0.204688 0.0515625 0.0625
0 0.610156 0.178906 0.0515625 0.0421875
0 0.542188 0.547656 0.0375 0.0578125
0 0.482812 0.303906 0.034375 0.0484375
0 0.734375 0.0734375 0.0375 0.046875
0 0.985156 0.296094 0.0296875 0.0484375
0 0.210938 0.204688 0.03125 0.034375
0 0.517969 0.457812 0.0359375 0.04375
0 0.215625 0.835938 0.0375 0.046875
0 0.647656 0.210938 0.0328125 0.0375
0 0.609375 0.225781 0.034375 0.0453125
0 0.284375 0.592188 0.03125 0.04375
0 0.641406 0.395312 0.0390625 0.0875
0 0.808594 0.174219 0.0421875 0.0453125
0 0.0992187 0.309375 0.0328125 0.040625
0 0.634375 0.696094 0.03125 0.0421875
0 0.0554687 0.45625 0.0421875 0.059375
0 0.572656 0.704687 0.0390625 0.05625
0 0.641406 0.132031 0.0296875 0.0359375
0 0.703125 0.520312 0.04375 0.053125
0 0.141406 0.167969 0.0328125 0.0390625
0 0.169531 0.514844 0.0390625 0.0453125
0 0.663281 0.489844 0.0328125 0.0578125
0 0.346875 0.325781 0.0375 0.0515625
0 0.142188 0.403125 0.053125 0.059375
0 0.907031 0.317187 0.0609375 0.06875
0 0.3875 0.61875 0.034375 0.040625
0 0.285156 0.776563 0.0421875 0.05
0 0.469531 0.654688 0.0546875 0.084375
0 0.0992187 0.492188 0.0421875 0.059375
0 0.824219 0.370313 0.0359375 0.05
0 0.084375 0.247656 0.034375 0.0453125
0 0.250781 0.582812 0.0359375 0.046875
0 0.735156 0.40625 0.0265625 0.0375
0 0.860937 0.570312 0.03125 0.04375
0 0.278906 0.296094 0.0328125 0.0421875
0 0.416406 0.684375 0.0359375 0.040625
0 0.49375 0.0804688 0.053125 0.0703125
0 0.724219 0.442969 0.0296875 0.0359375
0 0.296094 0.449219 0.0296875 0.0484375
0 0.934375 0.574219 0.06875 0.0609375
0 0.290625 0.396094 0.0375 0.0546875
0 0.7375 0.603906 0.059375 0.0609375
0 0.382031 0.7375 0.0640625 0.071875
0 0.179688 0.208594 0.040625 0.0546875
0 0.433594 0.728906 0.0359375 0.0515625
0 0.782031 0.474219 0.0390625 0.0484375
0 0.432031 0.317187 0.0640625 0.06875
