0 0.0382813 0.115625 0.0765625 0.128125
0 0.0117188 0.311719 0.0234375 0.0328125
0 0.664844 0.0710938 0.0328125 0.0359375
0 0.366406 0.317187 0.0234375 0.028125
0 0.214844 0.539844 0.0265625 0.0328125
0 0.021875 0.205469 0.0375 0.0484375
0 0.309375 0.605469 0.025 0.0328125
0 0.185156 0.699219 0.0296875 0.0390625
0 0.867188 0.604688 0.028125 0.040625
0 0.940625 0.754687 0.01875 0.0375
0 0.546094 0.573438 0.0296875 0.034375
0 0.916406 0.0757812 0.0296875 0.0328125
0 0.0945313 0.332031 0.0453125 0.0328125
0 0.414062 0.236719 0.034375 0.0390625
0 0.0710938 0.491406 0.0296875 0.0359375
0 0.0195312 0.603906 0.0296875 0.0359375
0 0.625 0.224219 0.028125 0.0421875
0 0.707031 0.0195312 0.0578125 0.0390625
0 0.0109375 0.271094 0.021875 0.0484375
0 0.0226563 0.554688 0.0328125 0.05
0 0.257812 0.3125 0.03125 0.0375
0 0.310156 0.805469 0.0390625 0.0421875
0 0.145313 0.659375 0.03125 0.03125
0 0.632031 0.779688 0.0296875 0.034375
0 0.703906 0.365625 0.0265625 0.03125
0 0.053125 0.307813 0.0375 0.0375
0 0.457812 0.78125 0.0375 0.059375
0 0.009375 0.667969 0.01875 0.0484375
0 0.722656 0.0625 0.0265625 0.03125
0 0.353125 0.692187 0.03125 0.0375
0 0.592188 0.744531 0.034375 0.0484375
0 0.0132813 0.3875 0.0265625 0.04375
0 0.904688 0.542188 0.03125 0.0375
0 0.589063 0.538281 0.028125 0.0390625
0 0.804688 0.453906 0.025 0.0421875
0 0.825781 0.483594 0.0296875 0.0359375
0 0.423438 0.152344 0.03125 0.0296875
0 0.235938 0.93125 0.03125 0.04375
0 0.378906 0.499219 0.0328125 0.0421875
0 0.791406 0.765625 0.0265625 0.034375
0 0.301562 0.53125 0.0375 0.040625
0 0.705469 0.210938 0.0359375 0.040625
0 0.484375 0.326562 0.040625 0.040625
0 0.785937 0.217187 0.028125 0.040625
0 0.583594 0.215625 0.0265625 0.034375
0 0.198437 0.435937 0.040625 0.034375
0 0.6625 0.380469 0.03125 0.0359375
0 0.182031 0.196875 0.0265625 0.034375
0 0.938281 0.114063 0.0453125 0.04375
0 0.378906 0.210938 0.0296875 0.034375
0 0.046875 0.388281 0.0375 0.0515625
0 0.310937 0.734375 0.0375 0.046875
0 0.0109375 0.508594 0.021875 0.0421875
0 0.0671875 0.817187 0.025 0.0375
0 0.532031 0.652344 0.0234375 0.0421875
0 0.6375 0.380469 0.028125 0.0390625
0 0.907812 0.13125 0.025 0.034375
0 0.557813 0.0585938 0.025 0.0421875
0 0.772656 0.711719 0.0296875 0.0328125
0 0.8625 0.360938 0.03125 0.0375
0 0.119531 0.717188 0.0484375 0.046875
0 0.0796875 0.420312 0.03125 0.040625
0 0.796875 0.360938 0.028125 0.053125
0 0.653906 0.271875 0.0328125 0.034375
0 0.367188 0.874219 0.025 0.0390625
0 0.660937 0.482812 0.034375 0.046875
0 0.0875 0.761719 0.04375 0.0421875
0 0.535937 0.434375 0.028125 0.03125
0 0.709375 0.614062 0.034375 0.04375
0 0.914062 0.3375 0.03125 0.04375
0 0.484375 0.66875 0.025 0.0375
0 0.261719 0.535156 0.0328125 0.0484375
0 0.978906 0.205469 0.0296875 0.0328125
0 0.0539063 0.771875 0.0421875 0.05625
0 0.0867188 0.167187 0.0328125 0.053125
0 0.846094 0.621094 0.0234375 0.0390625
0 0.567969 0.286719 0.0484375 0.0421875
0 0.327344 0.203906 0.0328125 0.0359375
0 0.459375 0.646875 0.028125 0.034375
0 0.207813 0.361719 0.03125 0.0609375
0 0.332031 0.671094 0.0359375 0.0421875
0 0.274219 0.629687 0.0296875 0.034375
0 0.307031 0.569531 0.0234375 0.0359375
0 0.982813 0.53125 0.03125 0.04375
0 0.666406 0.792969 0.0296875 0.0390625
0 0.876562 0.44375 0.028125 0.0375
0 0.44375 0.391406 0.028125 0.0359375
0 0.344531 0.554688 0.0359375 0.04375
0 0.633594 0.5875 0.0328125 0.046875
0 0.0140625 0.720312 0.028125 0.046875
0 0.432813 0.314063 0.03125 0.05
0 0.386719 0.346875 0.0296875 0.040625
0 0.496094 0.417188 0.0359375 0.040625
0 0.896875 0.651563 0.0375 0.040625
0 0.3875 0.65 0.03125 0.04375
0 0.0367187 0.654688 0.0296875 0.046875
0 0.217969 0.585156 0.0359375 0.0359375
0 0.964844 0.233594 0.0359375 0.0390625
0 0.430469 0.644531 0.0328125 0.0484375
0 0.55 0.808594 0.0375 0.0453125
0 0.570312 0.677344 0.028125 0.0359375
0 0.625781 0.31875 0.0359375 0.05
0 0.784375 0.0984375 0.053125 0.053125
0 0.559375 0.15 0.03125 0.0375
0 0.165625 0.399219 0.046875 0.0578125
0 0.328125 0.116406 0.0375 0.0421875
0 0.635156 0.121875 0.0328125 0.0375
0 0.214062 0.178906 0.0375 0.0421875
0 0.935156 0.0476562 0.0328125 0.0390625
0 0.350781 0.609375 0.0359375 0.0375
0 0.479688 0.299219 0.040625 0.0453125
0 0.155469 0.782031 0.0296875 0.0421875
0 0.171094 0.607031 0.0390625 0.0453125
0 0.15625 0.0664062 0.04375 0.0453125
0 0.107813 0.402344 0.034375 0.0421875
0 0.342969 0.426562 0.0328125 0.034375
0 0.122656 0.371875 0.0328125 0.034375
0 0.574219 0.435937 0.0328125 0.04375
0 0.0976562 0.467187 0.0421875 0.05
0 0.689062 0.396094 0.034375 0.0359375
0 0.610937 0.678906 0.0375 0.0390625
0 0.598437 0.500781 0.0375 0.0390625
0 0.735937 0.353125 0.028125 0.040625
0 0.341406 0.0648438 0.0265625 0.0359375
0 0.508594 0.232031 0.0296875 0.0390625
0 0.834375 0.446094 0.028125 0.0390625
0 0.878906 0.326562 0.0359375 0.053125
0 0.509375 0.798437 0.03125 0.034375
0 0.0640625 0.714063 0.034375 0.040625
0 0.471094 0.119531 0.0421875 0.0421875
0 0.75 0.632812 0.03125 0.034375
0 0.421094 0.927344 0.0359375 0.0453125
0 0.0304688 0.44375 0.0359375 0.046875
0 0.354688 0.645312 0.03125 0.034375
0 0.4375 0.553906 0.03125 0.0359375
0 0.800781 0.417188 0.0296875 0.034375
0 0.025 0.342187 0.04375 0.040625
0 0.296875 0.419531 0.034375 0.0453125
0 0.503125 0.0648438 0.034375 0.0328125
0 0.5625 0.508594 0.03125 0.0328125
0 0.121875 0.547656 0.034375 0.0421875
0 0.835938 0.408594 0.028125 0.0421875
0 0.350781 0.821875 0.0296875 0.040625
0 0.264844 0.710156 0.0515625 0.0515625
0 0.796875 0.167187 0.040625 0.05
0 0.814062 0.584375 0.028125 0.0375
0 0.171094 0.110156 0.0296875 0.0328125
0 0.375 0.291406 0.03125 0.0359375
0 0.726562 0.73125 0.028125 0.034375
0 0.422656 0.205469 0.0390625 0.0328125
0 0.408594 0.446875 0.0328125 0.04375
0 0.122656 0.2 0.0359375 0.065625
0 0.664844 0.240625 0.0328125 0.040625
0 0.410156 0.290625 0.0265625 0.034375
0 0.335156 0.860937 0.0328125 0.04375
0 0.132812 0.284375 0.03125 0.034375
0 0.951563 0.611719 0.0375 0.0390625
0 0.932031 0.382812 0.0359375 0.046875
0 0.232812 0.459375 0.040625 0.05
0 0.850781 0.0710938 0.0390625 0.0453125
0 0.550781 0.222656 0.0328125 0.0546875
0 0.421875 0.754687 0.034375 0.04375
0 0.485156 0.753125 0.0328125 0.04375
0 0.846875 0.142969 0.03125 0.0453125
0 0.854688 0.478906 0.028125 0.0390625
0 0.1875 0.511719 0.046875 0.0609375
0 0.964063 0.1625 0.05625 0.053125
0 0.260938 0.405469 0.03125 0.0328125
0 0.795313 0.303125 0.0375 0.046875
0 0.0710938 0.657031 0.0421875 0.0578125
0 0.532031 0.307813 0.0265625 0.034375
0 0.765625 0.339844 0.034375 0.0453125
0 0.944531 0.55625 0.0421875 0.05625
0 0.253906 0.359375 0.0296875 0.034375
0 0.867188 0.407031 0.028125 0.0359375
0 0.164062 0.159375 0.0375 0.0625
0 0.0875 0.265625 0.06875 0.08125
0 0.386719 0.730469 0.0359375 0.0421875
0 0.477344 0.484375 0.0328125 0.034375
0 0.825781 0.369531 0.0328125 0.0390625
0 0.259375 0.883594 0.034375 0.0390625
0 0.0375 0.694531 0.034375 0.0453125
0 0.578906 0.251563 0.0390625 0.040625
0 0.0289063 0.821094 0.0359375 0.0421875
0 0.421094 0.365625 0.0328125 0.05
0 0.454688 0.250781 0.059375 0.0671875
0 0.0453125 0.595312 0.0375 0.046875
0 0.559375 0.341406 0.034375 0.0546875
0 0.763281 0.469531 0.0484375 0.0859375
0 0.389844 0.250781 0.0328125 0.0390625
0 0.847656 0.3125 0.0328125 0.046875
0 0.245312 0.23125 0.05 0.065625
0 0.234375 0.296094 0.025 0.0359375
0 0.315625 0.629687 0.03125 0.034375
0 0.158594 0.221875 0.0296875 0.0375
0 0.3875 0.604688 0.028125 0.04375
0 0.234375 0.392188 0.03125 0.046875
0 0.175 0.66875 0.03125 0.03125
0 0.285156 0.771094 0.0515625 0.0453125
0 0.928125 0.233594 0.034375 0.0421875
0 0.2875 0.842188 0.05 0.059375
0 0.442187 0.453125 0.034375 0.040625
0 0.614062 0.0914062 0.0375 0.0484375
0 0.939844 0.464063 0.0328125 0.04375
0 0.903125 0.467969 0.03125 0.0390625
0 0.503125 0.545313 0.05625 0.05625
0 0.326562 0.158594 0.0375 0.0484375
0 0.663281 0.532031 0.0421875 0.0515625
0 0.825781 0.21875 0.0515625 0.05625
0 0.547656 0.467187 0.0328125 0.040625
0 0.621875 0.165625 0.04375 0.053125
0 0.513281 0.269531 0.0421875 0.0421875
0 0.735156 0.164062 0.0453125 0.065625
0 0.519531 0.344531 0.0359375 0.0515625
0 0.524219 0.496094 0.0359375 0.0484375
0 0.272656 0.176563 0.0546875 0.0625
0 0.702344 0.653906 0.0328125 0.0453125
0 0.504687 0.457031 0.034375 0.0421875
0 0.671875 0.717188 0.028125 0.04375
0 0.533594 0.707031 0.0390625 0.0359375
0 0.671094 0.605469 0.0328125 0.0515625
0 0.636719 0.715625 0.0359375 0.040625
0 0.247656 0.621875 0.0265625 0.040625
0 0.394531 0.828906 0.0515625 0.0546875
0 0.398438 0.535937 0.046875 0.053125
0 0.332031 0.280469 0.0359375 0.0421875
0 0.178125 0.741406 0.040625 0.0484375
0 0.688281 0.153906 0.0390625 0.0515625
0 0.0820312 0.564062 0.0390625 0.053125
0 0.907812 0.428125 0.03125 0.04375
0 0.783594 0.584375 0.0296875 0.04375
0 0.378906 0.150781 0.0421875 0.0484375
0 0.214062 0.644531 0.0375 0.0546875
0 0.675781 0.30625 0.0359375 0.046875
0 0.591406 0.38125 0.0390625 0.046875
0 0.164844 0.482812 0.0390625 0.05
0 0.182812 0.251563 0.0375 0.0375
0 0.430469 0.496094 0.0421875 0.0546875
0 0.471875 0.367969 0.0375 0.0546875
0 0.209375 0.06875 0.053125 0.05625
0 0.733594 0.416406 0.0359375 0.0484375
0 0.34375 0.239844 0.04375 0.0484375
0 0.364844 0.453125 0.0328125 0.040625
0 0.615625 0.270312 0.034375 0.040625
0 0.628125 0.460938 0.0375 0.053125
0 0.409375 0.113281 0.046875 0.0609375
0 0.646875 0.642969 0.034375 0.0484375
0 0.734375 0.280469 0.06875 0.0921875
0 0.604688 0.425 0.034375 0.05
0 0.883594 0.565625 0.0328125 0.05
0 0.741406 0.541406 0.0359375 0.0421875
0 0.33125 0.479688 0.046875 0.059375
0 0.550781 0.395312 0.0390625 0.04375
0 0.841406 0.555469 0.0546875 0.0640625
0 0.672656 0.197656 0.0328125 0.0453125
0 0.671875 0.43125 0.03125 0.04375
0 0.530469 0.096875 0.0359375 0.046875
0 0.703906 0.102344 0.0390625 0.0515625
0 0.898438 0.282813 0.034375 0.05
