0 0.282031 0.523438 0.0390625 0.03125
0 0.691406 0.864844 0.0359375 0.0421875
0 0.08125 0.739062 0.028125 0.0375
0 0.4125 0.275781 0.040625 0.0328125
0 0.028125 0.0921875 0.025 0.025
0 0.683594 0.132812 0.0265625 0.03125
0 0.791406 0.221875 0.0296875 0.03125
0 0.792188 0.164844 0.03125 0.0390625
0 0.972656 0.773438 0.0359375 0.053125
0 0.559375 0.464844 0.025 0.0390625
0 0.257812 0.583594 0.03125 0.0390625
0 0.0101562 0.395312 0.0203125 0.0375
0 0.978125 0.638281 0.0375 0.0921875
0 0.139844 0.501562 0.0421875 0.040625
0 0.378906 0.564844 0.0328125 0.0453125
0 0.442969 0.503125 0.0203125 0.034375
0 0.258594 0.74375 0.0359375 0.03125
0 0.977344 0.167969 0.0453125 0.0546875
0 0.107813 0.400781 0.028125 0.0296875
0 0.0109375 0.638281 0.021875 0.0421875
0 0.367969 0.801562 0.0296875 0.0375
0 0.233594 0.719531 0.0296875 0.0265625
0 0.778125 0.882031 0.034375 0.0390625
0 0.446094 0.382812 0.0234375 0.0375
0 0.428125 0.403125 0.025 0.03125
0 0.353906 0.299219 0.0234375 0.0328125
0 0.721875 0.891406 0.034375 0.0640625
0 0.850781 0.539062 0.0328125 0.05
0 0.382812 0.524219 0.028125 0.0640625
0 0.964063 0.445312 0.0375 0.0625
0 0.217187 0.492188 0.03125 0.028125
0 0.133594 0.0132813 0.0421875 0.0265625
0 0.208594 0.30625 0.0265625 0.034375
0 0.425781 0.248437 0.0359375 0.040625
0 0.242188 0.560156 0.034375 0.0328125
0 0.334375 0.479688 0.025 0.03125
0 0.901563 0.0507812 0.046875 0.0421875
0 0.273438 0.447656 0.034375 0.0421875
0 0.673437 0.758594 0.028125 0.0453125
0 0.0117188 0.485156 0.0234375 0.0328125
0 0.0164062 0.366406 0.0265625 0.0328125
0 0.285156 0.489844 0.0234375 0.0328125
0 0.472656 0.570312 0.0328125 0.034375
0 0.623438 0.299219 0.034375 0.0421875
0 0.328125 0.875781 0.0375 0.0421875
0 0.0125 0.276563 0.025 0.046875
0 0.0140625 0.153906 0.028125 0.0296875
0 0.246094 0.833594 0.0328125 0.0359375
0 0.578125 0.60625 0.028125 0.0375
0 0.590625 0.7125 0.028125 0.053125
0 0.9125 0.110156 0.028125 0.0453125
0 0.0445312 0.533594 0.0359375 0.0390625
0 0.517187 0.495313 0.025 0.0375
0 0.478906 0.264844 0.0390625 0.0390625
0 0.982813 0.0179687 0.03125 0.0359375
0 0.130469 0.796875 0.0328125 0.04375
0 0.191406 0.714063 0.0546875 0.04375
0 0.2375 0.454688 0.03125 0.053125
0 0.107813 0.257812 0.040625 0.028125
0 0.692969 0.351562 0.0296875 0.04375
0 0.0460938 0.296875 0.0296875 0.034375
0 0.508594 0.071875 0.0234375 0.028125
0 0.00859375 0.446875 0.0171875 0.034375
0 0.482812 0.152344 0.025 0.0453125
0 0.616406 0.175 0.0390625 0.046875
0 0.126563 0.566406 0.034375 0.0328125
0 0.828906 0.354688 0.0328125 0.046875
0 0.446875 0.696094 0.034375 0.0359375
0 0.0585938 0.25625 0.0328125 0.0375
0 0.29375 0.624219 0.034375 0.0421875
0 0.782031 0.601562 0.0421875 0.046875
0 0.729688 0.501562 0.025 0.034375
0 0.576563 0.254687 0.034375 0.040625
0 0.078125 0.576563 0.028125 0.04375
0 0.800781 0.253125 0.0390625 0.0375
0 0.591406 0.654688 0.0328125 0.04375
0 0.357812 0.45 0.03125 0.05
0 0.913281 0.291406 0.0296875 0.0328125
0 0.160156 0.880469 0.0359375 0.0546875
0 0.059375 0.729688 0.028125 0.04375
0 0.0328125 0.333594 0.028125 0.0390625
0 0.0210938 0.196875 0.0421875 0.0625
0 0.515625 0.617969 0.028125 0.0484375
0 0.367188 0.365625 0.03125 0.034375
0 0.700781 0.800781 0.0359375 0.0421875
0 0.114063 0.310156 0.040625 0.0671875
0 0.316406 0.115625 0.0234375 0.0375
0 0.686719 0.315625 0.0265625 0.040625
0 0.7375 0.719531 0.03125 0.0609375
0 0.696875 0.732031 0.025 0.0359375
0 0.449219 0.311719 0.0328125 0.0453125
0 0.411719 0.445312 0.0546875 0.05625
0 0.648438 0.621875 0.04375 0.059375
0 0.582031 0.490625 0.0265625 0.05
0 0.478125 0.0640625 0.028125 0.03125
0 0.689062 0.471094 0.028125 0.0390625
0 0.567969 0.650781 0.0265625 0.0421875
0 0.141406 0.108594 0.0296875 0.0390625
0 0.196094 0.24375 0.0328125 0.04375
0 0.0914062 0.775 0.0421875 0.04375
0 0.3375 0.327344 0.03125 0.0421875
0 0.227344 0.0953125 0.0609375 0.04375
0 0.66875 0.805469 0.028125 0.0359375
0 0.419531 0.782031 0.0296875 0.0359375
0 0.0554687 0.682813 0.0265625 0.034375
0 0.925781 0.353906 0.0359375 0.0578125
0 0.646094 0.74375 0.0265625 0.0375
0 0.549219 0.209375 0.0265625 0.025
0 0.0664062 0.889063 0.0359375 0.053125
0 0.792969 0.95 0.0265625 0.05
0 0.725781 0.55 0.0390625 0.05
0 0.179688 0.533594 0.028125 0.0390625
0 0.0710938 0.644531 0.0359375 0.0453125
0 0.535156 0.0914062 0.0328125 0.0453125
0 0.179688 0.790625 0.034375 0.034375
0 0.0539063 0.138281 0.0546875 0.0671875
0 0.0234375 0.596094 0.034375 0.0515625
0 0.163281 0.253906 0.0359375 0.0328125
0 0.560156 0.513281 0.0265625 0.0359375
0 0.670313 0.889063 0.034375 0.05625
0 0.0414063 0.446094 0.0296875 0.0390625
0 0.0976562 0.203906 0.0546875 0.0609375
0 0.585938 0.298438 0.0375 0.053125
0 0.425 0.746094 0.0375 0.0453125
0 0.147656 0.826563 0.0328125 0.046875
0 0.896875 0.503125 0.040625 0.040625
0 0.907812 0.182031 0.03125 0.0328125
0 0.883594 0.15 0.0359375 0.0625
0 0.510938 0.260156 0.028125 0.0359375
0 0.498437 0.532812 0.0375 0.0375
0 0.823438 0.811719 0.053125 0.0640625
0 0.709375 0.273438 0.0375 0.053125
0 0.288281 0.576563 0.0359375 0.04375
0 0.310937 0.55625 0.028125 0.034375
0 0.0953125 0.465625 0.053125 0.06875
0 0.372656 0.617969 0.0359375 0.0421875
0 0.234375 0.676562 0.0375 0.04375
0 0.258594 0.19375 0.0390625 0.04375
0 0.615625 0.48125 0.028125 0.040625
0 0.499219 0.222656 0.0421875 0.0421875
0 0.448438 0.8125 0.034375 0.04375
0 0.339063 0.523438 0.03125 0.04375
0 0.189844 0.503906 0.0296875 0.0328125
0 0.414062 0.313281 0.03125 0.0390625
0 0.832031 0.941406 0.0421875 0.0609375
0 0.653125 0.216406 0.0375 0.0359375
0 0.954687 0.0703125 0.046875 0.0375
0 0.320312 0.442969 0.034375 0.0515625
0 0.0734375 0.325781 0.04375 0.0515625
0 0.369531 0.742969 0.0328125 0.0484375
0 0.894531 0.39375 0.0359375 0.04375
0 0.259375 0.49375 0.028125 0.03125
0 0.235156 0.154687 0.0296875 0.05
0 0.239844 0.522656 0.0359375 0.0390625
0 0.09375 0.535937 0.0375 0.034375
0 0.490625 0.69375 0.040625 0.04375
0 0.434375 0.2 0.034375 0.046875
0 0.869531 0.680469 0.0390625 0.0703125
0 0.940625 0.795313 0.034375 0.053125
0 0.328906 0.0820312 0.0234375 0.0453125
0 0.0273438 0.69375 0.0359375 0.053125
0 0.271875 0.677344 0.03125 0.0421875
0 0.857813 0.210938 0.034375 0.034375
0 0.75625 0.278906 0.03125 0.0390625
0 0.03125 0.755469 0.034375 0.0421875
0 0.410156 0.836719 0.0296875 0.0578125
0 0.546094 0.259375 0.0265625 0.034375
0 0.204688 0.4625 0.034375 0.04375
0 0.840625 0.410937 0.03125 0.046875
0 0.69375 0.569531 0.034375 0.0484375
0 0.05625 0.492969 0.028125 0.0390625
0 0.771875 0.727344 0.0375 0.0515625
0 0.340625 0.563281 0.028125 0.0390625
0 0.285156 0.124219 0.0359375 0.0578125
0 0.725781 0.133594 0.0359375 0.0421875
0 0.577344 0.557031 0.0390625 0.0515625
0 0.489844 0.492188 0.0390625 0.040625
0 0.615625 0.521875 0.034375 0.04375
0 0.585938 0.134375 0.028125 0.03125
0 0.3375 0.667969 0.0375 0.0515625
0 0.741406 0.845312 0.0359375 0.05
0 0.639844 0.817187 0.0296875 0.0375
0 0.9125 0.435937 0.0375 0.059375
0 0.214844 0.599219 0.0453125 0.0546875
0 0.667188 0.689844 0.04375 0.0546875
0 0.169531 0.289844 0.0390625 0.0390625
0 0.650781 0.534375 0.0359375 0.05
0 0.520312 0.396875 0.028125 0.0375
0 0.953906 0.229687 0.0390625 0.05625
0 0.614062 0.570312 0.034375 0.046875
0 0.310156 0.73125 0.0578125 0.0625
0 0.982031 0.517969 0.0328125 0.0703125
0 0.45 0.158594 0.03125 0.0328125
0 0.869531 0.590625 0.0359375 0.046875
0 0.363281 0.124219 0.0328125 0.0484375
0 0.789844 0.842969 0.0359375 0.0484375
0 0.469531 0.192969 0.0234375 0.0359375
0 0.605469 0.816406 0.0359375 0.0578125
0 0.723437 0.417969 0.046875 0.0609375
0 0.510938 0.185156 0.03125 0.0296875
0 0.564844 0.703906 0.0328125 0.0609375
0 0.389062 0.775 0.034375 0.04375
0 0.958594 0.289062 0.0390625 0.046875
0 0.444531 0.546875 0.0296875 0.040625
0 0.534375 0.445312 0.034375 0.05625
0 0.832812 0.117969 0.04375 0.0484375
0 0.789062 0.558594 0.03125 0.0359375
0 0.664062 0.404687 0.046875 0.046875
0 0.821094 0.546875 0.0328125 0.05
0 0.221094 0.270312 0.0359375 0.040625
0 0.2125 0.757031 0.040625 0.0546875
0 0.376563 0.68125 0.0375 0.053125
0 0.624219 0.105469 0.0421875 0.0546875
0 0.86875 0.761719 0.05625 0.0640625
0 0.43125 0.0804688 0.05 0.0578125
0 0.648438 0.357812 0.053125 0.05625
0 0.819531 0.716406 0.0453125 0.0640625
0 0.414062 0.367969 0.0375 0.0421875
0 0.1625 0.414062 0.0875 0.09375
0 0.307813 0.491406 0.028125 0.0390625
0 0.700781 0.2125 0.0390625 0.05
0 0.528906 0.55625 0.0421875 0.053125
0 0.613281 0.751562 0.0359375 0.04375
0 0.534375 0.727344 0.03125 0.0484375
0 0.08125 0.83125 0.040625 0.05625
0 0.325 0.283594 0.04375 0.0453125
0 0.824219 0.18125 0.0359375 0.053125
0 0.607813 0.409375 0.0375 0.06875
0 0.75625 0.928125 0.04375 0.046875
0 0.414844 0.578125 0.0359375 0.040625
0 0.420312 0.146094 0.0375 0.0484375
0 0.20625 0.821875 0.040625 0.05625
0 0.386719 0.0710938 0.0421875 0.0484375
0 0.657812 0.259375 0.03125 0.04375
0 0.689062 0.642187 0.028125 0.040625
0 0.160156 0.583594 0.0421875 0.0578125
0 0.478125 0.380469 0.040625 0.0609375
0 0.586719 0.194531 0.0390625 0.0390625
0 0.0851562 0.695312 0.0328125 0.046875
0 0.761719 0.495313 0.0328125 0.046875
0 0.190625 0.65625 0.0375 0.059375
0 0.204688 0.558594 0.03125 0.0421875
0 0.876562 0.346875 0.0375 0.05
0 0.819531 0.296094 0.0515625 0.0546875
0 0.4375 0.632031 0.06875 0.0796875
0 0.0585938 0.394531 0.0578125 0.0703125
0 0.567969 0.407813 0.0328125 0.05
0 0.4625 0.230469 0.034375 0.0359375
0 0.657812 0.304688 0.03125 0.046875
0 0.530469 0.671875 0.0390625 0.05625
0 0.150781 0.669531 0.0359375 0.0515625
0 0.784375 0.330469 0.046875 0.0578125
0 0.120312 0.647656 0.0375 0.0484375
0 0.259375 0.778906 0.053125 0.0578125
0 0.621875 0.258594 0.034375 0.0453125
0 0.339844 0.396094 0.0453125 0.0515625
0 0.646094 0.471094 0.0359375 0.0578125
0 0.822656 0.654688 0.0359375 0.05625
0 0.499219 0.308594 0.0390625 0.0578125
0 0.54375 0.171875 0.0375 0.053125
0 0.88125 0.29375 0.034375 0.046875
0 0.339063 0.215625 0.10625 0.096875
0 0.195312 0.15625 0.046875 0.05625
0 0.754687 0.790625 0.05625 0.0625
0 0.575 0.783594 0.05 0.0609375
0 0.482031 0.783594 0.0453125 0.0609375
0 0.28125 0.261719 0.053125 0.0640625
0 0.178125 0.204688 0.04375 0.05
0 0.254687 0.633594 0.040625 0.0515625
0 0.328906 0.60625 0.0421875 0.053125
0 0.830469 0.467187 0.0609375 0.0625
0 0.834375 0.0710938 0.034375 0.0453125
0 0.290625 0.0710938 0.0375 0.0484375
0 0.265625 0.357812 0.115625 0.11875
