0 0.305469 0.517969 0.0328125 0.0390625
0 0.29375 0.428125 0.046875 0.05
0 0.815625 0.727344 0.021875 0.0359375
0 0.0796875 0.682031 0.028125 0.0359375
0 0.466406 0.454688 0.0265625 0.034375
0 0.0617188 0.367969 0.0296875 0.0265625
0 0.227344 0.353906 0.0234375 0.0328125
0 0.282031 0.25 0.0421875 0.059375
0 0.639063 0.214062 0.025 0.040625
0 0.185937 0.764063 0.03125 0.040625
0 0.709375 0.149219 0.040625 0.0578125
0 0.825781 0.104687 0.0296875 0.059375
0 0.280469 0.715625 0.0296875 0.040625
0 0.0101562 0.701563 0.0203125 0.0375
0 0.660156 0.592969 0.0265625 0.0390625
0 0.257812 0.435937 0.034375 0.040625
0 0.55625 0.578125 0.04375 0.040625
0 0.76875 0.470313 0.028125 0.046875
0 0.5875 0.0765625 0.03125 0.05
0 0.608594 0.380469 0.0265625 0.0359375
0 0.0664062 0.841406 0.0265625 0.0359375
0 0.444531 0.746875 0.0359375 0.046875
0 0.547656 0.621875 0.0421875 0.0375
0 0.411719 0.585938 0.0265625 0.05
0 0.807813 0.438281 0.028125 0.0421875
0 0.74375 0.455469 0.03125 0.0359375
0 0.15625 0.444531 0.04375 0.0328125
0 0.601562 0.824219 0.034375 0.0515625
0 0.0492188 0.19375 0.0390625 0.046875
0 0.0640625 0.726562 0.046875 0.053125
0 0.124219 0.563281 0.0296875 0.0515625
0 0.652344 0.314063 0.0421875 0.053125
0 0.930469 0.121875 0.0296875 0.034375
0 0.230469 0.441406 0.0234375 0.0328125
0 0.294531 0.364844 0.0296875 0.0390625
0 0.679688 0.622656 0.0375 0.0515625
0 0.698438 0.441406 0.034375 0.0484375
0 0.15625 0.764844 0.03125 0.0359375
0 0.755469 0.427344 0.0234375 0.0328125
0 0.694531 0.554688 0.0328125 0.04375
0 0.0398437 0.744531 0.0234375 0.0484375
0 0.692187 0.361719 0.03125 0.0578125
0 0.025 0.80625 0.03125 0.03125
0 0.0703125 0.804688 0.028125 0.04375
0 0.83125 0.453906 0.025 0.0390625
0 0.792188 0.0546875 0.0375 0.034375
0 0.578906 0.296094 0.0421875 0.0453125
0 0.0492188 0.125781 0.0390625 0.0453125
0 0.632031 0.078125 0.0421875 0.08125
0 0.782812 0.430469 0.028125 0.0359375
0 0.3125 0.0304688 0.059375 0.0609375
0 0.170312 0.257812 0.025 0.03125
0 0.1 0.322656 0.028125 0.0359375
0 0.3125 0.791406 0.03125 0.0421875
0 0.425 0.401563 0.0375 0.046875
0 0.526563 0.691406 0.034375 0.0484375
0 0.271094 0.522656 0.0296875 0.0328125
0 0.359375 0.669531 0.03125 0.0359375
0 0.384375 0.691406 0.03125 0.0453125
0 0.201562 0.604688 0.0375 0.04375
0 0.475 0.775781 0.0375 0.0515625
0 0.571094 0.800781 0.0265625 0.0421875
0 0.903906 0.503125 0.0328125 0.0375
0 0.252344 0.7125 0.0328125 0.03125
0 0.274219 0.6625 0.0296875 0.0375
0 0.290625 0.075 0.034375 0.0375
0 0.739844 0.489844 0.0328125 0.0390625
0 0.564062 0.848437 0.028125 0.040625
0 0.0125 0.126563 0.025 0.028125
0 0.116406 0.632031 0.0265625 0.0359375
0 0.747656 0.628906 0.0359375 0.0421875
0 0.139062 0.475 0.03125 0.04375
0 0.452344 0.675781 0.0359375 0.0453125
0 0.107031 0.466406 0.0328125 0.0546875
0 0.926562 0.178125 0.0375 0.040625
0 0.217969 0.117969 0.0515625 0.0453125
0 0.0726563 0.0585938 0.0296875 0.0265625
0 0.015625 0.451562 0.03125 0.040625
0 0.44375 0.815625 0.05 0.053125
0 0.320312 0.56875 0.028125 0.0375
0 0.63125 0.404687 0.028125 0.034375
0 0.7 0.498437 0.034375 0.05
0 0.05 0.254687 0.053125 0.04375
0 0.534375 0.383594 0.028125 0.0671875
0 0.282813 0.151562 0.0375 0.046875
0 0.592969 0.128125 0.0328125 0.034375
0 0.442187 0.0632813 0.03125 0.0609375
0 0.396094 0.857031 0.0296875 0.0453125
0 0.107031 0.83125 0.0421875 0.046875
0 0.585156 0.405469 0.0328125 0.0453125
0 0.25625 0.274219 0.0375 0.0546875
0 0.240625 0.578125 0.03125 0.03125
0 0.864844 0.0585938 0.0328125 0.0359375
0 0.395312 0.203906 0.03125 0.0453125
0 0.671094 0.779688 0.0265625 0.034375
0 0.417188 0.139844 0.05625 0.0609375
0 0.697656 0.2375 0.0359375 0.059375
0 0.630469 0.271094 0.0390625 0.0546875
0 0.192969 0.078125 0.0421875 0.04375
0 0.767969 0.200781 0.0328125 0.0484375
0 0.292969 0.489062 0.0328125 0.03125
0 0.109375 0.691406 0.03125 0.0515625
0 0.230469 0.299219 0.0359375 0.0484375
0 0.748438 0.383594 0.034375 0.0453125
0 0.507812 0.815625 0.025 0.034375
0 0.355469 0.15 0.0421875 0.0375
0 0.526563 0.163281 0.034375 0.0484375
0 0.247656 0.361719 0.0296875 0.0328125
0 0.557813 0.221094 0.03125 0.0359375
0 0.864844 0.399219 0.0328125 0.0328125
0 0.0710938 0.332031 0.0296875 0.0453125
0 0.760156 0.101562 0.0265625 0.0625
0 0.0914062 0.911719 0.0265625 0.0484375
0 0.767187 0.667188 0.0375 0.040625
0 0.832812 0.635938 0.034375 0.05625
0 0.319531 0.173438 0.0296875 0.040625
0 0.796094 0.521875 0.0328125 0.0375
0 0.0382813 0.071875 0.0328125 0.028125
0 0.102344 0.227344 0.0296875 0.0390625
0 0.923437 0.251563 0.04375 0.0625
0 0.207813 0.389062 0.03125 0.0375
0 0.0820312 0.559375 0.0328125 0.046875
0 0.634375 0.180469 0.03125 0.0453125
0 0.332812 0.6625 0.03125 0.040625
0 0.498437 0.384375 0.03125 0.040625
0 0.592188 0.684375 0.03125 0.040625
0 0.900781 0.307813 0.0546875 0.06875
0 0.760938 0.541406 0.034375 0.0828125
0 0.298438 0.74375 0.03125 0.04375
0 0.625781 0.586719 0.0390625 0.0640625
0 0.0445312 0.521875 0.0328125 0.034375
0 0.505469 0.210156 0.0328125 0.0359375
0 0.166406 0.523438 0.0328125 0.046875
0 0.532031 0.78125 0.0328125 0.05625
0 0.071875 0.640625 0.046875 0.053125
0 0.132031 0.101562 0.0359375 0.034375
0 0.409375 0.779688 0.034375 0.04375
0 0.301562 0.64375 0.034375 0.046875
0 0.0445312 0.305469 0.0359375 0.0453125
0 0.983594 0.0851562 0.0296875 0.0578125
0 0.63125 0.688281 0.040625 0.0484375
0 0.551562 0.121875 0.0375 0.046875
0 0.232031 0.799219 0.0421875 0.0359375
0 0.596094 0.183594 0.0390625 0.0515625
0 0.122656 0.892969 0.0390625 0.0578125
0 0.460938 0.197656 0.0375 0.0421875
0 0.908594 0.467187 0.0453125 0.0375
0 0.203906 0.335156 0.0359375 0.0453125
0 0.100781 0.282031 0.0359375 0.0453125
0 0.0148437 0.383594 0.0296875 0.0390625
0 0.370313 0.492969 0.028125 0.0359375
0 0.791406 0.721094 0.0359375 0.0453125
0 0.194531 0.724219 0.0484375 0.0515625
0 0.167969 0.59375 0.0390625 0.05625
0 0.127344 0.065625 0.0328125 0.034375
0 0.785156 0.390625 0.0328125 0.04375
0 0.0398437 0.567969 0.0390625 0.0515625
0 0.269531 0.59375 0.0328125 0.046875
0 0.859375 0.255469 0.040625 0.0421875
0 0.841406 0.0257812 0.0484375 0.0515625
0 0.735156 0.232031 0.0296875 0.0421875
0 0.199219 0.534375 0.0296875 0.05
0 0.721094 0.380469 0.0265625 0.0359375
0 0.728906 0.580469 0.0265625 0.0421875
0 0.139844 0.259375 0.0296875 0.034375
0 0.721094 0.336719 0.0296875 0.0421875
0 0.821094 0.408594 0.0328125 0.0359375
0 0.964844 0.15625 0.0484375 0.053125
0 0.196875 0.426562 0.0375 0.04375
0 0.565625 0.451562 0.034375 0.046875
0 0.24375 0.679688 0.0375 0.04375
0 0.432813 0.353125 0.034375 0.04375
0 0.370313 0.565625 0.053125 0.05625
0 0.573438 0.509375 0.05 0.059375
0 0.753125 0.329688 0.028125 0.034375
0 0.0171875 0.638281 0.034375 0.0609375
0 0.0125 0.270312 0.025 0.0375
0 0.198437 0.666406 0.040625 0.0515625
0 0.0265625 0.157031 0.0375 0.0328125
0 0.240625 0.60625 0.028125 0.034375
0 0.132812 0.304688 0.03125 0.04375
0 0.649219 0.488281 0.0421875 0.0734375
0 0.310937 0.305469 0.0375 0.0515625
0 0.141406 0.203906 0.0453125 0.0546875
0 0.176563 0.379687 0.03125 0.034375
0 0.104687 0.532031 0.03125 0.0390625
0 0.723437 0.421094 0.03125 0.0453125
0 0.221875 0.546094 0.03125 0.0453125
0 0.788281 0.263281 0.0671875 0.0703125
0 0.414844 0.642969 0.0484375 0.0515625
0 0.280469 0.190625 0.0328125 0.046875
0 0.664062 0.735937 0.053125 0.05625
0 0.0789063 0.4 0.0328125 0.04375
0 0.3125 0.696875 0.040625 0.05
0 0.535156 0.846094 0.0265625 0.0421875
0 0.169531 0.307813 0.0359375 0.053125
0 0.258594 0.75 0.0296875 0.046875
0 0.609375 0.444531 0.034375 0.0546875
0 0.358594 0.616406 0.0328125 0.0453125
0 0.335938 0.734375 0.040625 0.05625
0 0.242969 0.840625 0.0390625 0.053125
0 0.533594 0.440625 0.0265625 0.0375
0 0.533594 0.4875 0.0421875 0.053125
0 0.458594 0.489062 0.0359375 0.05
0 0.20625 0.475 0.0375 0.053125
0 0.394531 0.0914062 0.0390625 0.0359375
0 0.576563 0.367969 0.034375 0.0359375
0 0.721094 0.0976562 0.0390625 0.0453125
0 0.785156 0.334375 0.0328125 0.04375
0 0.496875 0.534375 0.040625 0.053125
0 0.247656 0.542188 0.0265625 0.040625
0 0.799219 0.609375 0.0390625 0.059375
0 0.797656 0.180469 0.0328125 0.0421875
0 0.653906 0.426562 0.0359375 0.04375
0 0.404687 0.307813 0.04375 0.05625
0 0.464063 0.367969 0.028125 0.0578125
0 0.378125 0.458594 0.034375 0.0390625
0 0.411719 0.497656 0.0390625 0.0515625
0 0.89375 0.138281 0.0375 0.0609375
0 0.142188 0.715625 0.046875 0.05625
0 0.330469 0.533594 0.0359375 0.0390625
0 0.290625 0.557031 0.03125 0.0390625
0 0.0351562 0.853125 0.0359375 0.05
0 0.861719 0.499219 0.0390625 0.0515625
0 0.604688 0.340625 0.0375 0.04375
0 0.671875 0.822656 0.034375 0.0546875
0 0.271094 0.333594 0.0359375 0.0453125
0 0.555469 0.7375 0.0359375 0.046875
0 0.0945313 0.183594 0.0359375 0.0421875
0 0.182031 0.182031 0.0390625 0.0515625
0 0.0171875 0.34375 0.034375 0.046875
0 0.729688 0.678906 0.0375 0.0546875
0 0.333594 0.0953125 0.0390625 0.040625
0 0.8875 0.21875 0.034375 0.0375
0 0.225781 0.757812 0.0390625 0.05625
0 0.463281 0.621094 0.0421875 0.0578125
0 0.865625 0.439844 0.0375 0.0453125
0 0.714844 0.757812 0.0453125 0.078125
0 0.666406 0.1625 0.0359375 0.0625
0 0.505469 0.301562 0.0515625 0.06875
0 0.163281 0.827344 0.0421875 0.0546875
0 0.473437 0.56875 0.04375 0.059375
0 0.364844 0.264844 0.0453125 0.0703125
0 0.124219 0.403125 0.0453125 0.05625
0 0.703125 0.29375 0.034375 0.046875
0 0.417969 0.451562 0.0328125 0.040625
0 0.848437 0.153906 0.046875 0.0484375
0 0.899219 0.03125 0.0328125 0.046875
0 0.246094 0.495313 0.0453125 0.05625
0 0.321875 0.248437 0.040625 0.05
0 0.753906 0.728125 0.0359375 0.046875
0 0.830469 0.314063 0.0578125 0.0625
0 0.514844 0.105469 0.0421875 0.0515625
0 0.626562 0.779688 0.04375 0.059375
