0 0.41875 0.799219 0.034375 0.0546875
0 0.873438 0.682031 0.034375 0.0484375
0 0.396875 0.165625 0.03125 0.03125
0 0.551562 0.664062 0.028125 0.04375
0 0.327344 0.782812 0.0296875 0.0375
0 0.250781 0.267188 0.0265625 0.034375
0 0.373437 0.428906 0.028125 0.0359375
0 0.721094 0.582031 0.0328125 0.0578125
0 0.482031 0.192188 0.0296875 0.03125
0 0.0078125 0.160156 0.015625 0.0390625
0 0.423438 0.420312 0.04375 0.046875
0 0.0125 0.625 0.025 0.05
0 0.75 0.714844 0.028125 0.0484375
0 0.49375 0.319531 0.03125 0.0515625
0 0.627344 0.150781 0.0265625 0.0390625
0 0.728125 0.4125 0.03125 0.0375
0 0.601562 0.157031 0.028125 0.0390625
0 0.655469 0.333594 0.0234375 0.0359375
0 0.7625 0.034375 0.04375 0.040625
0 0.408594 0.717188 0.0265625 0.040625
0 0.500781 0.66875 0.0328125 0.053125
0 0.253906 0.46875 0.0328125 0.040625
0 0.50625 0.539062 0.021875 0.046875
0 0.059375 0.689062 0.025 0.034375
0 0.0648438 0.0976562 0.0265625 0.0328125
0 0.294531 0.186719 0.0359375 0.0421875
0 0.350781 0.655469 0.0359375 0.0515625
0 0.0523437 0.61875 0.0265625 0.0375
0 0.220313 0.139062 0.03125 0.0625
0 0.371875 0.715625 0.0375 0.0625
0 0.396094 0.248437 0.0328125 0.03125
0 0.782031 0.653906 0.0234375 0.0421875
0 0.705469 0.805469 0.0296875 0.0453125
0 0.0820312 0.669531 0.0328125 0.0328125
0 0.908594 0.253906 0.0328125 0.0359375
0 0.754687 0.503125 0.025 0.04375
0 0.776563 0.425 0.03125 0.046875
0 0.533594 0.359375 0.0265625 0.03125
0 0.107031 0.667969 0.0328125 0.0421875
0 0.590625 0.574219 0.034375 0.0484375
0 0.489844 0.248437 0.0328125 0.053125
0 0.422656 0.084375 0.0328125 0.0375
0 0.742188 0.285937 0.03125 0.034375
0 0.321094 0.128125 0.0421875 0.05625
0 0.5625 0.274219 0.03125 0.0421875
0 0.323438 0.842969 0.040625 0.0546875
0 0.821875 0.43125 0.03125 0.046875
0 0.264844 0.753906 0.0328125 0.0421875
0 0.183594 0.152344 0.0296875 0.0390625
0 0.132031 0.657812 0.0265625 0.0375
0 0.0765625 0.198437 0.034375 0.053125
0 0.503125 0.410156 0.028125 0.0421875
0 0.1875 0.192188 0.03125 0.03125
0 0.275 0.232812 0.03125 0.040625
0 0.353125 0.7625 0.0375 0.078125
0 0.233594 0.785937 0.0359375 0.053125
0 0.291406 0.254687 0.0359375 0.040625
0 0.364844 0.159375 0.0265625 0.034375
0 0.875 0.523438 0.034375 0.046875
0 0.0398437 0.382812 0.0734375 0.171875
0 0.767969 0.278125 0.0265625 0.04375
0 0.436719 0.5375 0.0328125 0.04375
0 0.650781 0.724219 0.0515625 0.0765625
0 0.60625 0.23125 0.028125 0.040625
0 0.583594 0.247656 0.0296875 0.0421875
0 0.421875 0.141406 0.028125 0.0296875
0 0.235938 0.232031 0.028125 0.0484375
0 0.034375 0.696094 0.03125 0.0453125
0 0.565625 0.105469 0.053125 0.0484375
0 0.292969 0.782031 0.0296875 0.0421875
0 0.157813 0.0789063 0.034375 0.0578125
0 0.317969 0.321875 0.0359375 0.04375
0 0.421875 0.225 0.059375 0.059375
0 0.292188 0.451562 0.03125 0.046875
0 0.453125 0.354688 0.0375 0.05625
0 0.692187 0.404687 0.03125 0.05625
0 0.367188 0.476562 0.034375 0.053125
0 0.195312 0.303906 0.04375 0.0546875
0 0.925781 0.39375 0.0359375 0.071875
0 0.264062 0.13125 0.04375 0.053125
0 0.639063 0.441406 0.03125 0.0484375
0 0.792969 0.382031 0.0265625 0.0515625
0 0.79375 0.519531 0.034375 0.0484375
0 0.0421875 0.207031 0.028125 0.0515625
0 0.736719 0.326562 0.0484375 0.05
0 0.113281 0.0882813 0.0328125 0.0359375
0 0.0492188 0.15625 0.0390625 0.05
0 0.11875 0.489844 0.05 0.0546875
0 0.371875 0.210156 0.03125 0.0390625
0 0.935938 0.595312 0.028125 0.05
0 0.980469 0.238281 0.0390625 0.0453125
0 0.966406 0.621094 0.0328125 0.0515625
0 0.971875 0.342969 0.040625 0.0515625
0 0.50625 0.592188 0.034375 0.05
0 0.971094 0.534375 0.0328125 0.046875
0 0.382031 0.54375 0.0390625 0.053125
0 0.326562 0.428125 0.03125 0.059375
0 0.311719 0.371094 0.0359375 0.0421875
0 0.7375 0.817187 0.03125 0.053125
0 0.141406 0.188281 0.0328125 0.0453125
0 0.859375 0.43125 0.03125 0.040625
0 0.629687 0.321875 0.034375 0.05
0 0.667188 0.090625 0.034375 0.040625
0 0.907031 0.107813 0.0484375 0.046875
0 0.713281 0.759375 0.0421875 0.053125
0 0.255469 0.302344 0.0390625 0.0421875
0 0.832031 0.196094 0.0359375 0.0421875
0 0.203125 0.0664062 0.034375 0.0390625
0 0.669531 0.03125 0.0453125 0.053125
0 0.0132813 0.21875 0.0265625 0.034375
0 0.739844 0.246094 0.0296875 0.0390625
0 0.673437 0.675781 0.040625 0.0484375
0 0.841406 0.303125 0.0484375 0.071875
0 0.846875 0.5375 0.025 0.04375
0 0.167187 0.5 0.028125 0.04375
0 0.553906 0.325 0.0328125 0.05
0 0.280469 0.707031 0.0328125 0.0546875
0 0.832031 0.0984375 0.0765625 0.11875
0 0.034375 0.655469 0.034375 0.0453125
0 0.892969 0.0679687 0.0359375 0.0390625
0 0.046875 0.059375 0.053125 0.046875
0 0.54375 0.160156 0.03125 0.0453125
0 0.224219 0.732031 0.0421875 0.0546875
0 0.557813 0.725781 0.034375 0.0546875
0 0.207031 0.414062 0.0390625 0.053125
0 0.778125 0.828906 0.0375 0.0671875
0 0.711719 0.253125 0.0328125 0.046875
0 0.325 0.569531 0.0375 0.0609375
0 0.785937 0.584375 0.040625 0.059375
0 0.813281 0.638281 0.0421875 0.0609375
0 0.454688 0.582031 0.059375 0.0515625
0 0.963281 0.105469 0.0546875 0.0609375
0 0.0515625 0.269531 0.05 0.0546875
0 0.882031 0.367188 0.0453125 0.05625
0 0.33125 0.507812 0.046875 0.05625
0 0.107031 0.209375 0.0296875 0.040625
0 0.330469 0.265625 0.0390625 0.046875
0 0.367969 0.282031 0.0390625 0.0484375
0 0.140625 0.59375 0.040625 0.04375
0 0.29375 0.654688 0.034375 0.05
0 0.46875 0.525781 0.046875 0.0484375
0 0.0960938 0.567187 0.0484375 0.0625
0 0.563281 0.391406 0.0453125 0.0671875
0 0.883594 0.207813 0.0359375 0.046875
0 0.203125 0.492188 0.0375 0.046875
0 0.942187 0.263281 0.0375 0.0421875
0 0.10625 0.148438 0.059375 0.053125
0 0.192188 0.24375 0.03125 0.04375
0 0.528125 0.498437 0.040625 0.08125
0 0.502344 0.15625 0.0359375 0.040625
0 0.788281 0.18125 0.0359375 0.040625
0 0.638281 0.630469 0.0359375 0.0546875
0 0.220313 0.350781 0.04375 0.0515625
0 0.763281 0.467187 0.0328125 0.0375
0 0.324219 0.222656 0.0390625 0.0390625
0 0.25625 0.511719 0.040625 0.0515625
0 0.0640625 0.485938 0.046875 0.06875
0 0.0859375 0.619531 0.03125 0.0484375
0 0.695312 0.482812 0.034375 0.0625
0 0.154687 0.432813 0.04375 0.05625
0 0.246875 0.185156 0.03125 0.0453125
0 0.415625 0.473437 0.040625 0.059375
0 0.716406 0.705469 0.0328125 0.0484375
0 0.0210938 0.541406 0.0421875 0.0859375
0 0.635156 0.0835937 0.0328125 0.0546875
0 0.903125 0.164844 0.0375 0.0390625
0 0.513281 0.117188 0.0359375 0.0375
0 0.322656 0.704687 0.0359375 0.053125
0 0.692969 0.620313 0.0484375 0.0625
0 0.103906 0.3875 0.0765625 0.11875
0 0.719531 0.103125 0.0453125 0.05625
0 0.285156 0.534375 0.0359375 0.053125
0 0.258594 0.589844 0.0671875 0.0765625
0 0.778906 0.229687 0.0421875 0.046875
0 0.183594 0.55625 0.0796875 0.059375
0 0.672656 0.152344 0.0546875 0.0640625
0 0.760938 0.369531 0.0375 0.0421875
0 0.600781 0.479688 0.0578125 0.08125
0 0.65 0.209375 0.05625 0.05
0 0.832031 0.373437 0.0421875 0.05625
0 0.128906 0.275 0.0546875 0.075
0 0.738281 0.203125 0.0640625 0.0625
0 0.933594 0.310937 0.0390625 0.059375
0 0.16875 0.372656 0.04375 0.0640625
0 0.2625 0.346875 0.0375 0.04375
0 0.475 0.471094 0.04375 0.0609375
0 0.434375 0.283594 0.0375 0.0453125
