0 0.667969 0.282813 0.0359375 0.040625
0 0.694531 0.104687 0.0234375 0.03125
0 0.794531 0.521094 0.0296875 0.0484375
0 0.0460938 0.510156 0.0265625 0.0296875
0 0.29375 0.129688 0.034375 0.04375
0 0.358594 0.60625 0.0328125 0.04375
0 0.0734375 0.742188 0.0375 0.046875
0 0.179688 0.410937 0.03125 0.028125
0 0.51875 0.685156 0.025 0.0359375
0 0.05625 0.298438 0.0875 0.146875
0 0.421875 0.667969 0.028125 0.0296875
0 0.764063 0.539844 0.03125 0.0328125
0 0.766406 0.767969 0.0296875 0.0265625
0 0.0796875 0.565625 0.0375 0.05
0 0.315625 0.110937 0.034375 0.046875
0 0.0328125 0.196875 0.028125 0.028125
0 0.355469 0.10625 0.0265625 0.028125
0 0.820312 0.451562 0.03125 0.034375
0 0.984375 0.124219 0.03125 0.0359375
0 0.500781 0.589844 0.0265625 0.0328125
0 0.714063 0.590625 0.025 0.034375
0 0.921875 0.130469 0.028125 0.0296875
0 0.358594 0.508594 0.0265625 0.0296875
0 0.342187 0.642969 0.028125 0.0296875
0 0.453125 0.629687 0.03125 0.034375
0 0.0984375 0.385938 0.034375 0.0375
0 0.0078125 0.704687 0.015625 0.040625
0 0.510938 0.627344 0.034375 0.0359375
0 0.561719 0.114844 0.0265625 0.0421875
0 0.0382813 0.542188 0.0296875 0.03125
0 0.738281 0.626562 0.0296875 0.046875
0 0.665625 0.492969 0.040625 0.0328125
0 0.177344 0.677344 0.0296875 0.0359375
0 0.028125 0.165625 0.03125 0.03125
0 0.127344 0.608594 0.0328125 0.0390625
0 0.111719 0.528125 0.0265625 0.0375
0 0.617969 0.339844 0.0296875 0.0359375
0 0.240625 0.2125 0.03125 0.0375
0 0.719531 0.429688 0.0390625 0.046875
0 0.494531 0.322656 0.0546875 0.0828125
0 0.936719 0.160156 0.0265625 0.0296875
0 0.205469 0.460156 0.0515625 0.0453125
0 0.794531 0.178906 0.0296875 0.0359375
0 0.49375 0.678906 0.025 0.0328125
0 0.988281 0.292969 0.0234375 0.0421875
0 0.4625 0.682813 0.028125 0.0375
0 0.853125 0.646094 0.028125 0.0359375
0 0.115625 0.0554687 0.03125 0.0328125
0 0.507031 0.101562 0.0296875 0.0375
0 0.300781 0.271094 0.0359375 0.0359375
0 0.438281 0.54375 0.0328125 0.04375
0 0.435937 0.289844 0.034375 0.0359375
0 0.152344 0.761719 0.0296875 0.0390625
0 0.722656 0.363281 0.0296875 0.0328125
0 0.3625 0.664844 0.034375 0.0328125
0 0.253125 0.832812 0.034375 0.04375
0 0.117188 0.685156 0.028125 0.0359375
0 0.367969 0.754687 0.0359375 0.040625
0 0.75 0.05625 0.028125 0.03125
0 0.221875 0.847656 0.03125 0.0359375
0 0.235938 0.717969 0.028125 0.0359375
0 0.528906 0.585156 0.0296875 0.0421875
0 0.442187 0.4375 0.04375 0.046875
0 0.48125 0.521875 0.028125 0.0375
0 0.736719 0.705469 0.0296875 0.0484375
0 0.34375 0.255469 0.034375 0.0421875
0 0.0367187 0.710156 0.0328125 0.0390625
0 0.971875 0.689062 0.034375 0.04375
0 0.707031 0.657031 0.0265625 0.0390625
0 0.642187 0.585938 0.0375 0.0625
0 0.595312 0.0585938 0.028125 0.0265625
0 0.351562 0.402344 0.0375 0.0390625
0 0.846875 0.684375 0.03125 0.040625
0 0.501562 0.398438 0.040625 0.053125
0 0.391406 0.690625 0.0296875 0.034375
0 0.520312 0.733594 0.021875 0.0359375
0 0.0429688 0.794531 0.0421875 0.0515625
0 0.877344 0.727344 0.0296875 0.0390625
0 0.630469 0.304688 0.0390625 0.040625
0 0.585938 0.746875 0.034375 0.04375
0 0.375 0.634375 0.03125 0.034375
0 0.732031 0.753906 0.0328125 0.0421875
0 0.867969 0.360156 0.0328125 0.0515625
0 0.938281 0.566406 0.0328125 0.0390625
0 0.304688 0.3125 0.028125 0.04375
0 0.540625 0.446875 0.0375 0.053125
0 0.914062 0.517969 0.040625 0.0515625
0 0.065625 0.839063 0.03125 0.053125
0 0.0585938 0.692969 0.0296875 0.0359375
0 0.260938 0.33125 0.040625 0.046875
0 0.925781 0.685938 0.0328125 0.046875
0 0.678906 0.065625 0.0265625 0.040625
0 0.880469 0.416406 0.0328125 0.0421875
0 0.307813 0.715625 0.034375 0.04375
0 0.496094 0.717969 0.0296875 0.0515625
0 0.135937 0.450781 0.034375 0.0515625
0 0.616406 0.778906 0.0328125 0.0359375
0 0.689062 0.257031 0.05625 0.0609375
0 0.296094 0.3875 0.0328125 0.0375
0 0.742188 0.795313 0.025 0.0375
0 0.198437 0.53125 0.0375 0.040625
0 0.113281 0.650781 0.0296875 0.0359375
0 0.502344 0.217969 0.0421875 0.0421875
0 0.0164062 0.659375 0.0328125 0.040625
0 0.146094 0.717969 0.0328125 0.0453125
0 0.235156 0.407813 0.0390625 0.03125
0 0.325 0.573438 0.040625 0.05
0 0.972656 0.589844 0.0359375 0.0640625
0 0.3375 0.838281 0.0375 0.0515625
0 0.60625 0.129688 0.0375 0.046875
0 0.578125 0.476562 0.04375 0.059375
0 0.021875 0.742188 0.03125 0.040625
0 0.878125 0.691406 0.025 0.0421875
0 0.703906 0.726562 0.0296875 0.04375
0 0.0914062 0.144531 0.0453125 0.0546875
0 0.921875 0.0460938 0.03125 0.0421875
0 0.780469 0.0828125 0.0390625 0.053125
0 0.157813 0.491406 0.0375 0.0453125
0 0.75 0.495313 0.04375 0.04375
0 0.791406 0.274219 0.0296875 0.0484375
0 0.885938 0.133594 0.034375 0.0296875
0 0.704687 0.778125 0.03125 0.04375
0 0.0171875 0.0703125 0.034375 0.059375
0 0.7875 0.0273438 0.04375 0.0421875
0 0.9125 0.31875 0.04375 0.04375
0 0.772656 0.221094 0.0515625 0.0453125
0 0.717188 0.071875 0.034375 0.05
0 0.770312 0.3625 0.090625 0.0875
0 0.122656 0.334375 0.0484375 0.0625
0 0.815625 0.247656 0.034375 0.0515625
0 0.759375 0.4125 0.034375 0.046875
0 0.708594 0.503906 0.0296875 0.0578125
0 0.292188 0.23125 0.040625 0.0375
0 0.229687 0.499219 0.034375 0.0390625
0 0.0515625 0.125 0.03125 0.040625
0 0.303906 0.666406 0.0359375 0.0390625
0 0.555469 0.242969 0.0515625 0.0703125
0 0.360938 0.463281 0.04375 0.0453125
0 0.124219 0.230469 0.123438 0.107813
0 0.434375 0.323438 0.03125 0.034375
0 0.786719 0.464844 0.0359375 0.0421875
0 0.859375 0.278906 0.03125 0.0484375
0 0.691406 0.576563 0.0328125 0.04375
0 0.967969 0.0695312 0.0578125 0.0703125
0 0.414062 0.09375 0.034375 0.053125
0 0.938281 0.192188 0.0390625 0.034375
0 0.563281 0.190625 0.0515625 0.053125
0 0.221094 0.361719 0.0671875 0.0578125
0 0.671875 0.657031 0.03125 0.0390625
0 0.0234375 0.125 0.028125 0.0375
0 0.750781 0.279687 0.0328125 0.059375
0 0.363281 0.147656 0.0546875 0.0515625
0 0.519531 0.507031 0.0421875 0.0546875
0 0.677344 0.3625 0.0359375 0.05625
0 0.0851562 0.460938 0.0453125 0.078125
0 0.476562 0.165625 0.034375 0.04375
0 0.403125 0.476562 0.0375 0.040625
0 0.0265625 0.595312 0.05 0.065625
0 0.110156 0.723437 0.0265625 0.04375
0 0.290625 0.78125 0.04375 0.0625
0 0.240625 0.570312 0.05625 0.075
0 0.644531 0.821094 0.0359375 0.0515625
0 0.553125 0.542969 0.046875 0.0640625
0 0.4 0.392969 0.05 0.0515625
0 0.940625 0.620313 0.0375 0.046875
0 0.8 0.31875 0.034375 0.040625
0 0.384375 0.307031 0.040625 0.0453125
0 0.933594 0.465625 0.0328125 0.046875
0 0.753906 0.176563 0.0390625 0.046875
0 0.459375 0.245312 0.05625 0.05
0 0.679688 0.209375 0.034375 0.0375
0 0.141406 0.542188 0.0328125 0.040625
0 0.410156 0.346875 0.0328125 0.0375
0 0.03125 0.850781 0.03125 0.0546875
0 0.170312 0.13125 0.046875 0.059375
0 0.632812 0.65 0.04375 0.05
0 0.424219 0.157031 0.0453125 0.0515625
0 0.188281 0.305469 0.0546875 0.0609375
0 0.400781 0.254687 0.0421875 0.040625
0 0.951563 0.415625 0.046875 0.0625
0 0.725 0.209375 0.040625 0.0375
0 0.239063 0.757812 0.0375 0.05625
0 0.349219 0.207031 0.0421875 0.0578125
0 0.457031 0.384375 0.0328125 0.0375
0 0.028125 0.455469 0.05625 0.0953125
0 0.383594 0.534375 0.0296875 0.0375
0 0.103906 0.796094 0.0546875 0.0921875
0 0.336719 0.31875 0.0328125 0.04375
0 0.521094 0.145313 0.0421875 0.053125
0 0.859375 0.234375 0.034375 0.040625
0 0.671875 0.435937 0.040625 0.040625
0 0.904688 0.16875 0.034375 0.05
0 0.853125 0.45625 0.0375 0.04375
0 0.620313 0.175781 0.046875 0.0421875
0 0.459375 0.498437 0.034375 0.05625
0 0.352344 0.70625 0.0359375 0.040625
0 0.305469 0.434375 0.0546875 0.05
0 0.907031 0.357812 0.0296875 0.046875
0 0.40625 0.201562 0.059375 0.053125
0 0.671875 0.783594 0.034375 0.0453125
0 0.25 0.28125 0.0375 0.053125
0 0.215625 0.173438 0.05 0.053125
0 0.855469 0.18125 0.0578125 0.05
0 0.627344 0.232812 0.0640625 0.071875
0 0.952344 0.23125 0.0421875 0.053125
0 0.700781 0.160156 0.0578125 0.0703125
0 0.645312 0.0789063 0.034375 0.0484375
0 0.294531 0.186719 0.0765625 0.0640625
0 0.884375 0.629687 0.040625 0.059375
0 0.841406 0.507812 0.0578125 0.0625
0 0.903125 0.232031 0.05 0.0578125
0 0.655469 0.125 0.0390625 0.05625
0 0.40625 0.585938 0.05625 0.0625
0 0.794531 0.60625 0.0984375 0.1
0 0.892187 0.071875 0.04375 0.05625
0 0.96875 0.328125 0.046875 0.05
0 0.846875 0.408594 0.0375 0.0515625
0 0.889063 0.48125 0.0375 0.05625
0 0.215625 0.25625 0.034375 0.04375
0 0.616406 0.39375 0.0859375 0.084375
0 0.192969 0.732031 0.0546875 0.0828125
