0 0.398438 0.826563 0.021875 0.03125
0 0.165625 0.314844 0.03125 0.0359375
0 0.538281 0.199219 0.0328125 0.0390625
0 0.783594 0.0210938 0.0265625 0.0421875
0 0.176563 0.441406 0.059375 0.0703125
0 0.567187 0.247656 0.03125 0.0296875
0 0.164844 0.1 0.0328125 0.0375
0 0.725 0.891406 0.028125 0.0453125
0 0.028125 0.750781 0.04375 0.0484375
0 0.353906 0.403906 0.0234375 0.0359375
0 0.30625 0.0578125 0.034375 0.0375
0 0.389844 0.2 0.0234375 0.040625
0 0.907031 0.01875 0.0484375 0.0375
0 0.844531 0.355469 0.0328125 0.0421875
0 0.0648438 0.752344 0.0203125 0.0296875
0 0.471094 0.608594 0.0234375 0.0265625
0 0.009375 0.809375 0.01875 0.0375
0 0.574219 0.733594 0.0421875 0.0578125
0 0.108594 0.529688 0.0265625 0.025
0 0.257812 0.742188 0.028125 0.0375
0 0.782031 0.970312 0.0359375 0.046875
0 0.0125 0.483594 0.025 0.0484375
0 0.735156 0.336719 0.0296875 0.0453125
0 0.0132813 0.435937 0.0265625 0.046875
0 0.540625 0.232812 0.03125 0.040625
0 0.446094 0.740625 0.0421875 0.0375
0 0.978125 0.0390625 0.040625 0.040625
0 0.0367187 0.235938 0.0296875 0.034375
0 0.74375 0.0945313 0.025 0.0359375
0 0.129688 0.292188 0.03125 0.034375
0 0.145313 0.129688 0.03125 0.03125
0 0.419531 0.825781 0.0234375 0.0328125
0 0.478125 0.836719 0.028125 0.0515625
0 0.914062 0.575781 0.046875 0.0765625
0 0.482812 0.103906 0.040625 0.0515625
0 0.795313 0.465625 0.025 0.034375
0 0.884375 0.0828125 0.034375 0.05625
0 0.05 0.585156 0.028125 0.0328125
0 0.179688 0.338281 0.03125 0.0359375
0 0.707812 0.335156 0.03125 0.0359375
0 0.803125 0.646875 0.025 0.034375
0 0.230469 0.407813 0.0328125 0.0375
0 0.383594 0.871875 0.0296875 0.046875
0 0.534375 0.35 0.034375 0.0375
0 0.347656 0.352344 0.0265625 0.0453125
0 0.672656 0.301562 0.0296875 0.0375
0 0.497656 0.653125 0.0234375 0.03125
0 0.0351562 0.284375 0.0265625 0.0625
0 0.300781 0.744531 0.0484375 0.0578125
0 0.498437 0.470313 0.028125 0.046875
0 0.146875 0.5375 0.028125 0.034375
0 0.534375 0.576563 0.028125 0.0375
0 0.415625 0.213281 0.03125 0.0421875
0 0.528906 0.742188 0.0359375 0.040625
0 0.0796875 0.139062 0.05 0.0375
0 0.0117188 0.3125 0.0234375 0.040625
0 0.614844 0.820312 0.0421875 0.103125
0 0.226562 0.472656 0.0375 0.0421875
0 0.653906 0.153125 0.0296875 0.0375
0 0.840625 0.3125 0.0375 0.040625
0 0.2125 0.325781 0.03125 0.0328125
0 0.40625 0.384375 0.034375 0.05
0 0.308594 0.242969 0.0296875 0.0359375
0 0.23125 0.371094 0.03125 0.0359375
0 0.619531 0.510938 0.0359375 0.03125
0 0.144531 0.604688 0.0265625 0.0375
0 0.754687 0.878125 0.028125 0.040625
0 0.483594 0.427344 0.0296875 0.0421875
0 0.078125 0.378125 0.025 0.046875
0 0.0851562 0.428906 0.0296875 0.0390625
0 0.20625 0.746094 0.0375 0.0578125
0 0.319531 0.767969 0.0359375 0.0359375
0 0.121875 0.321875 0.028125 0.0375
0 0.76875 0.3 0.05 0.08125
0 0.510938 0.128906 0.0375 0.0453125
0 0.758594 0.571094 0.0296875 0.0328125
0 0.410156 0.453906 0.0296875 0.0359375
0 0.151562 0.257812 0.028125 0.03125
0 0.0679687 0.503906 0.0359375 0.0546875
0 0.767187 0.610156 0.03125 0.0421875
0 0.796094 0.735937 0.0390625 0.0625
0 0.0375 0.514844 0.03125 0.0453125
0 0.810938 0.429688 0.03125 0.040625
0 0.391406 0.728906 0.0484375 0.0421875
0 0.166406 0.892969 0.0328125 0.0421875
0 0.192188 0.0625 0.0375 0.04375
0 0.700781 0.0742188 0.0328125 0.0484375
0 0.0492188 0.06875 0.0609375 0.05625
0 0.216406 0.566406 0.0296875 0.0390625
0 0.153125 0.741406 0.03125 0.0390625
0 0.467187 0.646094 0.03125 0.0390625
0 0.750781 0.717188 0.0359375 0.05625
0 0.927344 0.221875 0.0453125 0.0625
0 0.796094 0.248437 0.0359375 0.0375
0 0.635938 0.471875 0.034375 0.040625
0 0.0664062 0.246875 0.0296875 0.03125
0 0.0796875 0.6125 0.03125 0.040625
0 0.835938 0.639844 0.03125 0.0390625
0 0.46875 0.796875 0.03125 0.040625
0 0.817187 0.607031 0.03125 0.0484375
0 0.974219 0.155469 0.0453125 0.0484375
0 0.780469 0.902344 0.0328125 0.0453125
0 0.919531 0.178125 0.0265625 0.0375
0 0.665625 0.620313 0.03125 0.0375
0 0.725 0.242969 0.040625 0.0546875
0 0.0148437 0.114844 0.0296875 0.0390625
0 0.522656 0.6875 0.0359375 0.04375
0 0.560938 0.846875 0.034375 0.05625
0 0.965625 0.289062 0.034375 0.0375
0 0.745313 0.166406 0.03125 0.0390625
0 0.421875 0.64375 0.040625 0.05
0 0.682813 0.56875 0.040625 0.05
0 0.284375 0.354688 0.028125 0.034375
0 0.614844 0.648438 0.0421875 0.040625
0 0.50625 0.328906 0.03125 0.0390625
0 0.346875 0.315625 0.028125 0.028125
0 0.528125 0.871094 0.034375 0.0390625
0 0.696094 0.123438 0.0265625 0.04375
0 0.857813 0.821875 0.046875 0.053125
0 0.860937 0.182031 0.028125 0.0328125
0 0.696094 0.485938 0.0359375 0.046875
0 0.209375 0.289062 0.025 0.034375
0 0.970312 0.405469 0.04375 0.0640625
0 0.507812 0.832031 0.025 0.0453125
0 0.10625 0.665625 0.034375 0.075
0 0.665625 0.453906 0.03125 0.0390625
0 0.324219 0.692969 0.0421875 0.0453125
0 0.821875 0.282031 0.03125 0.0484375
0 0.0445312 0.380469 0.0328125 0.0453125
0 0.928125 0.514844 0.028125 0.0390625
0 0.792969 0.532031 0.0359375 0.0484375
0 0.128906 0.410937 0.0328125 0.034375
0 0.382812 0.404687 0.028125 0.040625
0 0.521094 0.521875 0.0296875 0.034375
0 0.435156 0.339063 0.0359375 0.046875
0 0.713281 0.770312 0.0296875 0.0625
0 0.651563 0.209375 0.05625 0.053125
0 0.360938 0.445312 0.040625 0.034375
0 0.103125 0.38125 0.03125 0.05
0 0.824219 0.689844 0.0421875 0.0484375
0 0.264844 0.496094 0.0390625 0.0453125
0 0.695312 0.425 0.03125 0.053125
0 0.438281 0.68125 0.0390625 0.0375
0 0.351562 0.121875 0.040625 0.040625
0 0.894531 0.763281 0.0359375 0.0609375
0 0.3 0.534375 0.034375 0.040625
0 0.970312 0.336719 0.0375 0.0515625
0 0.299219 0.285937 0.0453125 0.05625
0 0.846875 0.496094 0.034375 0.0640625
0 0.603125 0.914844 0.04375 0.0640625
0 0.653125 0.789844 0.03125 0.0421875
0 0.239063 0.792188 0.046875 0.059375
0 0.705469 0.196875 0.0328125 0.040625
0 0.589063 0.21875 0.034375 0.04375
0 0.478125 0.289062 0.028125 0.034375
0 0.638281 0.742188 0.0328125 0.05625
0 0.172656 0.282813 0.0328125 0.0375
0 0.644531 0.586719 0.0265625 0.0421875
0 0.0578125 0.186719 0.06875 0.0609375
0 0.558594 0.298438 0.0546875 0.059375
0 0.189063 0.839844 0.040625 0.0609375
0 0.857031 0.7375 0.0390625 0.059375
0 0.976562 0.207031 0.0375 0.0421875
0 0.477344 0.36875 0.0390625 0.040625
0 0.132812 0.367969 0.028125 0.0484375
0 0.609375 0.171094 0.0375 0.0578125
0 0.559375 0.158594 0.05 0.0578125
0 0.567969 0.389062 0.0390625 0.05
0 0.507031 0.557031 0.0359375 0.0515625
0 0.349219 0.178125 0.0515625 0.040625
0 0.661719 0.403906 0.0359375 0.0453125
0 0.471875 0.167969 0.040625 0.0578125
0 0.241406 0.29375 0.0390625 0.053125
0 0.666406 0.902344 0.0546875 0.0671875
0 0.221875 0.685938 0.05625 0.0625
0 0.886719 0.617969 0.0328125 0.0515625
0 0.257031 0.239063 0.0453125 0.05625
0 0.6125 0.358594 0.034375 0.0390625
0 0.66875 0.253125 0.0375 0.04375
0 0.273438 0.677344 0.03125 0.0734375
0 0.476562 0.569531 0.03125 0.0390625
0 0.939844 0.354688 0.0328125 0.05
0 0.585156 0.4625 0.0328125 0.046875
0 0.309375 0.597656 0.071875 0.0796875
0 0.715625 0.291406 0.040625 0.0421875
0 0.975 0.659375 0.040625 0.0625
0 0.310937 0.817969 0.040625 0.0546875
0 0.314063 0.2125 0.05 0.04375
0 0.49375 0.725 0.034375 0.046875
0 0.133594 0.0570313 0.0421875 0.0515625
0 0.508594 0.398438 0.0453125 0.05625
0 0.119531 0.46875 0.0328125 0.078125
0 0.292188 0.401563 0.040625 0.053125
0 0.115625 0.56875 0.040625 0.05625
0 0.363281 0.61875 0.0359375 0.040625
0 0.542188 0.422656 0.040625 0.0515625
0 0.271094 0.448438 0.0390625 0.04375
0 0.504687 0.610937 0.034375 0.040625
0 0.192969 0.215625 0.0453125 0.046875
0 0.0523437 0.660156 0.0421875 0.0796875
0 0.225 0.169531 0.078125 0.0671875
0 0.589063 0.0914062 0.046875 0.0609375
0 0.910937 0.396094 0.0375 0.0703125
0 0.100781 0.25 0.0390625 0.065625
0 0.479688 0.242969 0.0625 0.0609375
0 0.346875 0.54375 0.046875 0.065625
0 0.6375 0.28125 0.040625 0.046875
0 0.127344 0.192969 0.0578125 0.0609375
0 0.194531 0.620313 0.0421875 0.059375
0 0.778906 0.832031 0.0390625 0.0671875
0 0.7375 0.828125 0.034375 0.05625
0 0.419531 0.167187 0.0359375 0.040625
0 0.448438 0.282031 0.0375 0.0546875
0 0.06875 0.55625 0.03125 0.04375
0 0.446875 0.821875 0.028125 0.053125
0 0.76875 0.221094 0.040625 0.0546875
0 0.767187 0.4875 0.0375 0.053125
0 0.408594 0.582812 0.0421875 0.05625
0 0.25 0.55625 0.04375 0.059375
0 0.882031 0.220313 0.0390625 0.05
0 0.383594 0.492188 0.0640625 0.0625
0 0.220313 0.521875 0.0375 0.04375
0 0.310937 0.471875 0.034375 0.065625
0 0.823438 0.157813 0.034375 0.040625
0 0.105469 0.799219 0.0703125 0.0828125
0 0.173438 0.571094 0.040625 0.0546875
0 0.405469 0.127344 0.0515625 0.0453125
0 0.317187 0.339063 0.034375 0.05
0 0.348437 0.65625 0.03125 0.046875
0 0.453906 0.469531 0.0578125 0.0609375
0 0.878906 0.672656 0.0421875 0.0546875
0 0.429688 0.530469 0.040625 0.0578125
0 0.532812 0.479688 0.046875 0.05625
0 0.405469 0.255469 0.0671875 0.0515625
0 0.890625 0.303125 0.046875 0.084375
0 0.145313 0.836719 0.034375 0.0515625
0 0.165625 0.503125 0.0375 0.046875
