0 0.917969 0.040625 0.0390625 0.034375
0 0.249219 0.695312 0.0328125 0.05625
0 0.721094 0.196875 0.0296875 0.040625
0 0.315625 0.286719 0.028125 0.0484375
0 0.373437 0.364844 0.028125 0.0359375
0 0.924219 0.0929687 0.0328125 0.0390625
0 0.303125 0.108594 0.021875 0.0390625
0 0.948438 0.527344 0.034375 0.0421875
0 0.0375 0.1375 0.025 0.034375
0 0.197656 0.229687 0.0296875 0.03125
0 0.432031 0.605469 0.0359375 0.0453125
0 0.928125 0.353125 0.03125 0.0375
0 0.119531 0.723437 0.0296875 0.046875
0 0.583594 0.597656 0.0296875 0.0421875
0 0.0484375 0.740625 0.034375 0.05
0 0.298438 0.499219 0.028125 0.0671875
0 0.0117188 0.114844 0.0203125 0.0390625
0 0.432813 0.461719 0.021875 0.0328125
0 0.626562 0.410937 0.034375 0.053125
0 0.488281 0.539062 0.0296875 0.084375
0 0.779688 0.663281 0.03125 0.0390625
0 0.986719 0.253125 0.0265625 0.040625
0 0.0460938 0.449219 0.0734375 0.0609375
0 0.5 0.6625 0.034375 0.05
0 0.896094 0.6125 0.0328125 0.053125
0 0.015625 0.341406 0.03125 0.0609375
0 0.157813 0.191406 0.04375 0.0359375
0 0.848437 0.046875 0.05625 0.04375
0 0.101562 0.699219 0.034375 0.0390625
0 0.0796875 0.224219 0.028125 0.0546875
0 0.942187 0.407813 0.03125 0.046875
0 0.364062 0.195312 0.028125 0.0375
0 0.717188 0.0320312 0.053125 0.0546875
0 0.224219 0.744531 0.0390625 0.0328125
0 0.3625 0.239844 0.03125 0.0390625
0 0.690625 0.221094 0.025 0.0296875
0 0.528125 0.526563 0.034375 0.059375
0 0.7375 0.653906 0.028125 0.0421875
0 0.757812 0.710156 0.04375 0.0546875
0 0.595312 0.485156 0.03125 0.0328125
0 0.64375 0.242188 0.03125 0.0375
0 0.053125 0.0632813 0.0375 0.0453125
0 0.034375 0.678125 0.028125 0.04375
0 0.0859375 0.521875 0.03125 0.040625
0 0.5625 0.698438 0.03125 0.046875
0 0.176563 0.721875 0.0375 0.046875
0 0.199219 0.571875 0.0421875 0.0625
0 0.877344 0.179688 0.0296875 0.0375
0 0.691406 0.183594 0.0421875 0.0578125
0 0.191406 0.628906 0.0296875 0.0421875
0 0.611719 0.639063 0.0328125 0.059375
0 0.800781 0.129688 0.0359375 0.040625
0 0.495313 0.422656 0.028125 0.0515625
0 0.314844 0.438281 0.0359375 0.0359375
0 0.152344 0.428906 0.0328125 0.0421875
0 0.803125 0.782031 0.0375 0.0515625
0 0.492188 0.726562 0.040625 0.040625
0 0.110937 0.121875 0.03125 0.0375
0 0.720312 0.713281 0.0375 0.0609375
0 0.714063 0.621875 0.03125 0.040625
0 0.878125 0.238281 0.040625 0.0640625
0 0.533594 0.621094 0.0296875 0.0421875
0 0.578125 0.521094 0.034375 0.0484375
0 0.851562 0.141406 0.03125 0.0328125
0 0.560156 0.109375 0.0859375 0.084375
0 0.497656 0.303906 0.0453125 0.0671875
0 0.661719 0.658594 0.0328125 0.0421875
0 0.732031 0.466406 0.0390625 0.0453125
0 0.492969 0.214844 0.0390625 0.0640625
0 0.104687 0.0585938 0.03125 0.0453125
0 0.0804688 0.114063 0.0390625 0.059375
0 0.386719 0.409375 0.0421875 0.05
0 0.167187 0.222656 0.034375 0.0390625
0 0.807031 0.395312 0.0390625 0.05
0 0.392188 0.625 0.034375 0.040625
0 0.0179687 0.271094 0.0359375 0.0453125
0 0.116406 0.244531 0.0359375 0.0359375
0 0.465625 0.240625 0.028125 0.0375
0 0.278125 0.675781 0.034375 0.0640625
0 0.98125 0.0328125 0.028125 0.0375
0 0.188281 0.389844 0.0328125 0.0546875
0 0.628125 0.523438 0.046875 0.05
0 0.385156 0.170312 0.0296875 0.0375
0 0.154687 0.2875 0.040625 0.05625
0 0.7 0.328906 0.040625 0.0515625
0 0.585156 0.325 0.0296875 0.0375
0 0.765625 0.544531 0.03125 0.0453125
0 0.20625 0.144531 0.03125 0.0359375
0 0.0648438 0.294531 0.0296875 0.0328125
0 0.439844 0.065625 0.0296875 0.0375
0 0.809375 0.585156 0.040625 0.0515625
0 0.817187 0.669531 0.034375 0.0484375
0 0.199219 0.192969 0.0265625 0.0421875
0 0.0421875 0.391406 0.03125 0.0359375
0 0.328125 0.489062 0.034375 0.059375
0 0.336719 0.078125 0.0328125 0.05
0 0.354688 0.553906 0.04375 0.0484375
0 0.449219 0.542969 0.0359375 0.0421875
0 0.273438 0.115625 0.034375 0.05
0 0.213281 0.699219 0.0328125 0.0578125
0 0.254687 0.375781 0.04375 0.0546875
0 0.680469 0.630469 0.0359375 0.0453125
0 0.873438 0.559375 0.028125 0.0375
0 0.13125 0.207031 0.034375 0.0390625
0 0.147656 0.130469 0.0296875 0.0484375
0 0.115625 0.424219 0.034375 0.0421875
0 0.866406 0.70625 0.0359375 0.053125
0 0.327344 0.130469 0.0328125 0.0421875
0 0.909375 0.7375 0.040625 0.06875
0 0.436719 0.423438 0.0328125 0.053125
0 0.663281 0.719531 0.0390625 0.0640625
0 0.258594 0.532812 0.0359375 0.05
0 0.333594 0.263281 0.0359375 0.0796875
0 0.289062 0.30625 0.034375 0.0375
0 0.590625 0.357812 0.03125 0.040625
0 0.0507812 0.509375 0.0546875 0.05625
0 0.446875 0.277344 0.028125 0.0390625
0 0.8125 0.457031 0.05 0.0640625
0 0.228125 0.228125 0.03125 0.040625
0 0.239063 0.599219 0.034375 0.0421875
0 0.742188 0.2875 0.034375 0.065625
0 0.679688 0.258594 0.03125 0.0359375
0 0.852344 0.53125 0.0328125 0.05
0 0.777344 0.190625 0.0453125 0.04375
0 0.621875 0.779688 0.034375 0.05625
0 0.220313 0.407813 0.028125 0.046875
0 0.307813 0.7125 0.034375 0.05625
0 0.463281 0.157031 0.0890625 0.0640625
0 0.14375 0.363281 0.0375 0.0609375
0 0.497656 0.377344 0.0265625 0.0421875
0 0.720312 0.43125 0.034375 0.05
0 0.588281 0.454688 0.0359375 0.04375
0 0.810156 0.252344 0.0578125 0.0609375
0 0.232812 0.179688 0.034375 0.053125
0 0.341406 0.759375 0.0390625 0.046875
0 0.0289063 0.575 0.0515625 0.0625
0 0.240625 0.125 0.03125 0.04375
0 0.55625 0.446094 0.03125 0.0390625
0 0.564844 0.483594 0.0296875 0.0359375
0 0.725 0.374219 0.065625 0.0703125
0 0.0773437 0.56875 0.0578125 0.05625
0 0.746094 0.221094 0.0359375 0.0421875
0 0.159375 0.621094 0.03125 0.0484375
0 0.796875 0.09375 0.03125 0.040625
0 0.809375 0.533594 0.034375 0.0515625
0 0.146094 0.0820312 0.0484375 0.0515625
0 0.451562 0.666406 0.0375 0.0484375
0 0.230469 0.269531 0.0359375 0.0359375
0 0.409375 0.459375 0.028125 0.04375
0 0.578125 0.642969 0.0375 0.0546875
0 0.275781 0.260156 0.0390625 0.0484375
0 0.682031 0.478125 0.0390625 0.05
0 0.333594 0.201562 0.0328125 0.040625
0 0.53125 0.326562 0.03125 0.04375
0 0.655469 0.35625 0.0421875 0.05625
0 0.684375 0.109375 0.040625 0.05625
0 0.225781 0.490625 0.0484375 0.065625
0 0.273438 0.41875 0.0375 0.053125
0 0.819531 0.174219 0.0328125 0.0390625
0 0.201562 0.303906 0.040625 0.0640625
0 0.390625 0.503906 0.0375 0.0484375
0 0.113281 0.160156 0.0359375 0.0484375
0 0.746875 0.595312 0.03125 0.05625
0 0.185156 0.451562 0.0359375 0.046875
0 0.116406 0.642187 0.0578125 0.065625
0 0.317969 0.35625 0.0421875 0.059375
0 0.388281 0.102344 0.0609375 0.0890625
0 0.40625 0.248437 0.04375 0.05625
0 0.841406 0.303125 0.0515625 0.059375
0 0.465625 0.400781 0.034375 0.0546875
0 0.557813 0.375 0.034375 0.053125
0 0.760938 0.420312 0.04375 0.071875
0 0.871875 0.474219 0.0375 0.0578125
0 0.753906 0.0914062 0.0515625 0.0703125
0 0.341406 0.634375 0.0453125 0.0625
0 0.941406 0.59375 0.0390625 0.0625
0 0.11875 0.478906 0.05625 0.0609375
0 0.364844 0.446094 0.0390625 0.0546875
0 0.257031 0.209375 0.0359375 0.046875
0 0.461719 0.475 0.0359375 0.0625
0 0.0726563 0.358594 0.0546875 0.0609375
0 0.524219 0.369531 0.0328125 0.0484375
0 0.409375 0.196875 0.03125 0.05
0 0.564062 0.179688 0.046875 0.053125
0 0.670313 0.415625 0.0375 0.05625
0 0.277344 0.750781 0.0359375 0.0578125
0 0.147656 0.571875 0.0390625 0.059375
0 0.930469 0.164844 0.0546875 0.0484375
0 0.294531 0.585938 0.0546875 0.06875
0 0.948438 0.68125 0.040625 0.065625
0 0.46875 0.346094 0.034375 0.0484375
0 0.0757812 0.169531 0.0328125 0.0421875
0 0.0320312 0.194531 0.0515625 0.0578125
0 0.525781 0.46875 0.0421875 0.053125
0 0.584375 0.408594 0.0375 0.0484375
0 0.832812 0.357812 0.0375 0.05
0 0.844531 0.408594 0.0359375 0.0515625
0 0.164844 0.503906 0.0578125 0.0703125
0 0.528906 0.415625 0.0359375 0.05
0 0.834375 0.096875 0.0375 0.046875
0 0.635938 0.46875 0.05625 0.0625
0 0.620313 0.335938 0.034375 0.053125
0 0.683594 0.567969 0.0328125 0.0640625
