0 0.315625 0.6625 0.0375 0.071875
0 0.786719 0.682813 0.0265625 0.046875
0 0.229687 0.166406 0.025 0.0328125
0 0.577344 0.271875 0.0265625 0.03125
0 0.960156 0.263281 0.0359375 0.0359375
0 0.0726563 0.11875 0.0421875 0.04375
0 0.55 0.257812 0.03125 0.040625
0 0.297656 0.622656 0.0265625 0.0328125
0 0.98125 0.59375 0.034375 0.053125
0 0.599219 0.142969 0.0265625 0.0328125
0 0.470313 0.232031 0.04375 0.0703125
0 0.435156 0.565625 0.0265625 0.0375
0 0.207813 0.435937 0.03125 0.040625
0 0.435156 0.728906 0.0234375 0.0484375
0 0.147656 0.549219 0.0390625 0.0453125
0 0.571094 0.405469 0.0296875 0.0484375
0 0.328906 0.56875 0.0296875 0.03125
0 0.494531 0.470313 0.0359375 0.040625
0 0.344531 0.614062 0.0296875 0.0375
0 0.239844 0.477344 0.0265625 0.0328125
0 0.785937 0.225781 0.03125 0.0390625
0 0.917969 0.439844 0.0328125 0.0515625
0 0.465625 0.0710938 0.03125 0.0359375
0 0.06875 0.541406 0.03125 0.0421875
0 0.171875 0.354688 0.040625 0.03125
0 0.321094 0.476562 0.0296875 0.0375
0 0.267969 0.134375 0.0578125 0.065625
0 0.115625 0.634375 0.03125 0.06875
0 0.410937 0.655469 0.034375 0.0515625
0 0.375 0.433594 0.0375 0.0453125
0 0.0523437 0.304688 0.0296875 0.04375
0 0.68125 0.178125 0.028125 0.0375
0 0.116406 0.529688 0.0296875 0.0375
0 0.084375 0.385156 0.0375 0.0390625
0 0.260938 0.498437 0.03125 0.040625
0 0.515625 0.392969 0.03125 0.0453125
0 0.671875 0.4625 0.03125 0.0625
0 0.586719 0.0734375 0.0234375 0.0375
0 0.921094 0.132812 0.0296875 0.03125
0 0.146094 0.16875 0.0359375 0.046875
0 0.81875 0.289062 0.03125 0.04375
0 0.650781 0.632031 0.0265625 0.0484375
0 0.978906 0.0703125 0.0421875 0.04375
0 0.75 0.410937 0.03125 0.04375
0 0.347656 0.207031 0.0359375 0.0421875
0 0.761719 0.6 0.0234375 0.04375
0 0.552344 0.700781 0.0265625 0.0421875
0 0.879687 0.61875 0.034375 0.05
0 0.714844 0.364062 0.0265625 0.040625
0 0.190625 0.317187 0.034375 0.0375
0 0.366406 0.503125 0.0265625 0.03125
0 0.305469 0.58125 0.0265625 0.040625
0 0.600781 0.407813 0.0296875 0.040625
0 0.150781 0.504687 0.0328125 0.04375
0 0.297656 0.202344 0.0390625 0.0546875
0 0.570312 0.130469 0.03125 0.0421875
0 0.472656 0.536719 0.0328125 0.0953125
0 0.509375 0.665625 0.028125 0.040625
0 0.435937 0.524219 0.028125 0.0390625
0 0.523438 0.05625 0.028125 0.034375
0 0.390625 0.255469 0.03125 0.0390625
0 0.189063 0.186719 0.034375 0.0640625
0 0.691406 0.0234375 0.0328125 0.04375
0 0.0734375 0.347656 0.0375 0.0390625
0 0.842188 0.610156 0.028125 0.0453125
0 0.102344 0.23125 0.0453125 0.04375
0 0.404687 0.283594 0.028125 0.0296875
0 0.605469 0.253906 0.0328125 0.0359375
0 0.491406 0.621875 0.0296875 0.046875
0 0.542969 0.171875 0.0328125 0.0375
0 0.217187 0.139062 0.028125 0.0375
0 0.846875 0.228906 0.03125 0.0421875
0 0.710156 0.474219 0.0296875 0.0421875
0 0.630469 0.136719 0.0328125 0.0390625
0 0.671094 0.716406 0.0328125 0.0484375
0 0.860156 0.138281 0.0296875 0.0359375
0 0.0398437 0.66875 0.0296875 0.034375
0 0.438281 0.64375 0.0359375 0.05
0 0.266406 0.680469 0.0296875 0.0390625
0 0.353906 0.699219 0.0296875 0.0515625
0 0.852344 0.728906 0.0359375 0.0546875
0 0.594531 0.184375 0.0328125 0.0375
0 0.929688 0.663281 0.025 0.0453125
0 0.255469 0.720312 0.0484375 0.046875
0 0.70625 0.144531 0.05 0.0515625
0 0.824219 0.184375 0.0359375 0.053125
0 0.773438 0.648438 0.0375 0.04375
0 0.0242187 0.532031 0.0390625 0.0515625
0 0.2125 0.347656 0.034375 0.0421875
0 0.0515625 0.241406 0.053125 0.0671875
0 0.799219 0.379687 0.0546875 0.06875
0 0.217969 0.255469 0.0328125 0.0453125
0 0.148438 0.241406 0.0375 0.0421875
0 0.347656 0.450781 0.0515625 0.0734375
0 0.292969 0.428125 0.0453125 0.040625
0 0.128125 0.475781 0.0375 0.0453125
0 0.0984375 0.563281 0.0375 0.0390625
0 0.071875 0.183594 0.0375 0.0390625
0 0.03125 0.385938 0.05625 0.084375
0 0.178906 0.255469 0.0328125 0.0390625
0 0.623438 0.457812 0.03125 0.053125
0 0.403125 0.519531 0.0375 0.0578125
0 0.436719 0.2375 0.0390625 0.046875
0 0.133594 0.582031 0.0296875 0.0421875
0 0.58125 0.683594 0.03125 0.0609375
0 0.0195312 0.283594 0.0359375 0.0390625
0 0.153125 0.389844 0.0375 0.0546875
0 0.783594 0.448438 0.0265625 0.034375
0 0.270312 0.250781 0.0375 0.0515625
0 0.790625 0.591406 0.0375 0.0484375
0 0.253906 0.389844 0.0453125 0.0484375
0 0.711719 0.204688 0.0453125 0.046875
0 0.121094 0.135937 0.0421875 0.034375
0 0.746094 0.028125 0.0484375 0.05
0 0.967969 0.654688 0.0421875 0.053125
0 0.714844 0.544531 0.0328125 0.0484375
0 0.628125 0.183594 0.034375 0.0359375
0 0.351562 0.535937 0.03125 0.04375
0 0.944531 0.505469 0.0421875 0.0609375
0 0.509375 0.225 0.025 0.034375
0 0.25625 0.542188 0.046875 0.046875
0 0.921094 0.389844 0.0328125 0.0484375
0 0.385938 0.216406 0.03125 0.0421875
0 0.796875 0.328906 0.034375 0.0453125
0 0.295312 0.371094 0.059375 0.0515625
0 0.485156 0.388281 0.0328125 0.0578125
0 0.677344 0.645312 0.0328125 0.059375
0 0.515625 0.540625 0.034375 0.0625
0 0.523438 0.444531 0.034375 0.0359375
0 0.75 0.232812 0.03125 0.034375
0 0.960938 0.396875 0.034375 0.046875
0 0.475 0.328125 0.0375 0.046875
0 0.517187 0.335156 0.0375 0.0390625
0 0.40625 0.722656 0.034375 0.0515625
0 0.910156 0.221094 0.0359375 0.0640625
0 0.814844 0.632031 0.0359375 0.0578125
0 0.429688 0.1875 0.034375 0.04375
0 0.0632813 0.628125 0.0359375 0.040625
0 0.865625 0.428906 0.040625 0.0421875
0 0.0921875 0.503125 0.040625 0.05
0 0.739844 0.664062 0.0328125 0.046875
0 0.35 0.0898438 0.046875 0.0484375
0 0.917969 0.541406 0.0453125 0.0484375
0 0.711719 0.694531 0.0328125 0.0546875
0 0.563281 0.550781 0.0359375 0.0421875
0 0.101562 0.296094 0.040625 0.0578125
0 0.0210938 0.1875 0.0421875 0.075
0 0.542969 0.298438 0.0296875 0.0375
0 0.741406 0.289062 0.0390625 0.046875
0 0.247656 0.2 0.0328125 0.04375
0 0.357031 0.271094 0.0421875 0.0515625
0 0.95625 0.215625 0.040625 0.053125
0 0.457031 0.289062 0.0390625 0.034375
0 0.935938 0.0960938 0.03125 0.0359375
0 0.439844 0.389062 0.0421875 0.05625
0 0.890625 0.101562 0.040625 0.046875
0 0.752344 0.478906 0.0359375 0.0703125
0 0.385156 0.353906 0.0359375 0.0390625
0 0.746875 0.360156 0.03125 0.0453125
0 0.354688 0.313281 0.0375 0.0421875
0 0.735937 0.602344 0.03125 0.0515625
0 0.059375 0.0734375 0.034375 0.053125
0 0.771875 0.552344 0.03125 0.0453125
0 0.425781 0.453125 0.0453125 0.06875
0 0.567187 0.483594 0.075 0.0890625
0 0.341406 0.40625 0.0328125 0.034375
0 0.892187 0.297656 0.05 0.0515625
0 0.90625 0.165625 0.0375 0.0375
0 0.626562 0.339063 0.071875 0.09375
0 0.451562 0.119531 0.05 0.0546875
0 0.866406 0.183594 0.0453125 0.0578125
0 0.38125 0.391406 0.046875 0.0421875
0 0.79375 0.1375 0.053125 0.065625
0 0.621094 0.640625 0.0296875 0.04375
0 0.227344 0.310937 0.0359375 0.0375
0 0.836719 0.479688 0.0390625 0.05625
0 0.615625 0.567969 0.046875 0.0703125
0 0.30625 0.532031 0.0375 0.0453125
0 0.414844 0.333594 0.0453125 0.0515625
0 0.304688 0.269531 0.0375 0.0484375
0 0.564844 0.320312 0.0328125 0.05
0 0.190625 0.578906 0.059375 0.0765625
0 0.196094 0.391406 0.0390625 0.0484375
0 0.891406 0.679688 0.0359375 0.0625
0 0.642969 0.517969 0.0390625 0.0546875
0 0.339844 0.353125 0.0453125 0.05
0 0.171875 0.11875 0.0625 0.0625
0 0.113281 0.180469 0.0421875 0.0640625
0 0.848437 0.669531 0.034375 0.0546875
0 0.883594 0.485938 0.0421875 0.059375
0 0.703906 0.307031 0.0359375 0.0578125
0 0.622656 0.744531 0.0359375 0.0546875
0 0.517187 0.267969 0.034375 0.0515625
0 0.3375 0.157813 0.04375 0.05625
0 0.150781 0.30625 0.0453125 0.05625
0 0.478125 0.666406 0.040625 0.0515625
0 0.392969 0.150781 0.0453125 0.0453125
0 0.0578125 0.460156 0.06875 0.0765625
0 0.107031 0.410937 0.0453125 0.059375
0 0.8125 0.08125 0.0375 0.04375
