0 0.235938 0.780469 0.03125 0.0359375
0 0.367969 0.75 0.0390625 0.05625
0 0.575781 0.677344 0.0390625 0.0421875
0 0.178125 0.65 0.03125 0.046875
0 0.423438 0.1625 0.03125 0.034375
0 0.028125 0.678125 0.028125 0.046875
0 0.245312 0.132031 0.028125 0.0390625
0 0.270312 0.489062 0.021875 0.03125
0 0.121875 0.0539063 0.021875 0.0265625
0 0.974219 0.0453125 0.0515625 0.05625
0 0.189063 0.708594 0.03125 0.0390625
0 0.5625 0.453125 0.028125 0.034375
0 0.0992187 0.492969 0.0390625 0.0390625
0 0.7 0.176563 0.034375 0.046875
0 0.0554687 0.595312 0.0484375 0.040625
0 0.267188 0.592969 0.03125 0.0546875
0 0.75625 0.229687 0.040625 0.03125
0 0.110937 0.808594 0.040625 0.0578125
0 0.0515625 0.660937 0.028125 0.040625
0 0.121094 0.44375 0.0296875 0.034375
0 0.0273438 0.135156 0.0546875 0.120312
0 0.675 0.180469 0.046875 0.0515625
0 0.669531 0.615625 0.0296875 0.03125
0 0.282031 0.734375 0.0296875 0.034375
0 0.009375 0.630469 0.01875 0.0484375
0 0.553125 0.236719 0.034375 0.0390625
0 0.452344 0.122656 0.0453125 0.0640625
0 0.724219 0.0195312 0.0421875 0.0359375
0 0.3375 0.500781 0.0375 0.0578125
0 0.670313 0.719531 0.03125 0.0390625
0 0.225781 0.879687 0.0484375 0.05
0 0.101562 0.428906 0.0375 0.0390625
0 0.667188 0.283594 0.03125 0.0546875
0 0.685156 0.44375 0.0296875 0.03125
0 0.869531 0.782812 0.0359375 0.05
0 0.0382813 0.385938 0.0296875 0.03125
0 0.389844 0.657031 0.0265625 0.0296875
0 0.626562 0.658594 0.034375 0.0484375
0 0.0976562 0.688281 0.0359375 0.0359375
0 0.0820312 0.386719 0.0328125 0.0515625
0 0.707031 0.417188 0.0265625 0.034375
0 0.308594 0.228125 0.0734375 0.053125
0 0.514844 0.590625 0.0328125 0.034375
0 0.725781 0.235156 0.0265625 0.0296875
0 0.703125 0.761719 0.034375 0.0328125
0 0.310156 0.524219 0.0296875 0.0515625
0 0.84375 0.473437 0.0375 0.05
0 0.771094 0.395312 0.0265625 0.0375
0 0.210156 0.463281 0.0265625 0.0328125
0 0.610156 0.523438 0.0328125 0.04375
0 0.864844 0.726562 0.0296875 0.034375
0 0.124219 0.153125 0.0453125 0.05625
0 0.302344 0.586719 0.0390625 0.0484375
0 0.154687 0.258594 0.028125 0.0296875
0 0.669531 0.367969 0.0453125 0.0578125
0 0.959375 0.2125 0.046875 0.128125
0 0.947656 0.096875 0.0296875 0.04375
0 0.795313 0.21875 0.028125 0.034375
0 0.0179687 0.34375 0.0328125 0.04375
0 0.102344 0.592969 0.0328125 0.0328125
0 0.0734375 0.64375 0.034375 0.046875
0 0.2 0.180469 0.034375 0.0484375
0 0.282031 0.795313 0.0359375 0.04375
0 0.232031 0.408594 0.0328125 0.0390625
0 0.808594 0.561719 0.0296875 0.0484375
0 0.513281 0.666406 0.0328125 0.0359375
0 0.742188 0.530469 0.028125 0.0421875
0 0.0335938 0.23125 0.0296875 0.028125
0 0.122656 0.646094 0.0328125 0.0359375
0 0.211719 0.705469 0.0359375 0.0578125
0 0.507812 0.626562 0.03125 0.040625
0 0.416406 0.395312 0.0328125 0.05
0 0.486719 0.592969 0.0265625 0.0328125
0 0.741406 0.708594 0.0328125 0.0421875
0 0.0625 0.332812 0.03125 0.03125
0 0.715625 0.0992187 0.034375 0.0421875
0 0.0648438 0.445312 0.0296875 0.034375
0 0.582812 0.325781 0.03125 0.0484375
0 0.164844 0.315625 0.0515625 0.0625
0 0.783594 0.660937 0.0328125 0.040625
0 0.053125 0.415625 0.03125 0.034375
0 0.736719 0.760938 0.0328125 0.040625
0 0.303125 0.64375 0.04375 0.053125
0 0.216406 0.346094 0.0359375 0.0421875
0 0.0492188 0.529688 0.0359375 0.040625
0 0.346875 0.632031 0.034375 0.0421875
0 0.0414063 0.630469 0.0328125 0.0390625
0 0.5875 0.566406 0.04375 0.0453125
0 0.189063 0.252344 0.0375 0.0453125
0 0.489844 0.217969 0.0359375 0.0421875
0 0.502344 0.129688 0.0359375 0.05625
0 0.555469 0.303906 0.0328125 0.0421875
0 0.363281 0.664844 0.0328125 0.0359375
0 0.874219 0.690625 0.0296875 0.040625
0 0.86875 0.235156 0.05 0.107813
0 0.689844 0.6 0.0359375 0.040625
0 0.653125 0.421875 0.028125 0.034375
0 0.0828125 0.0929687 0.0375 0.0578125
0 0.802344 0.445312 0.0328125 0.040625
0 0.424219 0.496094 0.0359375 0.0546875
0 0.323438 0.785937 0.034375 0.046875
0 0.0164062 0.280469 0.0328125 0.0546875
0 0.692187 0.477344 0.028125 0.0390625
0 0.755469 0.271875 0.0390625 0.04375
0 0.722656 0.632031 0.0390625 0.0453125
0 0.375 0.267969 0.040625 0.0578125
0 0.885156 0.496875 0.0453125 0.046875
0 0.183594 0.5625 0.0390625 0.053125
0 0.89375 0.579687 0.03125 0.046875
0 0.416406 0.758594 0.0328125 0.0484375
0 0.853125 0.420312 0.034375 0.040625
0 0.907031 0.728125 0.0359375 0.034375
0 0.511719 0.405469 0.0359375 0.0421875
0 0.136719 0.0820312 0.0328125 0.0359375
0 0.641406 0.513281 0.0296875 0.0359375
0 0.972656 0.1375 0.0359375 0.034375
0 0.166406 0.200781 0.0359375 0.0578125
0 0.844531 0.345313 0.0546875 0.084375
0 0.448438 0.374219 0.034375 0.0609375
0 0.522656 0.314844 0.0265625 0.0359375
0 0.784375 0.305469 0.034375 0.0453125
0 0.95625 0.428906 0.040625 0.0453125
0 0.413281 0.084375 0.0359375 0.0625
0 0.182812 0.36875 0.03125 0.0375
0 0.175 0.467969 0.0375 0.0421875
0 0.339844 0.371094 0.0359375 0.0515625
0 0.140625 0.542188 0.0375 0.046875
0 0.6125 0.271094 0.03125 0.0328125
0 0.448438 0.627344 0.040625 0.0484375
0 0.358594 0.419531 0.0359375 0.0359375
0 0.767969 0.059375 0.0609375 0.059375
0 0.278906 0.521875 0.0328125 0.04375
0 0.735937 0.396094 0.034375 0.0390625
0 0.392969 0.159375 0.0390625 0.04375
0 0.648438 0.575781 0.046875 0.0546875
0 0.667188 0.466406 0.025 0.0421875
0 0.50625 0.453906 0.04375 0.0546875
0 0.804688 0.403906 0.0375 0.0421875
0 0.536719 0.557813 0.0359375 0.0375
0 0.473437 0.404687 0.040625 0.05
0 0.0203125 0.464844 0.0375 0.0640625
0 0.814062 0.757812 0.034375 0.071875
0 0.608594 0.483594 0.0296875 0.0390625
0 0.409375 0.617188 0.034375 0.040625
0 0.29375 0.39375 0.04375 0.046875
0 0.239844 0.479688 0.0328125 0.0375
0 0.638281 0.460156 0.0328125 0.0421875
0 0.415625 0.567187 0.04375 0.05625
0 0.214844 0.642969 0.0328125 0.0359375
0 0.485156 0.646875 0.0296875 0.05
0 0.597656 0.439063 0.0359375 0.040625
0 0.622656 0.411719 0.0265625 0.0453125
0 0.878125 0.121875 0.03125 0.046875
0 0.871094 0.0390625 0.0609375 0.078125
0 0.272656 0.333594 0.0515625 0.0578125
0 0.263281 0.665625 0.0359375 0.053125
0 0.460938 0.517969 0.0375 0.0578125
0 0.241406 0.217187 0.0390625 0.046875
0 0.0921875 0.280469 0.05625 0.0671875
0 0.567187 0.485938 0.0375 0.05
0 0.404687 0.705469 0.034375 0.0578125
0 0.774219 0.522656 0.0328125 0.0421875
0 0.448438 0.217187 0.040625 0.0625
0 0.824219 0.182031 0.0390625 0.0578125
0 0.205469 0.298438 0.0390625 0.046875
0 0.652344 0.76875 0.0421875 0.053125
0 0.432813 0.28125 0.040625 0.05
0 0.632031 0.308594 0.0359375 0.0515625
0 0.488281 0.282031 0.0515625 0.0703125
0 0.111719 0.338281 0.0484375 0.0546875
0 0.772656 0.354688 0.0390625 0.053125
0 0.767969 0.574219 0.0421875 0.0609375
0 0.884375 0.451562 0.034375 0.046875
0 0.557031 0.0882813 0.0578125 0.0609375
0 0.126563 0.394531 0.0375 0.0484375
0 0.0890625 0.539062 0.034375 0.0625
0 0.31875 0.290625 0.090625 0.090625
0 0.789062 0.128906 0.05625 0.0703125
0 0.397656 0.208594 0.0390625 0.0453125
0 0.660156 0.090625 0.0609375 0.065625
0 0.771875 0.189063 0.03125 0.040625
0 0.405469 0.330469 0.0515625 0.0640625
0 0.234375 0.257812 0.034375 0.040625
0 0.833594 0.0859375 0.0578125 0.0625
