0 0.38125 0.627344 0.021875 0.0359375
0 0.754687 0.56875 0.03125 0.06875
0 0.0664062 0.8 0.0359375 0.046875
0 0.230469 0.416406 0.0234375 0.0359375
0 0.488281 0.233594 0.0234375 0.0328125
0 0.0640625 0.223438 0.03125 0.034375
0 0.4625 0.45625 0.028125 0.05625
0 0.0375 0.398438 0.03125 0.0375
0 0.359375 0.55 0.025 0.0375
0 0.195312 0.353906 0.03125 0.0359375
0 0.265625 0.740625 0.025 0.0375
0 0.865625 0.189844 0.028125 0.0359375
0 0.442969 0.785937 0.0296875 0.0375
0 0.171875 0.0601562 0.028125 0.0390625
0 0.882812 0.404687 0.025 0.04375
0 0.39375 0.742188 0.025 0.03125
0 0.570312 0.330469 0.03125 0.0484375
0 0.319531 0.391406 0.0265625 0.0328125
0 0.514844 0.194531 0.0296875 0.0515625
0 0.885156 0.253125 0.0296875 0.053125
0 0.0515625 0.354688 0.03125 0.0375
0 0.786719 0.282031 0.0328125 0.0546875
0 0.053125 0.125 0.0375 0.04375
0 0.596094 0.200781 0.0265625 0.0515625
0 0.133594 0.298438 0.0390625 0.04375
0 0.982813 0.570312 0.034375 0.046875
0 0.598437 0.504687 0.0375 0.06875
0 0.903906 0.339063 0.0453125 0.04375
0 0.505469 0.359375 0.0578125 0.04375
0 0.607813 0.442969 0.034375 0.0484375
0 0.175 0.130469 0.034375 0.0421875
0 0.539062 0.310937 0.028125 0.04375
0 0.809375 0.365625 0.0625 0.078125
0 0.327344 0.241406 0.0296875 0.0359375
0 0.847656 0.145313 0.0484375 0.059375
0 0.549219 0.182812 0.0359375 0.05625
0 0.733594 0.0203125 0.0359375 0.040625
0 0.301562 0.336719 0.034375 0.0515625
0 0.235156 0.649219 0.0296875 0.0328125
0 0.207813 0.733594 0.0375 0.0515625
0 0.710156 0.571094 0.0359375 0.0828125
0 0.0148437 0.3625 0.0296875 0.065625
0 0.189063 0.460156 0.028125 0.0328125
0 0.0804688 0.724219 0.0296875 0.0328125
0 0.844531 0.280469 0.0515625 0.0546875
0 0.851562 0.564062 0.0375 0.05625
0 0.31875 0.3125 0.03125 0.046875
0 0.121094 0.722656 0.0421875 0.0421875
0 0.267188 0.619531 0.025 0.0390625
0 0.405469 0.139844 0.0328125 0.0421875
0 0.896094 0.0609375 0.0328125 0.0375
0 0.728125 0.796094 0.03125 0.0484375
0 0.145313 0.686719 0.040625 0.0578125
0 0.35 0.625781 0.0375 0.0546875
0 0.284375 0.285937 0.028125 0.028125
0 0.288281 0.746875 0.0296875 0.034375
0 0.359375 0.229687 0.028125 0.040625
0 0.405469 0.791406 0.0359375 0.0546875
0 0.885156 0.1375 0.0734375 0.134375
0 0.0960938 0.560156 0.0265625 0.0359375
0 0.0164062 0.814062 0.0328125 0.04375
0 0.121875 0.213281 0.0375 0.0421875
0 0.200781 0.410937 0.0515625 0.0625
0 0.28125 0.70625 0.028125 0.0375
0 0.01875 0.121875 0.0375 0.046875
0 0.260938 0.153125 0.0375 0.040625
0 0.935156 0.732031 0.0328125 0.0453125
0 0.516406 0.671875 0.0265625 0.040625
0 0.360156 0.289062 0.0234375 0.034375
0 0.503906 0.314844 0.0328125 0.0390625
0 0.802344 0.647656 0.0453125 0.0640625
0 0.779688 0.199219 0.028125 0.0484375
0 0.282031 0.390625 0.0328125 0.046875
0 0.634375 0.06875 0.034375 0.05625
0 0.770312 0.419531 0.028125 0.0453125
0 0.38125 0.553906 0.03125 0.0515625
0 0.346094 0.317187 0.0265625 0.034375
0 0.115625 0.395312 0.03125 0.040625
0 0.432813 0.338281 0.025 0.0515625
0 0.983594 0.632812 0.0328125 0.0625
0 0.0289063 0.25625 0.0390625 0.046875
0 0.227344 0.542969 0.0296875 0.0390625
0 0.545313 0.646094 0.03125 0.0515625
0 0.090625 0.482031 0.0375 0.0484375
0 0.264844 0.461719 0.0328125 0.0421875
0 0.980469 0.705469 0.0359375 0.0671875
0 0.682813 0.715625 0.03125 0.0625
0 0.328125 0.276563 0.0375 0.04375
0 0.346094 0.689844 0.0328125 0.0421875
0 0.138281 0.152344 0.0296875 0.0453125
0 0.114844 0.075 0.0328125 0.040625
0 0.208594 0.628906 0.0328125 0.0390625
0 0.592969 0.603906 0.0390625 0.0484375
0 0.732031 0.420312 0.0328125 0.04375
0 0.416406 0.692969 0.0328125 0.0453125
0 0.328906 0.492969 0.0796875 0.0953125
0 0.320312 0.569531 0.040625 0.0515625
0 0.650781 0.635938 0.0421875 0.059375
0 0.645312 0.577344 0.040625 0.0515625
0 0.714844 0.653906 0.0359375 0.0359375
0 0.658594 0.457031 0.0390625 0.0546875
0 0.179688 0.492188 0.034375 0.0375
0 0.0507812 0.178906 0.0359375 0.0328125
0 0.699219 0.471094 0.0359375 0.0671875
0 0.53125 0.505469 0.05625 0.0546875
0 0.45 0.553906 0.0375 0.0453125
0 0.13125 0.496094 0.0375 0.0421875
0 0.55 0.126563 0.059375 0.071875
0 0.392969 0.432031 0.0359375 0.0546875
0 0.189063 0.260156 0.03125 0.0390625
0 0.526563 0.407813 0.04375 0.05625
0 0.242969 0.3625 0.0390625 0.065625
0 0.457031 0.363281 0.0359375 0.0421875
0 0.930469 0.541406 0.0515625 0.0734375
0 0.383594 0.660937 0.0328125 0.0375
0 0.596875 0.370313 0.0375 0.046875
0 0.561719 0.446094 0.0515625 0.0578125
0 0.177344 0.582812 0.0359375 0.040625
0 0.215625 0.179688 0.0375 0.06875
0 0.109375 0.128906 0.0375 0.0609375
0 0.372656 0.339844 0.0421875 0.0546875
0 0.0773437 0.38125 0.0390625 0.05
0 0.748438 0.685156 0.034375 0.0421875
0 0.407813 0.39375 0.03125 0.04375
0 0.289062 0.078125 0.034375 0.05625
0 0.967969 0.182031 0.0390625 0.0640625
0 0.482812 0.596875 0.028125 0.040625
0 0.714844 0.170312 0.0515625 0.10625
0 0.413281 0.547656 0.0328125 0.0609375
0 0.0515625 0.459375 0.04375 0.05625
0 0.0867188 0.269531 0.0484375 0.0515625
0 0.176563 0.178906 0.034375 0.0421875
0 0.189063 0.307813 0.04375 0.04375
0 0.323438 0.796875 0.0375 0.05
0 0.329688 0.059375 0.04375 0.053125
0 0.0828125 0.329688 0.046875 0.053125
0 0.752344 0.496094 0.0359375 0.0515625
0 0.957031 0.366406 0.0453125 0.0828125
0 0.458594 0.703906 0.0359375 0.0421875
0 0.366406 0.71875 0.0359375 0.046875
0 0.0648438 0.516406 0.0390625 0.0421875
0 0.574219 0.736719 0.0359375 0.0703125
0 0.817187 0.2125 0.040625 0.065625
0 0.28125 0.790625 0.040625 0.053125
0 0.46875 0.636719 0.0375 0.0453125
0 0.357812 0.403906 0.03125 0.0453125
0 0.626562 0.697656 0.040625 0.0765625
0 0.028125 0.210156 0.0375 0.0453125
0 0.485156 0.682031 0.0328125 0.0484375
0 0.764844 0.150781 0.0328125 0.0515625
0 0.563281 0.55625 0.0359375 0.059375
0 0.145313 0.403906 0.03125 0.0421875
0 0.504687 0.714063 0.0375 0.04375
0 0.3125 0.702344 0.03125 0.0453125
0 0.507812 0.26875 0.040625 0.05625
0 0.8 0.569531 0.040625 0.0671875
0 0.835156 0.471094 0.0953125 0.0953125
0 0.65 0.144531 0.046875 0.0578125
0 0.419531 0.203906 0.0390625 0.0609375
0 0.30625 0.427344 0.034375 0.0453125
0 0.455469 0.260156 0.0453125 0.0640625
0 0.464844 0.320312 0.0359375 0.046875
0 0.133594 0.442187 0.0359375 0.05
0 0.316406 0.133594 0.0453125 0.0515625
0 0.260938 0.421094 0.034375 0.0453125
0 0.279687 0.246094 0.040625 0.0546875
0 0.298438 0.620313 0.03125 0.046875
0 0.535937 0.758594 0.034375 0.0421875
0 0.15625 0.357031 0.04375 0.0609375
0 0.171875 0.226562 0.04375 0.053125
0 0.522656 0.621875 0.0328125 0.053125
0 0.236719 0.26875 0.0515625 0.05625
0 0.053125 0.294531 0.03125 0.0484375
0 0.299219 0.185156 0.0421875 0.0640625
0 0.4125 0.63125 0.040625 0.059375
0 0.682813 0.330469 0.075 0.0828125
0 0.705469 0.0734375 0.0484375 0.06875
0 0.417969 0.2875 0.0453125 0.05625
0 0.784375 0.075 0.08125 0.08125
0 0.39375 0.494531 0.0375 0.0578125
0 0.621094 0.778906 0.0359375 0.0671875
0 0.0554687 0.557813 0.0359375 0.04375
0 0.246875 0.7 0.046875 0.065625
