0 0.0585938 0.26875 0.0421875 0.05
0 0.476562 0.652344 0.028125 0.0421875
0 0.855469 0.417188 0.0203125 0.028125
0 0.151562 0.739844 0.028125 0.0390625
0 0.0171875 0.547656 0.03125 0.0296875
0 0.00859375 0.746875 0.0171875 0.040625
0 0.160156 0.480469 0.0328125 0.0390625
0 0.207813 0.347656 0.040625 0.0453125
0 0.427344 0.639844 0.0296875 0.0265625
0 0.015625 0.816406 0.028125 0.0359375
0 0.739062 0.68125 0.028125 0.025
0 0.132031 0.767969 0.0296875 0.0359375
0 0.582812 0.258594 0.025 0.0328125
0 0.0921875 0.469531 0.021875 0.0390625
0 0.81875 0.760156 0.028125 0.0359375
0 0.0140625 0.0453125 0.028125 0.059375
0 0.311719 0.667188 0.0296875 0.0375
0 0.214062 0.680469 0.034375 0.0546875
0 0.825 0.671875 0.03125 0.034375
0 0.192969 0.464063 0.0328125 0.04375
0 0.0460938 0.339844 0.0265625 0.0359375
0 0.182031 0.021875 0.0296875 0.0375
0 0.353906 0.078125 0.0328125 0.046875
0 0.766406 0.475781 0.0265625 0.0421875
0 0.829687 0.711719 0.046875 0.0453125
0 0.86875 0.0171875 0.046875 0.034375
0 0.149219 0.685938 0.0359375 0.046875
0 0.857031 0.257812 0.0390625 0.046875
0 0.925 0.276563 0.028125 0.03125
0 0.21875 0.492969 0.028125 0.0359375
0 0.523438 0.548437 0.05625 0.059375
0 0.573438 0.685938 0.025 0.03125
0 0.0148437 0.34375 0.0296875 0.040625
0 0.775 0.804688 0.034375 0.05625
0 0.647656 0.422656 0.0265625 0.0328125
0 0.690625 0.767187 0.028125 0.034375
0 0.115625 0.641406 0.046875 0.0546875
0 0.704687 0.678906 0.03125 0.0359375
0 0.150781 0.50625 0.0328125 0.0375
0 0.269531 0.414062 0.0265625 0.034375
0 0.364062 0.270312 0.034375 0.0375
0 0.760938 0.714844 0.028125 0.0390625
0 0.421875 0.410937 0.025 0.034375
0 0.814844 0.35 0.0359375 0.040625
0 0.921094 0.395312 0.0484375 0.096875
0 0.775781 0.4 0.0359375 0.046875
0 0.810938 0.111719 0.028125 0.0328125
0 0.971875 0.492188 0.03125 0.040625
0 0.392188 0.714844 0.021875 0.0421875
0 0.0445312 0.63125 0.0359375 0.04375
0 0.334375 0.134375 0.04375 0.03125
0 0.0226563 0.417969 0.0328125 0.0328125
0 0.260938 0.810156 0.028125 0.0359375
0 0.603125 0.748438 0.0375 0.05
0 0.379687 0.220313 0.028125 0.03125
0 0.567969 0.444531 0.0265625 0.0359375
0 0.288281 0.602344 0.0296875 0.0421875
0 0.0101562 0.709375 0.0203125 0.034375
0 0.0132813 0.296875 0.0265625 0.034375
0 0.0226563 0.647656 0.0390625 0.0421875
0 0.632812 0.059375 0.025 0.03125
0 0.0710938 0.679688 0.0328125 0.046875
0 0.0460938 0.184375 0.0453125 0.0625
0 0.692187 0.614062 0.028125 0.059375
0 0.528906 0.81875 0.0234375 0.0375
0 0.025 0.107813 0.04375 0.065625
0 0.230469 0.791406 0.0359375 0.0390625
0 0.848437 0.452344 0.03125 0.0359375
0 0.0109375 0.385156 0.021875 0.0421875
0 0.196094 0.7875 0.0296875 0.040625
0 0.670313 0.688281 0.028125 0.0421875
0 0.213281 0.746094 0.0328125 0.0328125
0 0.128906 0.015625 0.0359375 0.028125
0 0.611719 0.191406 0.0328125 0.0390625
0 0.616406 0.3375 0.0453125 0.05
0 0.567969 0.838281 0.0265625 0.0421875
0 0.0125 0.610156 0.025 0.0390625
0 0.652344 0.257031 0.0421875 0.0390625
0 0.791406 0.528906 0.0296875 0.0359375
0 0.795313 0.753906 0.025 0.0328125
0 0.1125 0.200781 0.03125 0.0578125
0 0.697656 0.817187 0.0328125 0.046875
0 0.497656 0.103906 0.0390625 0.0421875
0 0.169531 0.792969 0.0234375 0.0328125
0 0.414844 0.454688 0.0328125 0.040625
0 0.172656 0.754687 0.0296875 0.0375
0 0.717188 0.642187 0.0375 0.0375
0 0.722656 0.367188 0.0328125 0.05
0 0.528125 0.315625 0.04375 0.065625
0 0.802344 0.789844 0.0296875 0.0359375
0 0.49375 0.783594 0.028125 0.0421875
0 0.319531 0.503125 0.0359375 0.040625
0 0.450781 0.251563 0.0703125 0.0625
0 0.185937 0.25 0.06875 0.090625
0 0.427344 0.83125 0.0265625 0.0375
0 0.36875 0.1875 0.04375 0.04375
0 0.253906 0.700781 0.0328125 0.0546875
0 0.0929687 0.367969 0.0359375 0.0546875
0 0.791406 0.660937 0.0296875 0.0375
0 0.559375 0.746875 0.028125 0.0375
0 0.751562 0.603906 0.0375 0.0515625
0 0.585156 0.496094 0.0421875 0.0421875
0 0.570312 0.789062 0.025 0.034375
0 0.614062 0.792969 0.028125 0.0390625
0 0.122656 0.735156 0.0234375 0.0328125
0 0.264844 0.19375 0.0421875 0.04375
0 0.0953125 0.248437 0.034375 0.046875
0 0.534375 0.736719 0.025 0.0359375
0 0.251563 0.065625 0.040625 0.046875
0 0.441406 0.367969 0.0453125 0.0578125
0 0.350781 0.441406 0.0328125 0.0484375
0 0.366406 0.528906 0.0359375 0.0421875
0 0.629687 0.391406 0.034375 0.0421875
0 0.0328125 0.775 0.03125 0.0375
0 0.635938 0.3 0.046875 0.046875
0 0.460938 0.303125 0.0375 0.0375
0 0.315625 0.782031 0.034375 0.0484375
0 0.607031 0.436719 0.0421875 0.0484375
0 0.722656 0.3 0.0265625 0.040625
0 0.974219 0.6 0.0328125 0.05
0 0.0640625 0.466406 0.03125 0.0359375
0 0.907812 0.0539063 0.04375 0.0453125
0 0.328906 0.3 0.0328125 0.059375
0 0.677344 0.327344 0.0421875 0.0453125
0 0.30625 0.553125 0.03125 0.040625
0 0.542969 0.775 0.0328125 0.040625
0 0.504687 0.71875 0.034375 0.040625
0 0.767187 0.321875 0.03125 0.046875
0 0.73125 0.720312 0.03125 0.046875
0 0.046875 0.697656 0.03125 0.0453125
0 0.0757812 0.43125 0.0421875 0.046875
0 0.889063 0.2 0.040625 0.05625
0 0.944531 0.321094 0.0359375 0.0484375
0 0.382812 0.415625 0.0375 0.05
0 0.865625 0.332812 0.025 0.0375
0 0.203906 0.627344 0.0328125 0.0421875
0 0.569531 0.619531 0.0484375 0.0828125
0 0.128125 0.253125 0.028125 0.040625
0 0.879687 0.519531 0.028125 0.0390625
0 0.35 0.592188 0.053125 0.065625
0 0.457031 0.63125 0.0265625 0.034375
0 0.149219 0.146094 0.0390625 0.0546875
0 0.50625 0.349219 0.0375 0.0609375
0 0.288281 0.380469 0.0359375 0.0421875
0 0.598437 0.546094 0.04375 0.0515625
0 0.270312 0.34375 0.028125 0.03125
0 0.753906 0.279687 0.0296875 0.046875
0 0.835156 0.0953125 0.0296875 0.04375
0 0.328906 0.746094 0.0265625 0.0359375
0 0.663281 0.176563 0.0453125 0.06875
0 0.721094 0.429688 0.0453125 0.05625
0 0.575 0.363281 0.0375 0.0640625
0 0.234375 0.402344 0.0375 0.0453125
0 0.342969 0.392188 0.0296875 0.0375
0 0.502344 0.489844 0.0328125 0.0359375
0 0.834375 0.824219 0.028125 0.0421875
0 0.617188 0.657031 0.034375 0.0515625
0 0.234375 0.653906 0.025 0.0296875
0 0.176563 0.645312 0.0375 0.034375
0 0.250781 0.567187 0.0328125 0.046875
0 0.228906 0.307813 0.0328125 0.0375
0 0.529688 0.647656 0.0375 0.0421875
0 0.789062 0.280469 0.034375 0.0484375
0 0.424219 0.171875 0.0328125 0.034375
0 0.542188 0.48125 0.028125 0.04375
0 0.642969 0.717188 0.0359375 0.040625
0 0.848437 0.382031 0.028125 0.0421875
0 0.782812 0.449219 0.034375 0.0453125
0 0.88125 0.660937 0.075 0.071875
0 0.307813 0.183594 0.028125 0.0328125
0 0.0609375 0.732813 0.028125 0.034375
0 0.815625 0.608594 0.046875 0.0671875
0 0.123438 0.479688 0.0375 0.053125
0 0.279687 0.671094 0.034375 0.0453125
0 0.361719 0.738281 0.0328125 0.0578125
0 0.659375 0.550781 0.0375 0.0546875
0 0.0132813 0.257812 0.0265625 0.040625
0 0.939062 0.23125 0.046875 0.05625
0 0.0898438 0.73125 0.0296875 0.0375
0 0.140625 0.0742188 0.034375 0.0546875
0 0.715625 0.267188 0.028125 0.034375
0 0.85 0.494531 0.034375 0.0390625
0 0.419531 0.115625 0.0609375 0.071875
0 0.490625 0.217187 0.05625 0.0625
0 0.764844 0.558594 0.0421875 0.0484375
0 0.753906 0.65625 0.0328125 0.04375
0 0.0453125 0.383594 0.04375 0.0546875
0 0.732813 0.2125 0.05 0.075
0 0.503125 0.169531 0.078125 0.0734375
0 0.65625 0.480469 0.053125 0.0578125
0 0.91875 0.500781 0.040625 0.0359375
0 0.517969 0.428125 0.0640625 0.084375
0 0.0820312 0.0929687 0.0703125 0.101562
0 0.14375 0.441406 0.034375 0.0359375
0 0.724219 0.107031 0.0296875 0.0390625
0 0.817969 0.408594 0.0390625 0.0546875
0 0.748438 0.15 0.040625 0.05625
0 0.217187 0.542969 0.034375 0.0390625
0 0.43125 0.728906 0.03125 0.0421875
0 0.728906 0.773438 0.0359375 0.040625
0 0.46875 0.729688 0.03125 0.0375
0 0.417188 0.765625 0.03125 0.04375
0 0.947656 0.540625 0.0578125 0.05625
0 0.1875 0.517969 0.0375 0.0515625
0 0.404687 0.294531 0.05 0.0796875
0 0.464844 0.580469 0.0421875 0.0609375
0 0.441406 0.671875 0.0328125 0.05
0 0.883594 0.584375 0.0734375 0.071875
0 0.142969 0.377344 0.0546875 0.0859375
0 0.167969 0.603906 0.0359375 0.0453125
0 0.0757812 0.321875 0.0359375 0.053125
0 0.0492188 0.558594 0.0421875 0.0578125
0 0.846875 0.534375 0.034375 0.04375
0 0.417188 0.592969 0.046875 0.0578125
0 0.210156 0.132031 0.0828125 0.0921875
0 0.182031 0.559375 0.0390625 0.046875
0 0.25625 0.271094 0.05625 0.0546875
0 0.88125 0.395312 0.034375 0.059375
0 0.544531 0.105469 0.0546875 0.0609375
0 0.234375 0.608594 0.040625 0.0484375
0 0.633594 0.0945313 0.0328125 0.0359375
0 0.844531 0.159375 0.0453125 0.06875
0 0.542188 0.241406 0.03125 0.0453125
0 0.29375 0.460938 0.065625 0.08125
0 0.469531 0.528125 0.0359375 0.040625
0 0.454688 0.785937 0.04375 0.0625
0 0.460938 0.471094 0.059375 0.0609375
0 0.790625 0.169531 0.04375 0.0609375
0 0.802344 0.0703125 0.0328125 0.046875
0 0.130469 0.55625 0.0484375 0.0625
0 0.303125 0.235156 0.053125 0.0640625
0 0.472656 0.844531 0.0359375 0.0578125
0 0.0757812 0.517969 0.0453125 0.0609375
0 0.940625 0.145313 0.096875 0.1
0 0.0835937 0.582812 0.0484375 0.0625
0 0.860937 0.05625 0.04375 0.0625
0 0.732813 0.502344 0.065625 0.0796875
0 0.503906 0.601562 0.0390625 0.046875
