0 0.878906 0.364844 0.0328125 0.0296875
0 0.299219 0.296875 0.0296875 0.028125
0 0.382812 0.0742188 0.025 0.0359375
0 0.23125 0.510156 0.034375 0.0390625
0 0.760156 0.616406 0.0296875 0.0453125
0 0.778125 0.128125 0.0375 0.04375
0 0.0132813 0.499219 0.0265625 0.0359375
0 0.134375 0.785937 0.028125 0.034375
0 0.966406 0.104687 0.0296875 0.034375
0 0.389844 0.266406 0.0390625 0.0390625
0 0.178125 0.69375 0.028125 0.028125
0 0.349219 0.416406 0.0296875 0.0359375
0 0.423438 0.432031 0.0375 0.0578125
0 0.0140625 0.580469 0.028125 0.0515625
0 0.05 0.176563 0.03125 0.0375
0 0.711719 0.0273438 0.0421875 0.0453125
0 0.333594 0.44375 0.0328125 0.05
0 0.835156 0.225 0.0296875 0.03125
0 0.124219 0.525781 0.0328125 0.0421875
0 0.423438 0.172656 0.028125 0.0359375
0 0.197656 0.180469 0.0359375 0.0390625
0 0.954687 0.0109375 0.040625 0.021875
0 0.240625 0.353125 0.028125 0.03125
0 0.914062 0.496875 0.034375 0.05625
0 0.265625 0.345313 0.028125 0.046875
0 0.439063 0.275 0.034375 0.03125
0 0.046875 0.414062 0.028125 0.0375
0 0.259375 0.504687 0.028125 0.0375
0 0.457812 0.428125 0.03125 0.046875
0 0.203906 0.78125 0.0703125 0.05625
0 0.291406 0.421094 0.0328125 0.0359375
0 0.185156 0.228125 0.0296875 0.034375
0 0.108594 0.658594 0.0265625 0.0328125
0 0.103125 0.191406 0.03125 0.0296875
0 0.184375 0.317187 0.03125 0.040625
0 0.507812 0.745313 0.025 0.046875
0 0.280469 0.391406 0.0296875 0.0359375
0 0.407031 0.142188 0.0265625 0.03125
0 0.4875 0.572656 0.0375 0.0453125
0 0.277344 0.0789063 0.0265625 0.0328125
0 0.0234375 0.161719 0.028125 0.0328125
0 0.364062 0.254687 0.034375 0.046875
0 0.423438 0.730469 0.034375 0.0578125
0 0.608594 0.190625 0.0328125 0.040625
0 0.8125 0.128906 0.034375 0.0390625
0 0.084375 0.359375 0.046875 0.05
0 0.533594 0.710938 0.0390625 0.028125
0 0.202344 0.644531 0.0328125 0.0390625
0 0.164844 0.175 0.0265625 0.040625
0 0.970312 0.15625 0.03125 0.0375
0 0.64375 0.159375 0.04375 0.05
0 0.339844 0.23125 0.0234375 0.03125
0 0.199219 0.370313 0.0328125 0.04375
0 0.392188 0.590625 0.03125 0.040625
0 0.171094 0.446875 0.0234375 0.05
0 0.435156 0.525781 0.0296875 0.0359375
0 0.609375 0.4375 0.028125 0.034375
0 0.350781 0.666406 0.0296875 0.0421875
0 0.0757812 0.467969 0.0390625 0.0421875
0 0.483594 0.745313 0.0234375 0.0375
0 0.0523437 0.104687 0.0296875 0.0375
0 0.135156 0.446094 0.0359375 0.0484375
0 0.699219 0.0867188 0.0421875 0.0546875
0 0.402344 0.552344 0.0296875 0.0421875
0 0.753906 0.192188 0.0671875 0.071875
0 0.0148437 0.530469 0.0296875 0.0328125
0 0.0476562 0.540625 0.0359375 0.046875
0 0.065625 0.0414063 0.084375 0.0765625
0 0.945312 0.454688 0.034375 0.053125
0 0.407031 0.678125 0.0296875 0.0375
0 0.505469 0.107031 0.0328125 0.0390625
0 0.525 0.486719 0.040625 0.0953125
0 0.403906 0.315625 0.0359375 0.046875
0 0.653906 0.513281 0.0453125 0.0671875
0 0.474219 0.071875 0.0328125 0.0375
0 0.761719 0.275781 0.0890625 0.123438
0 0.846094 0.454688 0.0328125 0.046875
0 0.377344 0.684375 0.0265625 0.0375
0 0.127344 0.164062 0.0328125 0.040625
0 0.59375 0.583594 0.03125 0.0453125
0 0.372656 0.559375 0.0296875 0.04375
0 0.135937 0.623438 0.03125 0.0375
0 0.071875 0.409375 0.03125 0.034375
0 0.0414063 0.615625 0.0328125 0.0375
0 0.0554687 0.582031 0.0296875 0.0390625
0 0.289062 0.235938 0.034375 0.05625
0 0.4875 0.223438 0.028125 0.0375
0 0.691406 0.13125 0.0328125 0.05625
0 0.39375 0.192969 0.034375 0.0453125
0 0.898438 0.276563 0.034375 0.046875
0 0.605469 0.24375 0.0453125 0.078125
0 0.832031 0.04375 0.0328125 0.0375
0 0.453125 0.317969 0.04375 0.0640625
0 0.375781 0.386719 0.0328125 0.0453125
0 0.0695312 0.279687 0.0421875 0.040625
0 0.860156 0.0796875 0.0265625 0.040625
0 0.339063 0.308594 0.028125 0.0328125
0 0.210938 0.0882813 0.03125 0.0546875
0 0.241406 0.290625 0.0359375 0.046875
0 0.346094 0.378125 0.0265625 0.034375
0 0.721094 0.328125 0.0296875 0.0375
0 0.73125 0.285937 0.03125 0.046875
0 0.846094 0.363281 0.0296875 0.0390625
0 0.820312 0.316406 0.028125 0.0359375
0 0.0976562 0.590625 0.0328125 0.04375
0 0.199219 0.269531 0.0328125 0.0390625
0 0.405469 0.36875 0.0296875 0.03125
0 0.489844 0.452344 0.0328125 0.0390625
0 0.146875 0.401563 0.0375 0.040625
0 0.2 0.415625 0.0375 0.03125
0 0.889844 0.0773437 0.0265625 0.0421875
0 0.225 0.578906 0.04375 0.0609375
0 0.891406 0.421875 0.0578125 0.075
0 0.517969 0.203125 0.0296875 0.034375
0 0.084375 0.126563 0.034375 0.040625
0 0.540625 0.071875 0.040625 0.05
0 0.0234375 0.295312 0.040625 0.053125
0 0.588281 0.332812 0.0671875 0.065625
0 0.419531 0.224219 0.0390625 0.0484375
0 0.491406 0.636719 0.0390625 0.0484375
0 0.944531 0.629687 0.0359375 0.05
0 0.302344 0.68125 0.0734375 0.090625
0 0.946875 0.507812 0.03125 0.04375
0 0.677344 0.399219 0.0484375 0.0546875
0 0.661719 0.273438 0.0359375 0.053125
0 0.257031 0.551562 0.0359375 0.0375
0 0.283594 0.784375 0.0328125 0.040625
0 0.0179687 0.103906 0.0328125 0.0359375
0 0.611719 0.384375 0.0453125 0.05
0 0.338281 0.515625 0.0359375 0.0375
0 0.961719 0.394531 0.0453125 0.0390625
0 0.423438 0.641406 0.034375 0.0484375
0 0.303125 0.504687 0.03125 0.0375
0 0.828125 0.517187 0.04375 0.046875
0 0.653125 0.208594 0.04375 0.0609375
0 0.449219 0.755469 0.0328125 0.0515625
0 0.790625 0.4625 0.053125 0.06875
0 0.463281 0.528125 0.0328125 0.040625
0 0.120312 0.486719 0.03125 0.0359375
0 0.514063 0.4125 0.034375 0.046875
0 0.571094 0.461719 0.0359375 0.0640625
0 0.852344 0.299219 0.0359375 0.0421875
0 0.0242187 0.219531 0.0484375 0.0734375
0 0.692187 0.296094 0.040625 0.0609375
0 0.332812 0.128125 0.04375 0.040625
0 0.260156 0.646094 0.0296875 0.0453125
0 0.804688 0.627344 0.034375 0.0515625
0 0.439844 0.140625 0.0328125 0.040625
0 0.389844 0.646094 0.0296875 0.0390625
0 0.207031 0.460156 0.0453125 0.0609375
0 0.296094 0.752344 0.0265625 0.0359375
0 0.0945313 0.238281 0.0390625 0.0515625
0 0.108594 0.394531 0.0296875 0.0390625
0 0.419531 0.0664062 0.0359375 0.0359375
0 0.473437 0.697656 0.034375 0.0578125
0 0.867188 0.121094 0.0375 0.0453125
0 0.504687 0.317187 0.05 0.0625
0 0.430469 0.491406 0.0734375 0.0484375
0 0.892969 0.575781 0.0609375 0.0890625
0 0.0773437 0.555469 0.0296875 0.0359375
0 0.860156 0.25625 0.0296875 0.04375
0 0.457031 0.225781 0.0296875 0.0546875
0 0.745313 0.0835937 0.028125 0.0359375
0 0.783594 0.0695312 0.0328125 0.0515625
0 0.150781 0.219531 0.0328125 0.0390625
0 0.472656 0.171094 0.0359375 0.0453125
0 0.302344 0.542969 0.0328125 0.0359375
0 0.511719 0.257812 0.0359375 0.05625
0 0.807031 0.180469 0.0484375 0.0515625
0 0.291406 0.585938 0.0734375 0.05
0 0.604688 0.130469 0.04375 0.0609375
0 0.379687 0.452344 0.034375 0.0484375
0 0.220313 0.678125 0.04375 0.046875
0 0.432813 0.595312 0.040625 0.053125
0 0.213281 0.728906 0.0359375 0.0390625
0 0.610156 0.478125 0.0359375 0.05
0 0.90625 0.207031 0.059375 0.0828125
0 0.130469 0.252344 0.0390625 0.0484375
0 0.638281 0.0820312 0.0421875 0.0546875
0 0.864844 0.185937 0.0390625 0.065625
0 0.792969 0.357031 0.0390625 0.0484375
0 0.570312 0.397656 0.034375 0.0421875
0 0.689844 0.233594 0.0296875 0.0359375
0 0.0351562 0.48125 0.0359375 0.0375
0 0.533594 0.341406 0.0390625 0.0515625
0 0.376563 0.121094 0.0375 0.0484375
0 0.7875 0.555469 0.04375 0.0609375
0 0.0953125 0.624219 0.034375 0.0484375
0 0.823438 0.269531 0.034375 0.0421875
0 0.242188 0.466406 0.028125 0.0359375
0 0.9375 0.117969 0.034375 0.0453125
0 0.158594 0.753125 0.0328125 0.040625
0 0.1875 0.530469 0.0375 0.0546875
0 0.953125 0.269531 0.0375 0.0453125
0 0.558594 0.152344 0.0484375 0.0546875
0 0.138281 0.583594 0.0359375 0.0484375
0 0.244531 0.395312 0.0359375 0.046875
0 0.927344 0.332031 0.0984375 0.0734375
0 0.539062 0.591406 0.06875 0.0953125
0 0.0398437 0.344531 0.0328125 0.0421875
0 0.0289063 0.382031 0.0359375 0.0453125
0 0.948438 0.220313 0.03125 0.04375
0 0.590625 0.528125 0.046875 0.0625
