0 0.60625 0.146875 0.025 0.034375
0 0.314063 0.477344 0.028125 0.0390625
0 0.292188 0.740625 0.025 0.034375
0 0.0078125 0.427344 0.015625 0.0359375
0 0.982813 0.289844 0.03125 0.0609375
0 0.071875 0.253906 0.025 0.0296875
0 0.8 0.260938 0.03125 0.040625
0 0.703125 0.124219 0.034375 0.0421875
0 0.0179687 0.120312 0.0296875 0.028125
0 0.589844 0.557813 0.0265625 0.04375
0 0.242188 0.807031 0.0375 0.0484375
0 0.102344 0.557031 0.0296875 0.0421875
0 0.419531 0.226562 0.0484375 0.05625
0 0.409375 0.694531 0.028125 0.0453125
0 0.433594 0.509375 0.0265625 0.046875
0 0.474219 0.158594 0.0265625 0.0265625
0 0.383594 0.360156 0.0359375 0.0421875
0 0.392188 0.264844 0.03125 0.0484375
0 0.454688 0.109375 0.040625 0.053125
0 0.529688 0.603125 0.03125 0.04375
0 0.433594 0.0648438 0.0234375 0.0265625
0 0.146094 0.065625 0.0359375 0.03125
0 0.495313 0.196875 0.04375 0.05625
0 0.475 0.361719 0.03125 0.0484375
0 0.573438 0.421094 0.034375 0.0390625
0 0.264062 0.382031 0.03125 0.0421875
0 0.065625 0.221875 0.03125 0.034375
0 0.101562 0.174219 0.028125 0.0328125
0 0.797656 0.300781 0.0421875 0.0421875
0 0.517187 0.567187 0.028125 0.028125
0 0.502344 0.115625 0.0296875 0.03125
0 0.300781 0.548437 0.0328125 0.040625
0 0.603125 0.632812 0.028125 0.046875
0 0.723437 0.521875 0.034375 0.05625
0 0.1875 0.765625 0.03125 0.040625
0 0.0773437 0.19375 0.0328125 0.028125
0 0.445312 0.471875 0.0375 0.059375
0 0.504687 0.365625 0.021875 0.034375
0 0.133594 0.164844 0.0265625 0.0328125
0 0.523438 0.767187 0.028125 0.04375
0 0.310937 0.664844 0.040625 0.0421875
0 0.251563 0.0539063 0.034375 0.0359375
0 0.151562 0.585938 0.028125 0.0375
0 0.489062 0.689062 0.025 0.040625
0 0.04375 0.419531 0.03125 0.0453125
0 0.125781 0.53125 0.0328125 0.034375
0 0.392969 0.760156 0.0421875 0.0484375
0 0.340625 0.296094 0.025 0.0453125
0 0.225781 0.767969 0.0265625 0.0296875
0 0.115625 0.440625 0.034375 0.04375
0 0.952344 0.528906 0.0359375 0.0515625
0 0.559375 0.575 0.03125 0.046875
0 0.848437 0.464063 0.03125 0.0375
0 0.164844 0.201562 0.0484375 0.075
0 0.390625 0.314844 0.03125 0.0390625
0 0.610156 0.58125 0.0265625 0.0375
0 0.472656 0.297656 0.0359375 0.0546875
0 0.139062 0.765625 0.034375 0.04375
0 0.33125 0.253125 0.025 0.03125
0 0.407813 0.175 0.0375 0.05
0 0.226562 0.727344 0.040625 0.0546875
0 0.182031 0.653906 0.0265625 0.0390625
0 0.175 0.607813 0.03125 0.034375
0 0.403125 0.457812 0.034375 0.034375
0 0.44375 0.682031 0.03125 0.0421875
0 0.958594 0.446875 0.0484375 0.071875
0 0.176563 0.303125 0.040625 0.04375
0 0.288281 0.483594 0.0328125 0.0328125
0 0.913281 0.423438 0.0328125 0.065625
0 0.749219 0.357031 0.0515625 0.0484375
0 0.383594 0.429688 0.0265625 0.034375
0 0.682813 0.620313 0.028125 0.046875
0 0.333594 0.520312 0.0484375 0.046875
0 0.539844 0.422656 0.0265625 0.0359375
0 0.758594 0.127344 0.0390625 0.0421875
0 0.189844 0.0984375 0.0296875 0.04375
0 0.909375 0.0640625 0.046875 0.065625
0 0.186719 0.428906 0.0296875 0.0328125
0 0.238281 0.528125 0.0296875 0.034375
0 0.301562 0.270312 0.034375 0.040625
0 0.246094 0.614062 0.0265625 0.0375
0 0.270312 0.521094 0.03125 0.0359375
0 0.35625 0.392969 0.04375 0.0484375
0 0.225 0.567187 0.040625 0.046875
0 0.747656 0.310937 0.0296875 0.040625
0 0.45 0.184375 0.028125 0.040625
0 0.01875 0.255469 0.034375 0.0453125
0 0.5 0.404687 0.046875 0.04375
0 0.01875 0.33125 0.0375 0.053125
0 0.564844 0.182812 0.0328125 0.0375
0 0.260938 0.765625 0.034375 0.0375
0 0.2375 0.472656 0.03125 0.0421875
0 0.349219 0.451562 0.0484375 0.059375
0 0.264844 0.446094 0.0296875 0.0484375
0 0.646875 0.453906 0.025 0.0390625
0 0.329688 0.203906 0.03125 0.0390625
0 0.6 0.703906 0.040625 0.0609375
0 0.59375 0.096875 0.0375 0.0375
0 0.917188 0.351562 0.028125 0.04375
0 0.349219 0.63125 0.0390625 0.040625
0 0.8625 0.503125 0.03125 0.034375
0 0.872656 0.282813 0.0859375 0.140625
0 0.294531 0.319531 0.0359375 0.0484375
0 0.207031 0.511719 0.0390625 0.0609375
0 0.0570313 0.827344 0.0265625 0.0453125
0 0.101562 0.242969 0.034375 0.0453125
0 0.939844 0.261719 0.0578125 0.0796875
0 0.321875 0.353906 0.025 0.0390625
0 0.610156 0.209375 0.0578125 0.046875
0 0.439844 0.36875 0.0296875 0.03125
0 0.221094 0.391406 0.0640625 0.0609375
0 0.864062 0.415625 0.0375 0.05
0 0.946875 0.392969 0.028125 0.0359375
0 0.319531 0.59375 0.0359375 0.059375
0 0.0664062 0.06875 0.0421875 0.04375
0 0.833594 0.197656 0.0984375 0.0984375
0 0.128125 0.817969 0.034375 0.0609375
0 0.385156 0.507031 0.0328125 0.0484375
0 0.365625 0.330469 0.028125 0.0421875
0 0.814062 0.141406 0.040625 0.0453125
0 0.359375 0.178906 0.040625 0.0609375
0 0.146875 0.632031 0.04375 0.0515625
0 0.747656 0.255469 0.0296875 0.0484375
0 0.0320312 0.147656 0.0328125 0.0359375
0 0.957031 0.346094 0.0421875 0.0578125
0 0.928125 0.646875 0.034375 0.0625
0 0.538281 0.090625 0.0359375 0.053125
0 0.350781 0.764063 0.0421875 0.0625
0 0.321875 0.728906 0.03125 0.0484375
0 0.354688 0.10625 0.0875 0.084375
0 0.721875 0.614062 0.040625 0.065625
0 0.553906 0.50625 0.0390625 0.059375
0 0.475 0.585156 0.05625 0.0734375
0 0.0273438 0.189844 0.0546875 0.0578125
0 0.0546875 0.546094 0.05625 0.0828125
0 0.678906 0.526563 0.0359375 0.05
0 0.784375 0.403906 0.0375 0.0515625
0 0.090625 0.820312 0.034375 0.0625
0 0.207813 0.257812 0.0625 0.071875
0 0.0710938 0.157031 0.0359375 0.0421875
0 0.307813 0.234375 0.028125 0.03125
0 0.548437 0.144531 0.053125 0.0484375
0 0.6375 0.629687 0.03125 0.065625
0 0.18125 0.566406 0.034375 0.0453125
0 0.103125 0.11875 0.05625 0.046875
0 0.528125 0.703125 0.0375 0.059375
0 0.434375 0.302344 0.034375 0.0515625
0 0.155469 0.417188 0.0328125 0.046875
0 0.897656 0.498437 0.0265625 0.046875
0 0.530469 0.264844 0.0421875 0.0609375
0 0.722656 0.411719 0.0546875 0.0609375
0 0.132031 0.291406 0.0390625 0.0390625
0 0.4125 0.107813 0.03125 0.046875
0 0.0796875 0.478906 0.0375 0.0515625
0 0.1875 0.83125 0.05 0.05625
0 0.467969 0.233594 0.0328125 0.0421875
0 0.282813 0.6 0.034375 0.053125
0 0.967188 0.110156 0.0625 0.0765625
0 0.828125 0.390625 0.053125 0.05625
0 0.691406 0.467187 0.0390625 0.053125
0 0.071875 0.338281 0.040625 0.0609375
0 0.49375 0.0640625 0.0375 0.03125
0 0.482812 0.495313 0.034375 0.040625
0 0.744531 0.078125 0.0609375 0.05625
0 0.658594 0.340625 0.0578125 0.059375
0 0.264844 0.144531 0.145313 0.117188
0 0.211719 0.628125 0.0390625 0.05
0 0.64375 0.404687 0.071875 0.06875
0 0.594531 0.28125 0.0609375 0.08125
0 0.151562 0.482031 0.046875 0.0671875
0 0.08125 0.414062 0.046875 0.065625
0 0.146094 0.357812 0.0671875 0.0625
0 0.275 0.707812 0.040625 0.0625
0 0.165625 0.128125 0.040625 0.046875
0 0.246094 0.347656 0.0390625 0.0453125
0 0.842188 0.0851562 0.1 0.0859375
0 0.752344 0.467969 0.0515625 0.0796875
0 0.417969 0.548437 0.0328125 0.040625
0 0.260938 0.555469 0.034375 0.0484375
0 0.924219 0.495313 0.0328125 0.046875
0 0.304688 0.40625 0.05625 0.0625
0 0.559375 0.346875 0.1125 0.109375
0 0.361719 0.582812 0.0390625 0.059375
