0 0.716406 0.630469 0.0265625 0.0390625
0 0.0507812 0.347656 0.0359375 0.0328125
0 0.214844 0.614062 0.0296875 0.046875
0 0.808594 0.553906 0.0296875 0.0453125
0 0.567187 0.165625 0.034375 0.040625
0 0.104687 0.253125 0.021875 0.025
0 0.800781 0.501562 0.0296875 0.046875
0 0.0101562 0.0789063 0.0203125 0.0390625
0 0.04375 0.510938 0.04375 0.04375
0 0.132031 0.314063 0.0421875 0.046875
0 0.0375 0.576563 0.028125 0.03125
0 0.330469 0.151562 0.0390625 0.0375
0 0.160156 0.478906 0.0265625 0.0359375
0 0.7375 0.35625 0.025 0.03125
0 0.695312 0.658594 0.040625 0.0390625
0 0.139062 0.567187 0.028125 0.0375
0 0.647656 0.551562 0.0265625 0.0375
0 0.288281 0.354688 0.0265625 0.03125
0 0.777344 0.54375 0.0265625 0.03125
0 0.7375 0.450781 0.028125 0.0359375
0 0.93125 0.701563 0.034375 0.05625
0 0.803125 0.427344 0.021875 0.0390625
0 0.109375 0.398438 0.028125 0.0375
0 0.0117188 0.563281 0.0234375 0.0421875
0 0.828125 0.439844 0.025 0.0390625
0 0.0382813 0.403906 0.0359375 0.0421875
0 0.416406 0.7 0.0328125 0.0375
0 0.702344 0.533594 0.0296875 0.0328125
0 0.0578125 0.375 0.028125 0.034375
0 0.253125 0.895312 0.034375 0.034375
0 0.0460938 0.617188 0.0359375 0.0375
0 0.0140625 0.475 0.028125 0.046875
0 0.279687 0.265625 0.028125 0.034375
0 0.471875 0.0921875 0.03125 0.04375
0 0.588281 0.674219 0.0296875 0.0359375
0 0.271875 0.503125 0.028125 0.03125
0 0.377344 0.817969 0.0328125 0.0390625
0 0.989844 0.172656 0.0203125 0.0390625
0 0.815625 0.0164062 0.04375 0.0265625
0 0.39375 0.7625 0.040625 0.05625
0 0.671094 0.546094 0.0328125 0.0390625
0 0.889063 0.236719 0.03125 0.0390625
0 0.484375 0.724219 0.034375 0.0515625
0 0.763281 0.7 0.0328125 0.046875
0 0.3625 0.153906 0.025 0.0359375
0 0.494531 0.121094 0.0296875 0.0328125
0 0.11875 0.271094 0.028125 0.0296875
0 0.453125 0.376563 0.034375 0.040625
0 0.116406 0.340625 0.0265625 0.03125
0 0.617188 0.136719 0.04375 0.0484375
0 0.248437 0.253906 0.03125 0.0296875
0 0.828125 0.386719 0.028125 0.0328125
0 0.584375 0.222656 0.025 0.0296875
0 0.0164062 0.279687 0.0296875 0.034375
0 0.132031 0.230469 0.0296875 0.0359375
0 0.14375 0.257031 0.028125 0.0296875
0 0.732813 0.525 0.028125 0.040625
0 0.244531 0.215625 0.0328125 0.034375
0 0.958594 0.270312 0.0453125 0.084375
0 0.0804688 0.252344 0.0234375 0.0296875
0 0.867188 0.0914062 0.03125 0.0359375
0 0.83125 0.644531 0.028125 0.0390625
0 0.352344 0.599219 0.0484375 0.0453125
0 0.707812 0.503125 0.028125 0.034375
0 0.829687 0.782031 0.0375 0.0609375
0 0.214062 0.675 0.0375 0.053125
0 0.25 0.361719 0.040625 0.0640625
0 0.654688 0.192969 0.034375 0.0515625
0 0.254687 0.855469 0.03125 0.0421875
0 0.278125 0.869531 0.03125 0.0421875
0 0.157031 0.592188 0.0296875 0.0375
0 0.307031 0.476562 0.0296875 0.0375
0 0.760156 0.754687 0.0484375 0.05
0 0.672656 0.297656 0.0265625 0.0359375
0 0.146875 0.385156 0.025 0.0328125
0 0.0515625 0.658594 0.03125 0.0328125
0 0.225 0.229687 0.028125 0.028125
0 0.319531 0.439063 0.0296875 0.040625
0 0.0523437 0.467969 0.0265625 0.0359375
0 0.896094 0.486719 0.0296875 0.0328125
0 0.0921875 0.582812 0.025 0.034375
0 0.015625 0.719531 0.03125 0.0484375
0 0.346094 0.747656 0.0390625 0.0453125
0 0.457031 0.309375 0.0296875 0.034375
0 0.471094 0.766406 0.0265625 0.0328125
0 0.892969 0.61875 0.0359375 0.05625
0 0.329688 0.715625 0.028125 0.0375
0 0.225781 0.846094 0.0265625 0.0390625
0 0.9625 0.200781 0.03125 0.0484375
0 0.492188 0.395312 0.0375 0.046875
0 0.721875 0.242188 0.0375 0.05
0 0.853906 0.369531 0.0296875 0.0390625
0 0.385938 0.647656 0.03125 0.0359375
0 0.660937 0.1 0.03125 0.040625
0 0.683594 0.603906 0.0296875 0.0390625
0 0.148438 0.659375 0.03125 0.040625
0 0.0335938 0.0851562 0.0234375 0.0359375
0 0.192188 0.417969 0.0375 0.0390625
0 0.922656 0.401563 0.0328125 0.05
0 0.585938 0.48125 0.046875 0.0375
0 0.363281 0.516406 0.0265625 0.0359375
0 0.964844 0.526563 0.0421875 0.071875
0 0.655469 0.602344 0.0328125 0.0359375
0 0.0117188 0.630469 0.0234375 0.0453125
0 0.584375 0.578125 0.028125 0.034375
0 0.173438 0.313281 0.03125 0.0484375
0 0.682031 0.33125 0.0296875 0.040625
0 0.20625 0.864062 0.025 0.046875
0 0.0226563 0.432031 0.0296875 0.0328125
0 0.377344 0.714844 0.0359375 0.0421875
0 0.510156 0.517187 0.0453125 0.11875
0 0.0257812 0.121094 0.0328125 0.0359375
0 0.169531 0.359375 0.0296875 0.034375
0 0.509375 0.271094 0.028125 0.0328125
0 0.470313 0.810156 0.03125 0.0453125
0 0.786719 0.828906 0.0328125 0.0421875
0 0.730469 0.414844 0.0265625 0.0453125
0 0.709375 0.807031 0.034375 0.0578125
0 0.616406 0.640625 0.0328125 0.0375
0 0.0265625 0.190625 0.034375 0.0375
0 0.570312 0.253125 0.040625 0.040625
0 0.749219 0.267188 0.0328125 0.04375
0 0.180469 0.0984375 0.0359375 0.0375
0 0.140625 0.353906 0.025 0.0328125
0 0.35 0.25625 0.034375 0.034375
0 0.115625 0.571094 0.021875 0.0328125
0 0.803125 0.167969 0.040625 0.0421875
0 0.184375 0.8 0.03125 0.046875
0 0.839844 0.16875 0.0265625 0.03125
0 0.177344 0.876562 0.0328125 0.04375
0 0.202344 0.535937 0.0328125 0.0375
0 0.941406 0.373437 0.0296875 0.04375
0 0.0390625 0.230469 0.028125 0.0390625
0 0.804688 0.315625 0.04375 0.04375
0 0.698438 0.423438 0.03125 0.03125
0 0.484375 0.34375 0.028125 0.04375
0 0.0875 0.219531 0.0375 0.0296875
0 0.134375 0.630469 0.03125 0.0359375
0 0.5375 0.28125 0.03125 0.0375
0 0.222656 0.471875 0.0734375 0.08125
0 0.427344 0.065625 0.0328125 0.03125
0 0.0171875 0.801562 0.034375 0.08125
0 0.211719 0.267188 0.0328125 0.040625
0 0.597656 0.384375 0.0296875 0.0375
0 0.05625 0.708594 0.028125 0.0359375
0 0.159375 0.509375 0.025 0.04375
0 0.0796875 0.678906 0.03125 0.0390625
0 0.923437 0.451562 0.03125 0.040625
0 0.0664062 0.571094 0.0265625 0.0421875
0 0.130469 0.509375 0.0296875 0.0375
0 0.105469 0.438281 0.0296875 0.0390625
0 0.763281 0.353125 0.0265625 0.034375
0 0.275 0.20625 0.03125 0.0375
0 0.114844 0.659375 0.0328125 0.040625
0 0.0859375 0.492188 0.0375 0.0375
0 0.824219 0.479688 0.0359375 0.04375
0 0.084375 0.352344 0.034375 0.0453125
0 0.959375 0.439063 0.040625 0.046875
0 0.975 0.384375 0.0375 0.0625
0 0.875 0.30625 0.03125 0.040625
0 0.208594 0.308594 0.0265625 0.0421875
0 0.528906 0.139844 0.0453125 0.0796875
0 0.747656 0.310937 0.0265625 0.0375
0 0.607031 0.0929687 0.0421875 0.0546875
0 0.409375 0.176563 0.053125 0.06875
0 0.847656 0.615625 0.0328125 0.05
0 0.909375 0.0257812 0.0375 0.0484375
0 0.789844 0.357031 0.0296875 0.0453125
0 0.510156 0.225 0.0359375 0.05
0 0.360156 0.476562 0.0484375 0.05
0 0.838281 0.320312 0.0328125 0.046875
0 0.855469 0.270312 0.0296875 0.034375
0 0.178125 0.571875 0.03125 0.040625
0 0.389844 0.232812 0.0359375 0.0375
0 0.385156 0.130469 0.0328125 0.0453125
0 0.465625 0.567969 0.040625 0.0421875
0 0.861719 0.0421875 0.0328125 0.0375
0 0.286719 0.0789063 0.0328125 0.0328125
0 0.834375 0.0898438 0.03125 0.0421875
0 0.8 0.130469 0.053125 0.0515625
0 0.261719 0.746875 0.0359375 0.04375
0 0.0679687 0.864062 0.0984375 0.090625
0 0.178125 0.642969 0.034375 0.0421875
0 0.976562 0.0890625 0.04375 0.046875
0 0.460156 0.232812 0.0578125 0.059375
0 0.908594 0.301562 0.0328125 0.04375
0 0.185156 0.241406 0.0359375 0.0359375
0 0.966406 0.725781 0.0359375 0.0390625
0 0.672656 0.460156 0.0421875 0.0703125
0 0.0132813 0.367969 0.0265625 0.0359375
0 0.210156 0.06875 0.0390625 0.040625
0 0.767187 0.021875 0.040625 0.04375
0 0.399219 0.446094 0.0296875 0.0328125
0 0.773438 0.211719 0.05625 0.0671875
0 0.071875 0.446094 0.034375 0.0453125
0 0.321094 0.222656 0.0421875 0.0578125
0 0.509375 0.442969 0.03125 0.0390625
0 0.534375 0.36875 0.0375 0.06875
0 0.928125 0.497656 0.04375 0.0515625
0 0.499219 0.779688 0.0359375 0.05
0 0.720312 0.142188 0.0375 0.046875
0 0.734375 0.491406 0.034375 0.0390625
0 0.453125 0.728906 0.03125 0.0484375
0 0.561719 0.439063 0.0390625 0.053125
0 0.764063 0.155469 0.034375 0.0390625
0 0.898438 0.535937 0.04375 0.05625
0 0.642969 0.372656 0.0390625 0.0890625
0 0.361719 0.202344 0.0453125 0.0484375
0 0.717188 0.340625 0.034375 0.053125
0 0.25 0.682031 0.0375 0.0453125
0 0.317969 0.544531 0.0421875 0.0609375
0 0.121875 0.816406 0.046875 0.0640625
0 0.109375 0.605469 0.028125 0.0390625
0 0.319531 0.291406 0.0390625 0.0484375
0 0.909375 0.35 0.0375 0.046875
0 0.614844 0.526563 0.0453125 0.05625
0 0.608594 0.43125 0.0359375 0.05625
0 0.158594 0.432031 0.0328125 0.0515625
0 0.464844 0.164062 0.0390625 0.053125
0 0.0882813 0.767187 0.0765625 0.078125
0 0.615625 0.222656 0.053125 0.0921875
0 0.855469 0.133594 0.0359375 0.0421875
0 0.449219 0.517187 0.0390625 0.05625
0 0.65 0.269531 0.040625 0.0546875
0 0.905469 0.10625 0.0515625 0.075
0 0.282813 0.310156 0.040625 0.0515625
0 0.41875 0.404687 0.04375 0.053125
0 0.258594 0.803906 0.0390625 0.0515625
0 0.465625 0.467187 0.034375 0.04375
0 0.421094 0.296875 0.0296875 0.04375
0 0.0289063 0.679688 0.0328125 0.04375
0 0.853906 0.217969 0.0390625 0.0578125
0 0.883594 0.388281 0.0359375 0.0421875
0 0.6 0.333594 0.034375 0.0453125
0 0.567187 0.354688 0.0375 0.05625
0 0.413281 0.601562 0.0609375 0.059375
0 0.692187 0.385938 0.040625 0.053125
0 0.928906 0.213281 0.0328125 0.0578125
0 0.165625 0.196094 0.034375 0.0484375
0 0.0804688 0.138281 0.0734375 0.0609375
0 0.942969 0.133594 0.0421875 0.0546875
0 0.433594 0.4625 0.0296875 0.0375
0 0.766406 0.427344 0.0421875 0.0515625
0 0.210938 0.136719 0.065625 0.0765625
0 0.0914062 0.532031 0.0296875 0.0390625
0 0.810938 0.707031 0.040625 0.0578125
0 0.220313 0.755469 0.04375 0.0484375
0 0.289062 0.129688 0.04375 0.059375
0 0.384375 0.55625 0.071875 0.059375
0 0.367188 0.41875 0.034375 0.046875
0 0.710938 0.294531 0.0375 0.0453125
0 0.659375 0.14375 0.034375 0.046875
