0 0.105469 0.704687 0.0296875 0.040625
0 0.0484375 0.253906 0.0375 0.0421875
0 0.752344 0.345313 0.0328125 0.03125
0 0.279687 0.19375 0.028125 0.034375
0 0.369531 0.319531 0.0296875 0.0328125
0 0.0546875 0.065625 0.040625 0.034375
0 0.644531 0.571094 0.0265625 0.0296875
0 0.671094 0.391406 0.0328125 0.0390625
0 0.735156 0.298438 0.0265625 0.040625
0 0.121875 0.311719 0.034375 0.0359375
0 0.228906 0.328906 0.0296875 0.0296875
0 0.611719 0.829687 0.0265625 0.0375
0 0.657812 0.459375 0.025 0.03125
0 0.600781 0.547656 0.0265625 0.0296875
0 0.625781 0.471875 0.0296875 0.0375
0 0.399219 0.189844 0.0265625 0.0421875
0 0.100781 0.370313 0.0265625 0.0375
0 0.695312 0.553125 0.025 0.028125
0 0.657031 0.489844 0.0296875 0.0421875
0 0.659375 0.375 0.034375 0.046875
0 0.9875 0.479688 0.025 0.046875
0 0.0570313 0.18125 0.0296875 0.059375
0 0.0695312 0.24375 0.0328125 0.046875
0 0.875 0.272656 0.028125 0.0515625
0 0.649219 0.536719 0.0359375 0.0390625
0 0.0578125 0.0960938 0.03125 0.0296875
0 0.73125 0.334375 0.03125 0.03125
0 0.774219 0.301562 0.0390625 0.046875
0 0.19375 0.382031 0.0375 0.0359375
0 0.139062 0.0765625 0.025 0.034375
0 0.30625 0.451562 0.034375 0.05
0 0.0960938 0.466406 0.0328125 0.0421875
0 0.977344 0.0273438 0.0296875 0.0359375
0 0.153906 0.334375 0.0265625 0.028125
0 0.265625 0.377344 0.034375 0.0421875
0 0.735156 0.160938 0.0265625 0.034375
0 0.533594 0.167969 0.0359375 0.0359375
0 0.833594 0.234375 0.0296875 0.046875
0 0.397656 0.303125 0.0359375 0.046875
0 0.41875 0.357031 0.03125 0.0421875
0 0.0164062 0.255469 0.0265625 0.0296875
0 0.525 0.6 0.04375 0.078125
0 0.0109375 0.0679687 0.021875 0.0546875
0 0.153125 0.309375 0.028125 0.03125
0 0.546875 0.375781 0.0375 0.0453125
0 0.272656 0.291406 0.0296875 0.0421875
0 0.0117188 0.357031 0.0234375 0.0484375
0 0.771875 0.172656 0.0375 0.0453125
0 0.0109375 0.283594 0.021875 0.0453125
0 0.15 0.365625 0.03125 0.028125
0 0.375 0.142969 0.0375 0.0609375
0 0.472656 0.453125 0.0421875 0.0375
0 0.833594 0.0460938 0.0234375 0.0328125
0 0.596875 0.510938 0.03125 0.05
0 0.746875 0.266406 0.03125 0.0359375
0 0.632031 0.367969 0.0265625 0.0390625
0 0.953906 0.0703125 0.0234375 0.0375
0 0.867969 0.423438 0.0296875 0.040625
0 0.282813 0.400781 0.025 0.0296875
0 0.688281 0.260938 0.0296875 0.034375
0 0.819531 0.598437 0.0328125 0.0625
0 0.378906 0.857813 0.0515625 0.065625
0 0.280469 0.535937 0.0390625 0.040625
0 0.342187 0.227344 0.03125 0.0390625
0 0.302344 0.259375 0.0328125 0.053125
0 0.617188 0.783594 0.025 0.0421875
0 0.870313 0.326562 0.034375 0.046875
0 0.852344 0.734375 0.0640625 0.078125
0 0.04375 0.408594 0.03125 0.0421875
0 0.015625 0.602344 0.03125 0.0640625
0 0.096875 0.254687 0.028125 0.0375
0 0.134375 0.735937 0.03125 0.053125
0 0.879687 0.467969 0.034375 0.0359375
0 0.346094 0.596875 0.0328125 0.05
0 0.639844 0.416406 0.0296875 0.0390625
0 0.610156 0.429688 0.0296875 0.040625
0 0.375781 0.467187 0.0359375 0.04375
0 0.322656 0.839063 0.0359375 0.0375
0 0.471875 0.107813 0.03125 0.05
0 0.7875 0.347656 0.028125 0.0484375
0 0.460938 0.553906 0.03125 0.0578125
0 0.145313 0.169531 0.0375 0.0296875
0 0.472656 0.492969 0.0296875 0.0390625
0 0.436719 0.310937 0.0265625 0.05
0 0.257031 0.877344 0.0265625 0.0328125
0 0.626562 0.120312 0.034375 0.034375
0 0.703906 0.298438 0.0328125 0.053125
0 0.0273438 0.166406 0.0265625 0.0296875
0 0.467969 0.186719 0.0390625 0.0359375
0 0.948438 0.275781 0.03125 0.0515625
0 0.375 0.221094 0.040625 0.0421875
0 0.0164062 0.71875 0.0296875 0.04375
0 0.292188 0.814844 0.028125 0.0328125
0 0.388281 0.539844 0.0296875 0.0359375
0 0.732813 0.392188 0.0375 0.05
0 0.0734375 0.366406 0.03125 0.0453125
0 0.732031 0.455469 0.0296875 0.0359375
0 0.65 0.236719 0.0375 0.0453125
0 0.619531 0.688281 0.0421875 0.0546875
0 0.410937 0.129688 0.034375 0.05625
0 0.253125 0.494531 0.03125 0.0453125
0 0.301562 0.328906 0.03125 0.0359375
0 0.759375 0.489062 0.034375 0.05
0 0.280469 0.482031 0.0359375 0.0421875
0 0.642969 0.642187 0.0296875 0.0375
0 0.110937 0.567187 0.03125 0.0375
0 0.579687 0.102344 0.028125 0.0578125
0 0.504687 0.140625 0.03125 0.040625
0 0.492188 0.725781 0.10625 0.104687
0 0.486719 0.065625 0.0265625 0.03125
0 0.853906 0.589844 0.0328125 0.0421875
0 0.0171875 0.401563 0.025 0.040625
0 0.985937 0.0789063 0.028125 0.0421875
0 0.735937 0.107813 0.0375 0.04375
0 0.669531 0.554688 0.0296875 0.0375
0 0.340625 0.651563 0.028125 0.0375
0 0.728125 0.553125 0.03125 0.040625
0 0.508594 0.211719 0.0296875 0.0421875
0 0.285937 0.855469 0.025 0.0484375
0 0.18125 0.332031 0.025 0.0296875
0 0.55625 0.420312 0.04375 0.03125
0 0.792188 0.564844 0.03125 0.0453125
0 0.134375 0.11875 0.034375 0.046875
0 0.607031 0.35625 0.0296875 0.05
0 0.579687 0.351562 0.034375 0.040625
0 0.059375 0.288281 0.03125 0.0390625
0 0.107031 0.63125 0.0546875 0.05625
0 0.704687 0.442187 0.03125 0.04375
0 0.378125 0.621094 0.0375 0.0484375
0 0.594531 0.6 0.0296875 0.040625
0 0.404687 0.653906 0.034375 0.0453125
0 0.245312 0.358594 0.025 0.0328125
0 0.822656 0.171094 0.0296875 0.0359375
0 0.332812 0.490625 0.03125 0.040625
0 0.2 0.355469 0.03125 0.0328125
0 0.297656 0.722656 0.129688 0.104687
0 0.446875 0.151562 0.0375 0.040625
0 0.175781 0.235156 0.0484375 0.0578125
0 0.435937 0.184375 0.034375 0.034375
0 0.133594 0.810156 0.0328125 0.0546875
0 0.578125 0.73125 0.05625 0.05625
0 0.166406 0.614062 0.0328125 0.04375
0 0.220313 0.903906 0.03125 0.0484375
0 0.0757812 0.804688 0.0328125 0.05
0 0.446094 0.485156 0.0265625 0.0359375
0 0.947656 0.330469 0.0328125 0.0453125
0 0.6 0.224219 0.046875 0.0671875
0 0.0289063 0.467187 0.0421875 0.05625
0 0.369531 0.790625 0.0421875 0.05625
0 0.797656 0.121875 0.0484375 0.05625
0 0.0554687 0.742969 0.0484375 0.0734375
0 0.38125 0.426562 0.03125 0.040625
0 0.55625 0.266406 0.04375 0.0484375
0 0.874219 0.15625 0.0296875 0.040625
0 0.353125 0.542969 0.03125 0.0421875
0 0.0703125 0.434375 0.034375 0.040625
0 0.172656 0.115625 0.0359375 0.053125
0 0.151562 0.667969 0.053125 0.0484375
0 0.610156 0.641406 0.0359375 0.0546875
0 0.225781 0.284375 0.0328125 0.040625
0 0.167969 0.0703125 0.0359375 0.03125
0 0.679688 0.808594 0.0375 0.0453125
0 0.510938 0.321094 0.0375 0.0421875
0 0.0914062 0.10625 0.0328125 0.05625
0 0.882812 0.633594 0.040625 0.0703125
0 0.502344 0.520312 0.0328125 0.04375
0 0.911719 0.408594 0.0328125 0.0609375
0 0.0882813 0.192969 0.0328125 0.0359375
0 0.329688 0.341406 0.028125 0.0359375
0 0.071875 0.580469 0.04375 0.0515625
0 0.432813 0.567187 0.025 0.040625
0 0.728906 0.0664062 0.0328125 0.0328125
0 0.251563 0.232812 0.040625 0.053125
0 0.364062 0.682813 0.05 0.046875
0 0.280469 0.628125 0.0640625 0.078125
0 0.040625 0.526563 0.034375 0.059375
0 0.844531 0.551562 0.0296875 0.04375
0 0.630469 0.596094 0.0328125 0.0390625
0 0.774219 0.429688 0.0453125 0.05625
0 0.18125 0.579687 0.034375 0.040625
0 0.489062 0.634375 0.03125 0.040625
0 0.101562 0.758594 0.0375 0.0546875
0 0.679688 0.186719 0.0375 0.0484375
0 0.385156 0.367969 0.0359375 0.0546875
0 0.580469 0.792188 0.0328125 0.04375
0 0.413281 0.480469 0.0328125 0.0453125
0 0.5625 0.147656 0.034375 0.0390625
0 0.554688 0.553125 0.03125 0.04375
0 0.224219 0.467187 0.0296875 0.046875
0 0.70625 0.715625 0.046875 0.05
0 0.0273438 0.117969 0.0390625 0.0453125
0 0.0484375 0.669531 0.04375 0.0546875
0 0.835156 0.653125 0.0359375 0.0375
0 0.0390625 0.366406 0.03125 0.0390625
0 0.232812 0.0664062 0.03125 0.0359375
0 0.533594 0.127344 0.0296875 0.0421875
0 0.120312 0.216406 0.0375 0.0390625
0 0.225 0.685156 0.05625 0.0640625
0 0.314844 0.185937 0.0453125 0.065625
0 0.907031 0.511719 0.0390625 0.0546875
0 0.254687 0.829687 0.03125 0.040625
0 0.214062 0.51875 0.04375 0.05
0 0.421875 0.423438 0.034375 0.0625
0 0.182031 0.2875 0.0328125 0.04375
0 0.534375 0.452344 0.034375 0.0453125
0 0.917188 0.166406 0.0375 0.0453125
0 0.40625 0.575 0.028125 0.046875
0 0.35 0.38125 0.034375 0.040625
0 0.0179687 0.21875 0.0359375 0.046875
0 0.139062 0.536719 0.05625 0.0515625
0 0.703125 0.504687 0.06875 0.053125
0 0.224219 0.421875 0.0390625 0.053125
0 0.477344 0.413281 0.0359375 0.0421875
0 0.758594 0.715625 0.0421875 0.059375
0 0.940625 0.121875 0.034375 0.040625
0 0.414844 0.777344 0.0421875 0.0515625
0 0.310937 0.11875 0.0375 0.053125
0 0.215625 0.625 0.04375 0.05625
0 0.830469 0.357812 0.0359375 0.0625
0 0.457031 0.796875 0.0359375 0.04375
0 0.0789063 0.513281 0.0421875 0.0546875
0 0.339844 0.302344 0.0390625 0.0453125
0 0.263281 0.333594 0.0328125 0.0390625
0 0.232031 0.578906 0.0359375 0.0421875
0 0.257031 0.44375 0.0390625 0.053125
0 0.720312 0.226562 0.059375 0.05625
0 0.625 0.31875 0.04375 0.046875
0 0.533594 0.496094 0.0359375 0.0515625
0 0.78125 0.2375 0.059375 0.065625
0 0.90625 0.250781 0.040625 0.0671875
0 0.447656 0.645312 0.0390625 0.053125
0 0.658594 0.75625 0.0578125 0.075
0 0.860937 0.21875 0.03125 0.04375
0 0.925 0.470313 0.0375 0.046875
