0 0.341406 0.500781 0.0265625 0.0390625
0 0.224219 0.771094 0.0296875 0.0421875
0 0.671094 0.444531 0.0328125 0.0359375
0 0.66875 0.757812 0.028125 0.0375
0 0.432031 0.240625 0.0265625 0.03125
0 0.580469 0.811719 0.0390625 0.0546875
0 0.0148437 0.658594 0.0296875 0.0390625
0 0.570312 0.248437 0.034375 0.046875
0 0.578125 0.278906 0.025 0.0328125
0 0.664062 0.517187 0.028125 0.034375
0 0.842188 0.463281 0.03125 0.0484375
0 0.445312 0.78125 0.025 0.0375
0 0.350781 0.454688 0.0296875 0.0375
0 0.242188 0.157813 0.03125 0.05625
0 0.365625 0.815625 0.028125 0.034375
0 0.282813 0.392969 0.03125 0.0515625
0 0.0265625 0.676562 0.028125 0.0375
0 0.0125 0.772656 0.025 0.0578125
0 0.339844 0.419531 0.0578125 0.0421875
0 0.199219 0.802344 0.0265625 0.0359375
0 0.538281 0.349219 0.0265625 0.0421875
0 0.690625 0.534375 0.03125 0.04375
0 0.322656 0.695312 0.0328125 0.0375
0 0.336719 0.623438 0.0328125 0.046875
0 0.177344 0.802344 0.0265625 0.0328125
0 0.472656 0.453125 0.0328125 0.034375
0 0.701563 0.285156 0.0375 0.0703125
0 0.399219 0.347656 0.0296875 0.0328125
0 0.667188 0.392188 0.025 0.046875
0 0.184375 0.51875 0.034375 0.034375
0 0.7 0.21875 0.0375 0.05
0 0.0273438 0.216406 0.0296875 0.0328125
0 0.36875 0.5375 0.021875 0.040625
0 0.0492188 0.701563 0.0359375 0.04375
0 0.967969 0.236719 0.0453125 0.0578125
0 0.492969 0.682813 0.0421875 0.046875
0 0.783594 0.319531 0.0296875 0.0484375
0 0.734375 0.1875 0.028125 0.046875
0 0.453125 0.15 0.03125 0.046875
0 0.0328125 0.183594 0.03125 0.0328125
0 0.267188 0.720312 0.03125 0.040625
0 0.590625 0.460156 0.028125 0.0421875
0 0.746875 0.701563 0.025 0.05
0 0.469531 0.326562 0.0234375 0.028125
0 0.0609375 0.210156 0.028125 0.0515625
0 0.596094 0.078125 0.0328125 0.053125
0 0.466406 0.241406 0.0296875 0.0296875
0 0.503906 0.427344 0.0328125 0.0515625
0 0.741406 0.059375 0.0484375 0.078125
0 0.384375 0.724219 0.03125 0.0359375
0 0.171094 0.096875 0.0328125 0.034375
0 0.284375 0.595312 0.028125 0.046875
0 0.250781 0.297656 0.0578125 0.0578125
0 0.895312 0.267969 0.028125 0.0390625
0 0.428125 0.284375 0.025 0.04375
0 0.847656 0.257031 0.0328125 0.0421875
0 0.317969 0.794531 0.0421875 0.0796875
0 0.0882813 0.701563 0.0359375 0.046875
0 0.467187 0.717188 0.034375 0.05
0 0.0132813 0.708594 0.0265625 0.0484375
0 0.527344 0.552344 0.0265625 0.0453125
0 0.708594 0.686719 0.0296875 0.0359375
0 0.365625 0.653125 0.028125 0.0375
0 0.289062 0.273438 0.03125 0.0375
0 0.364844 0.0523437 0.0390625 0.0390625
0 0.563281 0.505469 0.0296875 0.0453125
0 0.658594 0.339063 0.0265625 0.040625
0 0.398438 0.428125 0.03125 0.04375
0 0.247656 0.825 0.0328125 0.05625
0 0.259375 0.6625 0.034375 0.040625
0 0.958594 0.314063 0.0515625 0.0875
0 0.0101562 0.119531 0.0203125 0.0421875
0 0.0554687 0.654688 0.0328125 0.046875
0 0.241406 0.0617188 0.0296875 0.0328125
0 0.275 0.790625 0.034375 0.046875
0 0.173438 0.741406 0.046875 0.0515625
0 0.804688 0.252344 0.046875 0.0390625
0 0.15 0.615625 0.03125 0.034375
0 0.935938 0.0195312 0.03125 0.0359375
0 0.0859375 0.614844 0.034375 0.0390625
0 0.234375 0.623438 0.0375 0.0375
0 0.433594 0.342969 0.0296875 0.0421875
0 0.558594 0.404687 0.0328125 0.0375
0 0.151562 0.569531 0.046875 0.0609375
0 0.945312 0.421875 0.04375 0.046875
0 0.789844 0.1125 0.0390625 0.0375
0 0.952344 0.510938 0.0421875 0.065625
0 0.386719 0.257031 0.0359375 0.0328125
0 0.34375 0.732813 0.040625 0.046875
0 0.469531 0.770312 0.0328125 0.05
0 0.89375 0.103906 0.028125 0.0359375
0 0.753125 0.651563 0.025 0.04375
0 0.394531 0.610937 0.0265625 0.0375
0 0.408594 0.535937 0.0328125 0.04375
0 0.507812 0.515625 0.028125 0.040625
0 0.510938 0.353906 0.03125 0.0484375
0 0.596875 0.15 0.05 0.0375
0 0.0796875 0.741406 0.028125 0.0328125
0 0.185156 0.555469 0.0328125 0.0421875
0 0.292188 0.160938 0.059375 0.059375
0 0.122656 0.164844 0.0359375 0.0328125
0 0.809375 0.03125 0.028125 0.0375
0 0.416406 0.778125 0.0296875 0.034375
0 0.340625 0.538281 0.028125 0.0484375
0 0.475 0.08125 0.03125 0.053125
0 0.449219 0.2125 0.0265625 0.034375
0 0.510938 0.777344 0.040625 0.0484375
0 0.426562 0.0585938 0.0375 0.0328125
0 0.85 0.521094 0.05 0.0484375
0 0.369531 0.852344 0.0359375 0.0453125
0 0.325781 0.103906 0.0359375 0.0484375
0 0.549219 0.604688 0.0328125 0.053125
0 0.749219 0.596094 0.0421875 0.0515625
0 0.0164062 0.597656 0.0328125 0.0421875
0 0.110156 0.733594 0.0296875 0.0390625
0 0.686719 0.340625 0.0296875 0.04375
0 0.777344 0.666406 0.0328125 0.0390625
0 0.428906 0.389844 0.0328125 0.0453125
0 0.157031 0.322656 0.0359375 0.0390625
0 0.879687 0.065625 0.028125 0.03125
0 0.114063 0.204688 0.046875 0.04375
0 0.719531 0.724219 0.0328125 0.0453125
0 0.248437 0.346875 0.04375 0.05
0 0.470313 0.36875 0.034375 0.05
0 0.592188 0.689844 0.040625 0.0515625
0 0.201562 0.292188 0.040625 0.04375
0 0.1 0.24375 0.034375 0.034375
0 0.721875 0.360938 0.028125 0.034375
0 0.534375 0.298438 0.0375 0.05
0 0.589844 0.314063 0.0359375 0.040625
0 0.895312 0.447656 0.065625 0.0859375
0 0.749219 0.40625 0.0484375 0.05
0 0.395312 0.103906 0.034375 0.0421875
0 0.0640625 0.483594 0.0375 0.0453125
0 0.200781 0.0828125 0.0328125 0.059375
0 0.811719 0.358594 0.0421875 0.0484375
0 0.492188 0.277344 0.05 0.0609375
0 0.871875 0.38125 0.03125 0.04375
0 0.717969 0.641406 0.0328125 0.0390625
0 0.197656 0.605469 0.0390625 0.0578125
0 0.654688 0.719531 0.034375 0.0515625
0 0.836719 0.0671875 0.0359375 0.040625
0 0.366406 0.354688 0.0328125 0.053125
0 0.6625 0.267969 0.03125 0.0796875
0 0.310156 0.642187 0.0328125 0.040625
0 0.0601562 0.775781 0.0328125 0.0484375
0 0.449219 0.0953125 0.0296875 0.0375
0 0.649219 0.0726563 0.0390625 0.0515625
0 0.290625 0.673437 0.0375 0.05
0 0.128125 0.0578125 0.034375 0.034375
0 0.021875 0.48125 0.0375 0.05625
0 0.404687 0.484375 0.034375 0.05
0 0.182031 0.358594 0.0578125 0.0546875
0 0.979688 0.0476562 0.0375 0.0421875
0 0.434375 0.459375 0.03125 0.0375
0 0.130469 0.415625 0.0390625 0.05
0 0.335156 0.350781 0.0359375 0.0546875
0 0.477344 0.546875 0.0359375 0.0375
0 0.639063 0.403906 0.03125 0.0578125
0 0.60625 0.760156 0.0375 0.0546875
0 0.0429688 0.0773437 0.0390625 0.0484375
0 0.41875 0.742188 0.034375 0.040625
0 0.205469 0.23125 0.0484375 0.046875
0 0.725781 0.567969 0.0296875 0.0453125
0 0.684375 0.715625 0.03125 0.046875
0 0.0640625 0.348437 0.0375 0.04375
0 0.183594 0.476562 0.0265625 0.04375
0 0.122656 0.310156 0.0484375 0.0390625
0 0.08125 0.289062 0.034375 0.034375
0 0.178125 0.682031 0.040625 0.0484375
0 0.107813 0.358594 0.0375 0.0421875
0 0.625 0.340625 0.034375 0.065625
0 0.228125 0.539844 0.04375 0.0578125
0 0.739062 0.240625 0.03125 0.065625
0 0.578125 0.360938 0.05 0.053125
0 0.291406 0.740625 0.0359375 0.040625
0 0.313281 0.492969 0.0359375 0.0484375
0 0.549219 0.70625 0.0421875 0.046875
0 0.289844 0.451562 0.0390625 0.046875
0 0.5125 0.210156 0.075 0.0671875
0 0.597656 0.420312 0.0328125 0.040625
0 0.128125 0.26875 0.034375 0.040625
0 0.275781 0.532031 0.0484375 0.0578125
0 0.250781 0.592969 0.0328125 0.0390625
0 0.165625 0.255469 0.03125 0.0359375
0 0.564844 0.442187 0.0296875 0.04375
0 0.63125 0.483594 0.059375 0.0859375
0 0.365625 0.770312 0.040625 0.05625
0 0.505469 0.0671875 0.0296875 0.034375
0 0.191406 0.766406 0.0328125 0.0421875
0 0.49375 0.601562 0.046875 0.059375
0 0.342969 0.288281 0.0515625 0.0546875
0 0.427344 0.591406 0.0453125 0.0578125
0 0.7 0.151562 0.05625 0.0625
0 0.0460938 0.305469 0.0359375 0.0515625
0 0.152344 0.221094 0.0328125 0.0390625
0 0.43125 0.685156 0.040625 0.0546875
0 0.132031 0.70625 0.0390625 0.05625
0 0.851562 0.171875 0.0375 0.046875
0 0.320312 0.578125 0.03125 0.04375
0 0.0328125 0.557813 0.046875 0.065625
0 0.327344 0.217187 0.0515625 0.065625
0 0.0296875 0.416406 0.059375 0.0578125
0 0.619531 0.271094 0.0484375 0.0640625
0 0.902344 0.532812 0.0484375 0.0625
0 0.652344 0.189844 0.0515625 0.0734375
0 0.942187 0.166406 0.04375 0.0484375
0 0.178125 0.154687 0.059375 0.065625
0 0.19375 0.417969 0.053125 0.0703125
0 0.7875 0.06875 0.034375 0.046875
0 0.771875 0.145313 0.034375 0.0375
0 0.36875 0.155469 0.053125 0.0796875
0 0.228906 0.476562 0.0609375 0.06875
0 0.782812 0.196875 0.05625 0.0625
0 0.105469 0.119531 0.0546875 0.0546875
0 0.696094 0.585938 0.0296875 0.053125
0 0.596094 0.203906 0.0484375 0.0515625
0 0.359375 0.583594 0.034375 0.0546875
0 0.916406 0.36875 0.0421875 0.05625
0 0.830469 0.411719 0.0578125 0.0671875
