0 0.642969 0.33125 0.0328125 0.0375
0 0.0125 0.503906 0.025 0.0390625
0 0.53125 0.369531 0.03125 0.0421875
0 0.480469 0.551562 0.0265625 0.046875
0 0.630469 0.628906 0.0484375 0.0515625
0 0.827344 0.499219 0.0328125 0.0390625
0 0.435937 0.090625 0.03125 0.034375
0 0.284375 0.0851562 0.03125 0.0421875
0 0.660156 0.05625 0.0328125 0.0375
0 0.0125 0.360938 0.025 0.0375
0 0.248437 0.38125 0.03125 0.0375
0 0.442969 0.339844 0.0390625 0.0671875
0 0.272656 0.444531 0.0359375 0.0421875
0 0.984375 0.649219 0.03125 0.0484375
0 0.0148437 0.461719 0.0296875 0.0390625
0 0.0914062 0.682813 0.0328125 0.040625
0 0.727344 0.522656 0.0328125 0.0390625
0 0.158594 0.328125 0.0328125 0.04375
0 0.122656 0.392969 0.0328125 0.0515625
0 0.376563 0.425781 0.04375 0.0484375
0 0.196875 0.547656 0.034375 0.0546875
0 0.633594 0.0695312 0.0265625 0.0390625
0 0.775 0.371094 0.03125 0.0421875
0 0.704687 0.483594 0.025 0.0421875
0 0.0617188 0.338281 0.0296875 0.0390625
0 0.903906 0.304688 0.0328125 0.034375
0 0.235156 0.4625 0.0296875 0.040625
0 0.127344 0.355469 0.0296875 0.0296875
0 0.0109375 0.207031 0.021875 0.0515625
0 0.846875 0.597656 0.025 0.0390625
0 0.823438 0.139062 0.034375 0.046875
0 0.475 0.417969 0.034375 0.0609375
0 0.10625 0.864062 0.04375 0.06875
0 0.824219 0.403125 0.0328125 0.04375
0 0.620313 0.1125 0.025 0.0375
0 0.139844 0.571875 0.0359375 0.059375
0 0.346094 0.647656 0.0265625 0.0359375
0 0.741406 0.228125 0.0265625 0.034375
0 0.207031 0.0523437 0.0328125 0.0359375
0 0.0226563 0.689844 0.0390625 0.0484375
0 0.0898438 0.613281 0.0421875 0.0421875
0 0.569531 0.745313 0.0328125 0.04375
0 0.396875 0.389062 0.025 0.034375
0 0.575781 0.171094 0.0703125 0.0953125
0 0.282031 0.411719 0.0296875 0.0359375
0 0.147656 0.805469 0.0328125 0.0734375
0 0.308594 0.40625 0.0265625 0.0375
0 0.535937 0.136719 0.034375 0.0421875
0 0.469531 0.196094 0.0328125 0.0453125
0 0.280469 0.609375 0.0328125 0.04375
0 0.767187 0.208594 0.028125 0.0359375
0 0.915625 0.138281 0.125 0.123438
0 0.660156 0.571875 0.0359375 0.05
0 0.830469 0.634375 0.0328125 0.0375
0 0.05625 0.583594 0.03125 0.0421875
0 0.725 0.417969 0.034375 0.0578125
0 0.909375 0.351562 0.025 0.0375
0 0.527344 0.696875 0.0328125 0.046875
0 0.316406 0.496094 0.0328125 0.0484375
0 0.2 0.309375 0.034375 0.04375
0 0.227344 0.504687 0.0390625 0.046875
0 0.861719 0.353906 0.0296875 0.0390625
0 0.979688 0.0601562 0.034375 0.0578125
0 0.0742188 0.30625 0.0359375 0.0375
0 0.183594 0.114063 0.0296875 0.0375
0 0.846094 0.454688 0.0328125 0.046875
0 0.801562 0.253125 0.034375 0.04375
0 0.292969 0.553906 0.0328125 0.0484375
0 0.103125 0.285937 0.034375 0.0375
0 0.15 0.175781 0.046875 0.0578125
0 0.407813 0.344531 0.0375 0.0578125
0 0.635938 0.225 0.040625 0.04375
0 0.130469 0.261719 0.0390625 0.0546875
0 0.2 0.817969 0.034375 0.0453125
0 0.298438 0.796875 0.040625 0.053125
0 0.604688 0.469531 0.040625 0.0453125
0 0.833594 0.360156 0.0328125 0.0421875
0 0.182812 0.428125 0.03125 0.06875
0 0.364844 0.548437 0.0328125 0.05
0 0.778906 0.58125 0.0296875 0.046875
0 0.196094 0.216406 0.0734375 0.0828125
0 0.201562 0.701563 0.08125 0.084375
0 0.338281 0.0976562 0.0390625 0.0546875
0 0.283594 0.146094 0.0453125 0.0453125
0 0.021875 0.299219 0.04375 0.0859375
0 0.517187 0.336719 0.034375 0.0390625
0 0.814062 0.596094 0.03125 0.0453125
0 0.113281 0.651563 0.0359375 0.046875
0 0.330469 0.446875 0.0359375 0.040625
0 0.845312 0.200781 0.046875 0.0859375
0 0.090625 0.432813 0.040625 0.05
0 0.239844 0.788281 0.0453125 0.0671875
0 0.713281 0.116406 0.0328125 0.0453125
0 0.15625 0.650781 0.034375 0.0453125
0 0.0898438 0.345313 0.0328125 0.034375
0 0.746094 0.272656 0.0421875 0.0546875
0 0.366406 0.173438 0.0328125 0.040625
0 0.889063 0.384375 0.03125 0.034375
0 0.797656 0.353906 0.0359375 0.0453125
0 0.582031 0.315625 0.0390625 0.053125
0 0.0882813 0.5375 0.0328125 0.075
0 0.9125 0.483594 0.03125 0.0484375
0 0.489844 0.366406 0.0296875 0.0359375
0 0.0523437 0.240625 0.0484375 0.05625
0 0.414062 0.7625 0.034375 0.053125
0 0.623438 0.184375 0.03125 0.034375
0 0.371094 0.60625 0.0328125 0.05
0 0.436719 0.203906 0.0328125 0.0484375
0 0.059375 0.667188 0.0375 0.046875
0 0.0945313 0.242188 0.0328125 0.046875
0 0.0914062 0.189063 0.0390625 0.046875
0 0.26875 0.35625 0.0375 0.053125
0 0.867969 0.499219 0.0390625 0.0515625
0 0.505469 0.441406 0.0359375 0.0484375
0 0.0515625 0.463281 0.046875 0.0546875
0 0.171094 0.357031 0.0390625 0.0515625
0 0.046875 0.184375 0.040625 0.05
0 0.671875 0.115625 0.034375 0.05
0 0.180469 0.605469 0.0390625 0.0484375
0 0.926562 0.538281 0.04375 0.0546875
0 0.0164062 0.554688 0.0328125 0.05625
0 0.795313 0.167969 0.0375 0.0453125
0 0.448438 0.15 0.03125 0.04375
0 0.0265625 0.154687 0.034375 0.04375
0 0.782031 0.415625 0.0421875 0.053125
0 0.963281 0.307031 0.0390625 0.0453125
0 0.310156 0.647656 0.0359375 0.0421875
0 0.49375 0.491406 0.034375 0.0453125
0 0.335938 0.145313 0.028125 0.0375
0 0.6875 0.25625 0.03125 0.040625
0 0.129688 0.695312 0.034375 0.05625
0 0.704687 0.552344 0.0375 0.0515625
0 0.2625 0.299219 0.034375 0.0484375
0 0.611719 0.40625 0.0453125 0.059375
0 0.0632813 0.0898438 0.0390625 0.0484375
0 0.325 0.584375 0.0375 0.06875
0 0.128906 0.11875 0.0359375 0.046875
0 0.265625 0.652344 0.040625 0.0484375
0 0.411719 0.264844 0.0328125 0.0578125
0 0.527344 0.524219 0.0390625 0.0640625
0 0.678906 0.305469 0.0359375 0.0484375
0 0.353906 0.346094 0.0421875 0.0515625
0 0.711719 0.188281 0.0328125 0.0734375
0 0.371094 0.653125 0.0328125 0.04375
0 0.459375 0.253906 0.04375 0.0484375
0 0.090625 0.390625 0.03125 0.040625
0 0.657812 0.375781 0.03125 0.0453125
0 0.68125 0.419531 0.04375 0.0640625
0 0.505469 0.24375 0.0359375 0.059375
0 0.171875 0.757031 0.034375 0.0515625
0 0.129688 0.501562 0.040625 0.0625
0 0.239063 0.117969 0.034375 0.0578125
0 0.6625 0.165625 0.03125 0.05625
0 0.358594 0.484375 0.0453125 0.059375
0 0.944531 0.028125 0.0515625 0.05
0 0.208594 0.0945313 0.0296875 0.0453125
0 0.430469 0.70625 0.0421875 0.0625
0 0.9375 0.353906 0.034375 0.0546875
0 0.550781 0.44375 0.0484375 0.065625
0 0.0351562 0.633594 0.0390625 0.0515625
0 0.228125 0.339844 0.046875 0.0484375
0 0.367969 0.757812 0.0390625 0.078125
0 0.417969 0.470313 0.0390625 0.053125
0 0.567187 0.395312 0.034375 0.040625
0 0.45625 0.477344 0.034375 0.0453125
0 0.410937 0.570312 0.05625 0.075
0 0.588281 0.564062 0.0796875 0.0875
0 0.233594 0.567969 0.0578125 0.0671875
0 0.11875 0.325 0.0375 0.040625
0 0.680469 0.49375 0.0296875 0.046875
0 0.496875 0.592188 0.046875 0.065625
0 0.0734375 0.14375 0.04375 0.05625
0 0.402344 0.121094 0.0421875 0.0703125
0 0.378906 0.24375 0.0328125 0.046875
0 0.727344 0.365625 0.0546875 0.059375
0 0.592969 0.075 0.0421875 0.05625
0 0.260938 0.516406 0.0375 0.0515625
0 0.540625 0.657031 0.0375 0.0515625
0 0.453906 0.526563 0.0421875 0.053125
0 0.639844 0.500781 0.0453125 0.0546875
0 0.26875 0.232812 0.05 0.05625
0 0.342187 0.232812 0.05 0.0625
0 0.279687 0.740625 0.05 0.0625
0 0.85625 0.0414063 0.065625 0.0703125
0 0.395312 0.203125 0.034375 0.040625
0 0.883594 0.56875 0.0359375 0.053125
0 0.220313 0.646875 0.0375 0.053125
0 0.845312 0.550781 0.046875 0.0578125
0 0.771875 0.08125 0.096875 0.109375
0 0.641406 0.44375 0.0390625 0.053125
