0 0.886719 0.726562 0.0359375 0.059375
0 0.0898438 0.135156 0.0328125 0.0390625
0 0.15 0.2 0.025 0.03125
0 0.579687 0.314063 0.025 0.0375
0 0.139062 0.75625 0.03125 0.05625
0 0.554688 0.217969 0.03125 0.0359375
0 0.989062 0.373437 0.021875 0.053125
0 0.540625 0.564844 0.025 0.0359375
0 0.54375 0.308594 0.028125 0.0546875
0 0.224219 0.482812 0.0296875 0.046875
0 0.83125 0.694531 0.034375 0.0515625
0 0.214844 0.297656 0.0296875 0.0265625
0 0.0125 0.457812 0.025 0.046875
0 0.239844 0.707031 0.0296875 0.0359375
0 0.120312 0.836719 0.028125 0.0734375
0 0.989062 0.328906 0.021875 0.0390625
0 0.469531 0.588281 0.0328125 0.0421875
0 0.220313 0.0578125 0.028125 0.021875
0 0.738281 0.350781 0.0234375 0.0421875
0 0.571094 0.0914062 0.0390625 0.0421875
0 0.985156 0.250781 0.0234375 0.0515625
0 0.103125 0.0421875 0.04375 0.059375
0 0.861719 0.267969 0.0421875 0.0390625
0 0.688281 0.404687 0.0296875 0.03125
0 0.459375 0.185937 0.0375 0.0375
0 0.165625 0.307813 0.028125 0.028125
0 0.522656 0.619531 0.0296875 0.0359375
0 0.307813 0.417188 0.03125 0.028125
0 0.397656 0.616406 0.0296875 0.0328125
0 0.451562 0.675781 0.03125 0.0453125
0 0.928906 0.333594 0.0640625 0.0640625
0 0.346875 0.575781 0.025 0.0453125
0 0.853906 0.379687 0.0328125 0.0375
0 0.0304688 0.190625 0.0609375 0.13125
0 0.796094 0.426562 0.0359375 0.03125
0 0.440625 0.167969 0.0375 0.0609375
0 0.599219 0.335938 0.0359375 0.040625
0 0.851562 0.416406 0.034375 0.0453125
0 0.90625 0.467187 0.03125 0.040625
0 0.185156 0.353125 0.0296875 0.040625
0 0.0257812 0.575 0.0484375 0.059375
0 0.842969 0.344531 0.0328125 0.0328125
0 0.183594 0.405469 0.0265625 0.0328125
0 0.294531 0.367969 0.0328125 0.0640625
0 0.584375 0.176563 0.03125 0.034375
0 0.648438 0.622656 0.03125 0.0390625
0 0.71875 0.628125 0.025 0.04375
0 0.100781 0.722656 0.0390625 0.0546875
0 0.239844 0.522656 0.0421875 0.0515625
0 0.165625 0.065625 0.03125 0.034375
0 0.0328125 0.680469 0.03125 0.0515625
0 0.553906 0.598437 0.0328125 0.05
0 0.575 0.669531 0.034375 0.0484375
0 0.315625 0.633594 0.03125 0.0421875
0 0.75625 0.1125 0.103125 0.140625
0 0.147656 0.353906 0.0390625 0.0671875
0 0.501562 0.544531 0.046875 0.0546875
0 0.870313 0.0601562 0.10625 0.107813
0 0.328125 0.110937 0.0875 0.13125
0 0.397656 0.719531 0.0296875 0.0453125
0 0.286719 0.605469 0.0296875 0.0328125
0 0.467969 0.114844 0.0328125 0.0390625
0 0.065625 0.550781 0.03125 0.0453125
0 0.0367187 0.285937 0.0640625 0.059375
0 0.721094 0.24375 0.0390625 0.059375
0 0.658594 0.428125 0.0296875 0.034375
0 0.753125 0.428906 0.03125 0.0421875
0 0.778125 0.507031 0.03125 0.0421875
0 0.565625 0.404687 0.075 0.1
0 0.689062 0.338281 0.03125 0.0515625
0 0.678125 0.636719 0.046875 0.0578125
0 0.408594 0.54375 0.0296875 0.04375
0 0.471094 0.3375 0.0546875 0.0625
0 0.770312 0.266406 0.034375 0.0484375
0 0.310937 0.699219 0.03125 0.0390625
0 0.603906 0.578125 0.0328125 0.034375
0 0.274219 0.535937 0.0296875 0.028125
0 0.347656 0.644531 0.0296875 0.0359375
0 0.485156 0.635156 0.0359375 0.0421875
0 0.254687 0.217187 0.04375 0.04375
0 0.0453125 0.432031 0.034375 0.0484375
0 0.478906 0.0703125 0.0515625 0.05
0 0.421094 0.652344 0.0328125 0.0421875
0 0.707031 0.303125 0.0296875 0.0375
0 0.525 0.164844 0.05625 0.0640625
0 0.603906 0.103125 0.0296875 0.034375
0 0.115625 0.482031 0.03125 0.0453125
0 0.208594 0.389062 0.0265625 0.0375
0 0.308594 0.247656 0.0671875 0.0859375
0 0.109375 0.619531 0.034375 0.0578125
0 0.371094 0.223438 0.0421875 0.053125
0 0.452344 0.286719 0.0390625 0.0390625
0 0.164062 0.107813 0.046875 0.046875
0 0.433594 0.709375 0.0390625 0.046875
0 0.758594 0.554688 0.0515625 0.046875
0 0.729688 0.500781 0.0375 0.0515625
0 0.254687 0.371094 0.03125 0.0390625
0 0.628125 0.321875 0.03125 0.05
0 0.114844 0.424219 0.0328125 0.0609375
0 0.660156 0.369531 0.0359375 0.0453125
0 0.149219 0.813281 0.0328125 0.0515625
0 0.352344 0.7 0.0328125 0.053125
0 0.0609375 0.724219 0.034375 0.0484375
0 0.0507812 0.0789063 0.0390625 0.0484375
0 0.0960938 0.0984375 0.0421875 0.04375
0 0.516406 0.38125 0.0359375 0.040625
0 0.378125 0.3375 0.0375 0.05
0 0.0828125 0.183594 0.040625 0.0453125
0 0.63125 0.40625 0.040625 0.053125
0 0.857813 0.194531 0.075 0.0921875
0 0.376563 0.408594 0.03125 0.0359375
0 0.595312 0.216406 0.034375 0.0484375
0 0.267188 0.414844 0.028125 0.0359375
0 0.935156 0.747656 0.0421875 0.0609375
0 0.764844 0.610937 0.0390625 0.053125
0 0.567187 0.54375 0.040625 0.046875
0 0.0710938 0.332812 0.0890625 0.11875
0 0.157031 0.629687 0.0421875 0.05625
0 0.299219 0.519531 0.0359375 0.0328125
0 0.464844 0.517969 0.0296875 0.0359375
0 0.351562 0.753125 0.053125 0.05
0 0.103906 0.53125 0.0390625 0.053125
0 0.466406 0.242969 0.0671875 0.0546875
0 0.132031 0.26875 0.0359375 0.046875
0 0.503906 0.108594 0.0328125 0.0390625
0 0.953125 0.271875 0.0375 0.0625
0 0.275 0.708594 0.034375 0.0359375
0 0.222656 0.357031 0.0328125 0.0390625
0 0.703125 0.559375 0.040625 0.075
0 0.825781 0.308594 0.0453125 0.0515625
0 0.51875 0.235938 0.034375 0.040625
0 0.090625 0.583594 0.0375 0.0390625
0 0.0734375 0.489062 0.0375 0.053125
0 0.640625 0.524219 0.040625 0.0515625
0 0.688281 0.467187 0.0359375 0.053125
0 0.385938 0.654688 0.0375 0.05
0 0.335156 0.454688 0.0484375 0.053125
0 0.510938 0.457031 0.034375 0.0484375
0 0.647656 0.471875 0.0359375 0.046875
0 0.410937 0.753906 0.028125 0.0390625
0 0.235938 0.428125 0.0375 0.05
0 0.367969 0.283594 0.0578125 0.0578125
0 0.155469 0.547656 0.0484375 0.0953125
0 0.234375 0.142188 0.109375 0.10625
0 0.0226563 0.732031 0.0421875 0.0578125
0 0.233594 0.632812 0.0328125 0.04375
0 0.597656 0.498437 0.0421875 0.06875
0 0.0289063 0.8125 0.0515625 0.084375
0 0.579687 0.263281 0.034375 0.0421875
0 0.535937 0.508594 0.03125 0.0453125
0 0.434375 0.485938 0.046875 0.059375
0 0.26875 0.652344 0.0375 0.0515625
0 0.663281 0.277344 0.0484375 0.0546875
0 0.0820312 0.807031 0.0421875 0.0640625
0 0.394531 0.453125 0.0546875 0.065625
0 0.775781 0.332031 0.0484375 0.0609375
0 0.791406 0.164062 0.0515625 0.0625
0 0.721094 0.39375 0.0453125 0.05625
0 0.501562 0.496094 0.034375 0.0390625
0 0.345313 0.380469 0.05625 0.0640625
0 0.639063 0.129688 0.05 0.05
0 0.385156 0.571875 0.0359375 0.053125
0 0.657812 0.571875 0.04375 0.059375
0 0.0585938 0.630469 0.0546875 0.0546875
0 0.798437 0.379687 0.06875 0.053125
0 0.396094 0.0671875 0.0390625 0.04375
0 0.621875 0.180469 0.03125 0.0421875
0 0.407031 0.385938 0.0421875 0.059375
0 0.81875 0.478125 0.04375 0.0625
0 0.879687 0.321875 0.04375 0.05625
0 0.599219 0.61875 0.0453125 0.0625
0 0.359375 0.532812 0.05 0.05
0 0.628906 0.0789063 0.0359375 0.0421875
0 0.0960938 0.244531 0.0390625 0.0484375
0 0.6875 0.08125 0.05 0.05625
0 0.270312 0.458594 0.04375 0.0578125
0 0.946094 0.463281 0.0453125 0.0859375
0 0.772656 0.46875 0.0359375 0.053125
0 0.253906 0.319531 0.0453125 0.0609375
