0 0.780469 0.432813 0.0265625 0.034375
0 0.988281 0.415625 0.0234375 0.046875
0 0.920313 0.6 0.03125 0.0375
0 0.560938 0.299219 0.028125 0.0296875
0 0.0359375 0.299219 0.028125 0.0515625
0 0.739844 0.751562 0.0234375 0.028125
0 0.835938 0.430469 0.03125 0.0515625
0 0.794531 0.0351562 0.0328125 0.0328125
0 0.639844 0.428125 0.0234375 0.0375
0 0.0210938 0.603125 0.0328125 0.034375
0 0.81875 0.803125 0.03125 0.05
0 0.772656 0.0453125 0.0296875 0.034375
0 0.0125 0.328906 0.025 0.0390625
0 0.190625 0.541406 0.028125 0.0265625
0 0.207813 0.45 0.0375 0.034375
0 0.635938 0.563281 0.034375 0.0421875
0 0.184375 0.148438 0.03125 0.034375
0 0.190625 0.494531 0.040625 0.0328125
0 0.103906 0.172656 0.0265625 0.0359375
0 0.157813 0.242188 0.03125 0.028125
0 0.949219 0.732031 0.0390625 0.0484375
0 0.210156 0.607031 0.0296875 0.0421875
0 0.598437 0.241406 0.028125 0.0390625
0 0.0476562 0.603125 0.0296875 0.0375
0 0.125781 0.408594 0.0265625 0.0296875
0 0.355469 0.829687 0.0265625 0.040625
0 0.292969 0.399219 0.0296875 0.0328125
0 0.0820312 0.639844 0.0296875 0.0421875
0 0.158594 0.102344 0.0265625 0.0234375
0 0.70625 0.211719 0.01875 0.0359375
0 0.222656 0.222656 0.0484375 0.0671875
0 0.797656 0.6 0.0296875 0.046875
0 0.426562 0.525781 0.028125 0.0328125
0 0.839063 0.105469 0.025 0.0421875
0 0.957031 0.690625 0.0265625 0.034375
0 0.278125 0.678906 0.0375 0.0390625
0 0.11875 0.744531 0.028125 0.0328125
0 0.334375 0.65625 0.034375 0.04375
0 0.191406 0.848437 0.0328125 0.0375
0 0.471875 0.424219 0.03125 0.0359375
0 0.374219 0.651563 0.0265625 0.034375
0 0.178906 0.603125 0.0328125 0.0375
0 0.601562 0.355469 0.034375 0.0390625
0 0.841406 0.510156 0.0453125 0.0515625
0 0.469531 0.653906 0.0234375 0.0328125
0 0.240625 0.722656 0.0375 0.0421875
0 0.750781 0.226562 0.0234375 0.03125
0 0.0898438 0.065625 0.0265625 0.034375
0 0.175781 0.7375 0.0390625 0.046875
0 0.0132813 0.69375 0.0265625 0.046875
0 0.135937 0.217969 0.03125 0.0296875
0 0.903906 0.1125 0.0359375 0.04375
0 0.40625 0.20625 0.028125 0.040625
0 0.696094 0.101562 0.0609375 0.04375
0 0.7125 0.882031 0.03125 0.0359375
0 0.146094 0.636719 0.0296875 0.0578125
0 0.154687 0.379687 0.034375 0.04375
0 0.646875 0.34375 0.0375 0.053125
0 0.65625 0.857813 0.03125 0.040625
0 0.657812 0.789844 0.028125 0.0359375
0 0.628906 0.727344 0.0234375 0.0453125
0 0.823438 0.622656 0.028125 0.0359375
0 0.178906 0.0773437 0.0265625 0.0296875
0 0.442187 0.204688 0.028125 0.034375
0 0.05625 0.642969 0.028125 0.0421875
0 0.242969 0.867188 0.0359375 0.040625
0 0.599219 0.599219 0.0359375 0.0671875
0 0.121875 0.574219 0.034375 0.0359375
0 0.173438 0.202344 0.0375 0.0421875
0 0.0242187 0.0796875 0.0296875 0.040625
0 0.48125 0.210938 0.0375 0.040625
0 0.0148437 0.396094 0.0296875 0.0578125
0 0.0734375 0.153125 0.025 0.03125
0 0.685938 0.565625 0.028125 0.05
0 0.36875 0.163281 0.04375 0.0671875
0 0.266406 0.282813 0.0515625 0.075
0 0.28125 0.476562 0.03125 0.03125
0 0.309375 0.552344 0.04375 0.0390625
0 0.114063 0.782031 0.03125 0.0390625
0 0.957031 0.479688 0.0421875 0.053125
0 0.255469 0.834375 0.0359375 0.03125
0 0.463281 0.172656 0.0328125 0.0328125
0 0.195312 0.635938 0.034375 0.034375
0 0.75625 0.492969 0.03125 0.0453125
0 0.582812 0.296875 0.025 0.03125
0 0.426562 0.389844 0.03125 0.0390625
0 0.492969 0.79375 0.0453125 0.0625
0 0.780469 0.1375 0.0328125 0.0625
0 0.610156 0.3125 0.0296875 0.040625
0 0.258594 0.446094 0.0390625 0.0328125
0 0.189844 0.33125 0.0328125 0.03125
0 0.147656 0.742969 0.0296875 0.0421875
0 0.214062 0.789844 0.034375 0.0453125
0 0.525 0.398438 0.028125 0.040625
0 0.21875 0.553906 0.034375 0.0359375
0 0.127344 0.460156 0.0328125 0.0453125
0 0.625 0.771875 0.03125 0.040625
0 0.820312 0.359375 0.034375 0.040625
0 0.441406 0.622656 0.0328125 0.0421875
0 0.349219 0.404687 0.0453125 0.046875
0 0.878906 0.686719 0.0359375 0.0609375
0 0.0203125 0.550781 0.040625 0.0671875
0 0.171875 0.684375 0.046875 0.04375
0 0.385938 0.576563 0.03125 0.0375
0 0.864844 0.25625 0.0359375 0.05
0 0.246094 0.404687 0.0359375 0.040625
0 0.535156 0.189063 0.0359375 0.046875
0 0.400781 0.721094 0.0328125 0.0390625
0 0.715625 0.534375 0.03125 0.071875
0 0.240625 0.679688 0.034375 0.0375
0 0.557813 0.435156 0.0375 0.0390625
0 0.349219 0.339063 0.0328125 0.04375
0 0.409375 0.784375 0.03125 0.06875
0 0.84375 0.68125 0.034375 0.053125
0 0.192969 0.294531 0.0390625 0.0484375
0 0.0570313 0.103906 0.0328125 0.0359375
0 0.446875 0.786719 0.03125 0.0515625
0 0.355469 0.597656 0.0328125 0.0390625
0 0.66875 0.623438 0.025 0.0375
0 0.210156 0.390625 0.0328125 0.0375
0 0.452344 0.700781 0.0421875 0.0609375
0 0.771875 0.779688 0.040625 0.04375
0 0.744531 0.628906 0.0390625 0.0609375
0 0.589844 0.7625 0.0328125 0.05
0 0.034375 0.667188 0.03125 0.04375
0 0.907812 0.292188 0.0375 0.046875
0 0.689844 0.3375 0.0328125 0.040625
0 0.682813 0.436719 0.034375 0.0609375
0 0.142969 0.173438 0.0296875 0.034375
0 0.0976562 0.716406 0.0328125 0.0421875
0 0.0890625 0.503906 0.04375 0.0953125
0 0.153125 0.496875 0.0375 0.040625
0 0.792969 0.495313 0.0359375 0.08125
0 0.985156 0.517187 0.0265625 0.04375
0 0.364062 0.771094 0.04375 0.0515625
0 0.3875 0.878906 0.034375 0.0515625
0 0.228125 0.0765625 0.034375 0.05
0 0.0234375 0.13125 0.040625 0.04375
0 0.475 0.1375 0.03125 0.034375
0 0.56875 0.521875 0.034375 0.040625
0 0.370313 0.272656 0.03125 0.0390625
0 0.441406 0.425781 0.0328125 0.0421875
0 0.427344 0.311719 0.0390625 0.0359375
0 0.0539063 0.1875 0.0328125 0.0375
0 0.519531 0.248437 0.0328125 0.034375
0 0.242969 0.522656 0.0359375 0.0421875
0 0.446094 0.108594 0.0296875 0.0328125
0 0.732813 0.338281 0.040625 0.0578125
0 0.796094 0.402344 0.0359375 0.0453125
0 0.0398437 0.501562 0.0328125 0.04375
0 0.141406 0.303906 0.0265625 0.0328125
0 0.0375 0.741406 0.03125 0.0390625
0 0.176563 0.430469 0.04375 0.0453125
0 0.516406 0.4375 0.0328125 0.034375
0 0.327344 0.696094 0.0296875 0.0359375
0 0.726562 0.227344 0.025 0.0359375
0 0.550781 0.471094 0.0390625 0.0390625
0 0.707812 0.25 0.03125 0.04375
0 0.473437 0.322656 0.03125 0.0390625
0 0.285156 0.596875 0.0390625 0.05625
0 0.8 0.255469 0.034375 0.0421875
0 0.558594 0.265625 0.0390625 0.034375
0 0.807813 0.203906 0.034375 0.0421875
0 0.671875 0.213281 0.034375 0.0515625
0 0.0960938 0.317187 0.0390625 0.05
0 0.0835937 0.219531 0.0359375 0.0515625
0 0.272656 0.742969 0.0328125 0.0453125
0 0.132812 0.703125 0.03125 0.046875
0 0.0976562 0.603906 0.0296875 0.0421875
0 0.117188 0.244531 0.03125 0.0390625
0 0.324219 0.260156 0.0703125 0.0953125
0 0.619531 0.40625 0.0328125 0.040625
0 0.860937 0.182031 0.03125 0.0390625
0 0.610937 0.153125 0.03125 0.04375
0 0.391406 0.401563 0.0328125 0.040625
0 0.26875 0.122656 0.053125 0.0640625
0 0.73125 0.842969 0.05 0.0453125
0 0.932031 0.185937 0.0546875 0.059375
0 0.589063 0.0585938 0.04375 0.0453125
0 0.403906 0.625781 0.0390625 0.0484375
0 0.553906 0.229687 0.0328125 0.040625
0 0.554688 0.142188 0.034375 0.028125
0 0.522656 0.0804688 0.0671875 0.0734375
0 0.14375 0.551562 0.040625 0.046875
0 0.684375 0.280469 0.05 0.0671875
0 0.659375 0.582031 0.03125 0.0453125
0 0.677344 0.157031 0.0421875 0.0546875
0 0.73125 0.180469 0.040625 0.0453125
0 0.689844 0.770312 0.0390625 0.053125
0 0.46875 0.466406 0.0375 0.0421875
0 0.442969 0.355469 0.0390625 0.0515625
0 0.596094 0.104687 0.0328125 0.0375
0 0.778906 0.3 0.0328125 0.046875
0 0.900781 0.380469 0.0359375 0.0578125
0 0.780469 0.353906 0.0390625 0.0421875
0 0.517969 0.292969 0.0421875 0.0484375
0 0.564062 0.645312 0.0375 0.05
0 0.425 0.570312 0.034375 0.04375
0 0.664844 0.746094 0.0296875 0.0453125
0 0.946875 0.267188 0.04375 0.075
0 0.621875 0.222656 0.03125 0.0390625
0 0.461719 0.241406 0.0296875 0.0359375
0 0.583594 0.70625 0.0421875 0.0625
0 0.361719 0.533594 0.0328125 0.0359375
0 0.873438 0.571875 0.040625 0.0625
0 0.466406 0.575781 0.0359375 0.0484375
0 0.407813 0.453125 0.03125 0.046875
0 0.49375 0.396094 0.03125 0.0453125
0 0.292969 0.513281 0.0390625 0.0453125
0 0.639844 0.478906 0.0578125 0.0609375
0 0.121875 0.121875 0.034375 0.040625
0 0.195312 0.114844 0.03125 0.0390625
0 0.519531 0.136719 0.0328125 0.0359375
0 0.602344 0.453906 0.0359375 0.0453125
0 0.573438 0.38125 0.03125 0.046875
0 0.290625 0.871094 0.040625 0.0484375
0 0.524219 0.508594 0.0328125 0.0453125
0 0.436719 0.483594 0.0328125 0.0390625
0 0.692969 0.704687 0.0390625 0.053125
0 0.5 0.542969 0.034375 0.0609375
0 0.733594 0.434375 0.0484375 0.075
0 0.41875 0.139844 0.053125 0.0703125
0 0.763281 0.721094 0.0390625 0.0578125
0 0.0835937 0.384375 0.0671875 0.075
0 0.703125 0.630469 0.028125 0.0453125
0 0.324219 0.459375 0.0578125 0.075
0 0.588281 0.185937 0.0421875 0.059375
0 0.425781 0.0703125 0.0421875 0.046875
0 0.61875 0.667188 0.05 0.059375
0 0.640625 0.280469 0.03125 0.0421875
0 0.882812 0.628906 0.040625 0.0515625
0 0.3125 0.35625 0.04375 0.05625
0 0.830469 0.157813 0.0328125 0.05
0 0.241406 0.482031 0.0359375 0.0453125
