0 0.702344 0.128125 0.0265625 0.028125
0 0.826563 0.492188 0.021875 0.034375
0 0.705469 0.229687 0.0296875 0.0375
0 0.00859375 0.320312 0.0171875 0.0375
0 0.878125 0.332031 0.034375 0.0640625
0 0.738281 0.673437 0.0296875 0.040625
0 0.0445312 0.120312 0.0265625 0.034375
0 0.734375 0.632812 0.03125 0.046875
0 0.571875 0.295312 0.028125 0.053125
0 0.167969 0.602344 0.0328125 0.0515625
0 0.964844 0.183594 0.0328125 0.0265625
0 0.766406 0.6875 0.0296875 0.0375
0 0.463281 0.385938 0.0390625 0.05625
0 0.0570313 0.23125 0.0296875 0.0375
0 0.0570313 0.483594 0.0453125 0.0703125
0 0.317969 0.463281 0.0296875 0.0390625
0 0.0320312 0.714063 0.0296875 0.040625
0 0.153125 0.0289063 0.046875 0.0546875
0 0.817969 0.015625 0.0453125 0.028125
0 0.521094 0.0882813 0.0296875 0.0421875
0 0.0335938 0.801562 0.0328125 0.04375
0 0.259375 0.633594 0.03125 0.0578125
0 0.303125 0.170312 0.025 0.03125
0 0.767187 0.391406 0.028125 0.0453125
0 0.180469 0.88125 0.0390625 0.065625
0 0.265625 0.10625 0.028125 0.04375
0 0.147656 0.278125 0.0359375 0.04375
0 0.452344 0.275781 0.0265625 0.0390625
0 0.664844 0.785937 0.0296875 0.053125
0 0.588281 0.25625 0.0359375 0.034375
0 0.592969 0.414062 0.0296875 0.04375
0 0.351562 0.179688 0.040625 0.040625
0 0.235938 0.623438 0.028125 0.04375
0 0.902344 0.0148437 0.0328125 0.0265625
0 0.0945313 0.655469 0.0421875 0.0515625
0 0.329688 0.224219 0.0375 0.0546875
0 0.642187 0.24375 0.028125 0.034375
0 0.265625 0.29375 0.028125 0.04375
0 0.226562 0.153125 0.034375 0.05
0 0.666406 0.133594 0.0296875 0.0515625
0 0.857031 0.465625 0.0265625 0.05
0 0.514844 0.485156 0.0296875 0.0578125
0 0.195312 0.157031 0.03125 0.0546875
0 0.410156 0.105469 0.0390625 0.0390625
0 0.727344 0.0210938 0.0703125 0.0421875
0 0.552344 0.710938 0.0390625 0.0625
0 0.129688 0.742188 0.028125 0.053125
0 0.554688 0.472656 0.03125 0.0453125
0 0.4125 0.146875 0.028125 0.0375
0 0.375781 0.0804688 0.0390625 0.0515625
0 0.647656 0.625781 0.0515625 0.110937
0 0.698438 0.479688 0.03125 0.0375
0 0.896094 0.595312 0.0296875 0.040625
0 0.805469 0.0617188 0.0515625 0.0453125
0 0.105469 0.190625 0.0265625 0.034375
0 0.707812 0.407813 0.028125 0.046875
0 0.1875 0.332812 0.034375 0.05625
0 0.957812 0.521094 0.040625 0.0515625
0 0.641406 0.282813 0.0296875 0.040625
0 0.314844 0.749219 0.0265625 0.0359375
0 0.0859375 0.208594 0.028125 0.0390625
0 0.015625 0.407813 0.03125 0.040625
0 0.367969 0.132031 0.0328125 0.0328125
0 0.614844 0.357812 0.0296875 0.046875
0 0.0148437 0.463281 0.0296875 0.0453125
0 0.347656 0.455469 0.0328125 0.0359375
0 0.132031 0.613281 0.0359375 0.0421875
0 0.660156 0.308594 0.0328125 0.0453125
0 0.114844 0.7 0.0390625 0.046875
0 0.192188 0.510938 0.03125 0.04375
0 0.947656 0.641406 0.0296875 0.0421875
0 0.376563 0.574219 0.034375 0.0484375
0 0.0164062 0.289844 0.0296875 0.0328125
0 0.0664062 0.539062 0.0296875 0.034375
0 0.745313 0.482031 0.034375 0.0421875
0 0.724219 0.367188 0.0421875 0.04375
0 0.446875 0.0710938 0.034375 0.0421875
0 0.603125 0.586719 0.0375 0.0796875
0 0.825781 0.44375 0.0359375 0.04375
0 0.0164062 0.23125 0.0328125 0.05
0 0.297656 0.221094 0.0328125 0.0484375
0 0.888281 0.245312 0.0296875 0.05625
0 0.207813 0.639844 0.03125 0.0421875
0 0.326562 0.592188 0.028125 0.0375
0 0.314063 0.129688 0.03125 0.028125
0 0.4125 0.414844 0.034375 0.0359375
0 0.391406 0.220313 0.0421875 0.046875
0 0.223438 0.527344 0.034375 0.0546875
0 0.632812 0.178125 0.0375 0.04375
0 0.290625 0.614062 0.028125 0.040625
0 0.2 0.569531 0.04375 0.0515625
0 0.607031 0.730469 0.0265625 0.0390625
0 0.351562 0.650781 0.034375 0.0515625
0 0.392969 0.31875 0.0296875 0.04375
0 0.689844 0.321875 0.0296875 0.034375
0 0.0445312 0.374219 0.0546875 0.0453125
0 0.25 0.565625 0.03125 0.040625
0 0.253906 0.465625 0.0453125 0.053125
0 0.0375 0.622656 0.046875 0.0484375
0 0.142188 0.789062 0.034375 0.05
0 0.85625 0.4 0.040625 0.046875
0 0.130469 0.0921875 0.0359375 0.034375
0 0.785156 0.563281 0.0359375 0.0453125
0 0.610156 0.132031 0.0296875 0.0359375
0 0.851562 0.235938 0.0375 0.0375
0 0.635938 0.322656 0.028125 0.0359375
0 0.796094 0.353906 0.0328125 0.0484375
0 0.0359375 0.317969 0.03125 0.0359375
0 0.935156 0.410937 0.0421875 0.06875
0 0.960156 0.372656 0.0296875 0.0328125
0 0.371875 0.346094 0.025 0.0359375
0 0.823438 0.096875 0.04375 0.034375
0 0.720312 0.521875 0.03125 0.04375
0 0.160156 0.550781 0.0359375 0.0421875
0 0.659375 0.365625 0.05 0.05
0 0.402344 0.465625 0.0359375 0.04375
0 0.211719 0.453906 0.0328125 0.0484375
0 0.292188 0.660156 0.03125 0.0359375
0 0.844531 0.745313 0.0484375 0.065625
0 0.986719 0.319531 0.0265625 0.0484375
0 0.170312 0.678125 0.0375 0.053125
0 0.0210938 0.18125 0.0359375 0.04375
0 0.982813 0.475781 0.034375 0.0453125
0 0.564844 0.071875 0.0359375 0.05
0 0.261719 0.389062 0.0390625 0.05
0 0.174219 0.442187 0.0328125 0.059375
0 0.359375 0.26875 0.028125 0.0375
0 0.420312 0.321875 0.028125 0.05625
0 0.0484375 0.196094 0.03125 0.0390625
0 0.621094 0.4375 0.0546875 0.05
0 0.79375 0.632031 0.040625 0.0640625
0 0.0507812 0.158594 0.0390625 0.0359375
0 0.536719 0.178125 0.0328125 0.040625
0 0.122656 0.853125 0.0421875 0.0625
0 0.976562 0.6125 0.040625 0.0625
0 0.632031 0.482812 0.0359375 0.034375
0 0.9125 0.178125 0.0375 0.040625
0 0.734375 0.407031 0.03125 0.0453125
0 0.802344 0.409375 0.0359375 0.053125
0 0.128906 0.170312 0.0421875 0.053125
0 0.580469 0.192969 0.0421875 0.0515625
0 0.572656 0.785156 0.0265625 0.0484375
0 0.489844 0.428906 0.0265625 0.0453125
0 0.684375 0.571875 0.025 0.040625
0 0.454688 0.467187 0.046875 0.05
0 0.401563 0.378906 0.040625 0.0515625
0 0.372656 0.422656 0.0296875 0.0421875
0 0.153906 0.496875 0.0359375 0.04375
0 0.08125 0.120312 0.046875 0.059375
0 0.940625 0.232812 0.0625 0.06875
0 0.284375 0.727344 0.034375 0.0484375
0 0.76875 0.307813 0.034375 0.04375
0 0.333594 0.292188 0.0546875 0.05625
0 0.291406 0.499219 0.0328125 0.0453125
0 0.175781 0.380469 0.0359375 0.0390625
0 0.840625 0.35625 0.034375 0.04375
0 0.816406 0.314063 0.0359375 0.0375
0 0.528125 0.376563 0.071875 0.103125
0 0.264844 0.25 0.0390625 0.053125
0 0.407031 0.527344 0.0359375 0.0421875
0 0.401563 0.271875 0.034375 0.04375
0 0.0820312 0.765625 0.0609375 0.0875
0 0.822656 0.147656 0.0390625 0.0546875
0 0.307813 0.697656 0.028125 0.0453125
0 0.201562 0.253125 0.071875 0.09375
0 0.100781 0.29375 0.0390625 0.034375
0 0.871875 0.0390625 0.0375 0.04375
0 0.508594 0.307031 0.0515625 0.0515625
0 0.0703125 0.335938 0.03125 0.034375
0 0.0945313 0.367188 0.0328125 0.0375
0 0.864062 0.154687 0.034375 0.0625
0 0.471875 0.144531 0.04375 0.0546875
0 0.132031 0.390625 0.0484375 0.053125
0 0.295312 0.429688 0.03125 0.04375
0 0.192188 0.0828125 0.040625 0.046875
0 0.501562 0.728125 0.05 0.053125
0 0.689062 0.278125 0.05 0.053125
0 0.157813 0.125 0.0375 0.046875
0 0.05 0.0804688 0.03125 0.0359375
0 0.491406 0.263281 0.0359375 0.0421875
0 0.0734375 0.842969 0.04375 0.0640625
0 0.264062 0.16875 0.040625 0.05625
0 0.0984375 0.0601562 0.05 0.0515625
0 0.461719 0.553125 0.107813 0.090625
0 0.332812 0.403125 0.046875 0.059375
0 0.345313 0.721094 0.034375 0.0609375
0 0.933594 0.58125 0.0328125 0.05
0 0.585156 0.532812 0.0234375 0.040625
0 0.667969 0.225781 0.0421875 0.0546875
0 0.542188 0.248437 0.046875 0.05625
0 0.446875 0.214844 0.053125 0.0765625
0 0.728125 0.185937 0.040625 0.05625
0 0.303125 0.558594 0.034375 0.0484375
0 0.111719 0.458594 0.0828125 0.0953125
0 0.385938 0.669531 0.03125 0.0484375
0 0.690625 0.175781 0.034375 0.0515625
0 0.942969 0.09375 0.0921875 0.1125
0 0.639063 0.730469 0.0375 0.0578125
0 0.607813 0.782812 0.034375 0.046875
0 0.55 0.532812 0.034375 0.04375
0 0.338281 0.10625 0.0390625 0.05
0 0.228125 0.346875 0.034375 0.053125
0 0.854688 0.617188 0.071875 0.071875
0 0.335156 0.342969 0.0359375 0.0453125
0 0.915625 0.330469 0.034375 0.0515625
