0 0.692969 0.646875 0.0265625 0.03125
0 0.567187 0.530469 0.021875 0.0421875
0 0.0929687 0.475 0.0296875 0.04375
0 0.283594 0.0640625 0.0359375 0.03125
0 0.333594 0.741406 0.0234375 0.0328125
0 0.780469 0.586719 0.0265625 0.0328125
0 0.683594 0.136719 0.0265625 0.0515625
0 0.410156 0.411719 0.0296875 0.0328125
0 0.00859375 0.467187 0.0171875 0.046875
0 0.1875 0.699219 0.028125 0.0359375
0 0.448438 0.630469 0.034375 0.0453125
0 0.253906 0.397656 0.0328125 0.0453125
0 0.192969 0.789062 0.0234375 0.034375
0 0.0289063 0.435937 0.0265625 0.0375
0 0.957812 0.775781 0.021875 0.0390625
0 0.213281 0.703906 0.0296875 0.0390625
0 0.174219 0.475781 0.0328125 0.0421875
0 0.121875 0.485938 0.0375 0.04375
0 0.969531 0.177344 0.0296875 0.0453125
0 0.385156 0.584375 0.0359375 0.034375
0 0.861719 0.175 0.0265625 0.046875
0 0.398438 0.782812 0.034375 0.065625
0 0.0351562 0.23125 0.0265625 0.03125
0 0.527344 0.321875 0.0265625 0.034375
0 0.178906 0.432813 0.0328125 0.034375
0 0.525781 0.43125 0.0296875 0.053125
0 0.084375 0.442187 0.03125 0.040625
0 0.703906 0.620313 0.0265625 0.0375
0 0.464844 0.810938 0.0359375 0.05
0 0.54375 0.189063 0.05 0.040625
0 0.335938 0.53125 0.03125 0.0625
0 0.714063 0.48125 0.028125 0.034375
0 0.510156 0.346094 0.0328125 0.0359375
0 0.947656 0.286719 0.0296875 0.0359375
0 0.172656 0.222656 0.0296875 0.0328125
0 0.0859375 0.205469 0.03125 0.0390625
0 0.578125 0.0625 0.040625 0.028125
0 0.255469 0.179688 0.0296875 0.03125
0 0.475781 0.1875 0.0265625 0.0375
0 0.789844 0.078125 0.0265625 0.0375
0 0.634375 0.0765625 0.025 0.03125
0 0.6 0.214062 0.028125 0.04375
0 0.710938 0.549219 0.028125 0.0359375
0 0.216406 0.302344 0.0296875 0.0296875
0 0.68125 0.733594 0.03125 0.0421875
0 0.972656 0.345313 0.0484375 0.065625
0 0.215625 0.442187 0.028125 0.034375
0 0.595312 0.520312 0.028125 0.053125
0 0.148438 0.538281 0.021875 0.0328125
0 0.557813 0.122656 0.040625 0.0546875
0 0.18125 0.0617188 0.084375 0.0484375
0 0.142188 0.625781 0.0625 0.0765625
0 0.065625 0.0617188 0.034375 0.0359375
0 0.710938 0.864844 0.071875 0.0765625
0 0.742188 0.567187 0.040625 0.046875
0 0.428125 0.154687 0.040625 0.040625
0 0.460156 0.267188 0.0359375 0.046875
0 0.196875 0.40625 0.028125 0.034375
0 0.578906 0.814062 0.0328125 0.05625
0 0.690625 0.450781 0.0375 0.0578125
0 0.439844 0.396094 0.0265625 0.0328125
0 0.805469 0.7875 0.0359375 0.05625
0 0.933594 0.407813 0.0296875 0.04375
0 0.271875 0.380469 0.03125 0.0421875
0 0.208594 0.621094 0.0515625 0.0453125
0 0.400781 0.3625 0.0359375 0.05
0 0.710156 0.384375 0.0484375 0.084375
0 0.410156 0.853125 0.0265625 0.05
0 0.634375 0.448438 0.034375 0.05
0 0.555469 0.410937 0.0328125 0.06875
0 0.982031 0.102344 0.0359375 0.0671875
0 0.240625 0.149219 0.034375 0.0390625
0 0.215625 0.345313 0.034375 0.053125
0 0.755469 0.0804688 0.0328125 0.0359375
0 0.185937 0.351562 0.0375 0.04375
0 0.25 0.296094 0.034375 0.0765625
0 0.0914062 0.2875 0.0484375 0.06875
0 0.985937 0.490625 0.028125 0.053125
0 0.317969 0.229687 0.0328125 0.05
0 0.046875 0.617188 0.0375 0.04375
0 0.739844 0.190625 0.0390625 0.0375
0 0.0171875 0.192188 0.034375 0.0375
0 0.820312 0.541406 0.034375 0.0484375
0 0.225 0.665625 0.028125 0.0375
0 0.0640625 0.190625 0.025 0.034375
0 0.182031 0.567969 0.0359375 0.0328125
0 0.283594 0.274219 0.0328125 0.0484375
0 0.7875 0.299219 0.03125 0.0390625
0 0.433594 0.439844 0.0296875 0.0390625
0 0.0367187 0.655469 0.0421875 0.0484375
0 0.570312 0.899219 0.025 0.0546875
0 0.336719 0.786719 0.0296875 0.0359375
0 0.623438 0.620313 0.034375 0.040625
0 0.808594 0.249219 0.0390625 0.0609375
0 0.129688 0.103125 0.0375 0.0375
0 0.0742188 0.725 0.0328125 0.05
0 0.763281 0.6375 0.0390625 0.053125
0 0.660937 0.903906 0.03125 0.0453125
0 0.260938 0.514063 0.03125 0.040625
0 0.172656 0.389062 0.0328125 0.05
0 0.432813 0.778906 0.028125 0.0453125
0 0.277344 0.339063 0.0328125 0.040625
0 0.772656 0.382031 0.0390625 0.0671875
0 0.598437 0.420312 0.034375 0.05625
0 0.367969 0.245312 0.0359375 0.040625
0 0.504687 0.454688 0.028125 0.0375
0 0.922656 0.611719 0.0453125 0.0640625
0 0.059375 0.779688 0.04375 0.046875
0 0.0609375 0.148438 0.034375 0.046875
0 0.148438 0.134375 0.0375 0.046875
0 0.514844 0.60625 0.0578125 0.065625
0 0.627344 0.152344 0.0296875 0.0328125
0 0.121094 0.728906 0.0296875 0.0390625
0 0.914062 0.197656 0.06875 0.145313
0 0.582812 0.603906 0.040625 0.0421875
0 0.925 0.78125 0.03125 0.046875
0 0.680469 0.317969 0.0265625 0.0484375
0 0.107031 0.164062 0.0328125 0.059375
0 0.922656 0.283594 0.0265625 0.0390625
0 0.448438 0.515625 0.0375 0.053125
0 0.859375 0.378906 0.046875 0.0484375
0 0.890625 0.117969 0.0375 0.0484375
0 0.177344 0.532812 0.0328125 0.034375
0 0.126563 0.234375 0.04375 0.053125
0 0.364062 0.320312 0.03125 0.046875
0 0.658594 0.153125 0.0234375 0.03125
0 0.119531 0.429688 0.0421875 0.040625
0 0.660156 0.508594 0.0328125 0.0390625
0 0.254687 0.545313 0.03125 0.040625
0 0.0195312 0.14375 0.0390625 0.05625
0 0.747656 0.483594 0.0328125 0.0421875
0 0.0164062 0.341406 0.0328125 0.0578125
0 0.610156 0.917188 0.0390625 0.05625
0 0.0242187 0.746094 0.0390625 0.0421875
0 0.561719 0.675781 0.0515625 0.0515625
0 0.107813 0.3875 0.0375 0.0375
0 0.288281 0.169531 0.0359375 0.0546875
0 0.304688 0.778906 0.03125 0.0390625
0 0.0335938 0.0671875 0.0328125 0.05625
0 0.899219 0.432813 0.0484375 0.046875
0 0.117969 0.31875 0.0484375 0.0625
0 0.633594 0.830469 0.0546875 0.0984375
0 0.470313 0.44375 0.034375 0.1
0 0.934375 0.339844 0.034375 0.0546875
0 0.360938 0.474219 0.0375 0.0546875
0 0.626562 0.532031 0.034375 0.0515625
0 0.295312 0.70625 0.05 0.08125
0 0.964844 0.630469 0.0328125 0.0390625
0 0.735156 0.447656 0.0296875 0.0359375
0 0.649219 0.269531 0.0453125 0.0453125
0 0.473437 0.700781 0.0375 0.0515625
0 0.110937 0.592969 0.0375 0.0484375
0 0.329688 0.302344 0.040625 0.0484375
0 0.361719 0.74375 0.0296875 0.04375
0 0.24375 0.594531 0.053125 0.0515625
0 0.303906 0.586719 0.0484375 0.0609375
0 0.915625 0.477344 0.034375 0.0359375
0 0.825781 0.0554687 0.0390625 0.0578125
0 0.450781 0.571875 0.0390625 0.046875
0 0.234375 0.471875 0.04375 0.053125
0 0.414062 0.539062 0.034375 0.05
0 0.697656 0.0820312 0.0765625 0.0609375
0 0.282031 0.467969 0.0390625 0.0515625
0 0.0773437 0.528906 0.0484375 0.0640625
0 0.392969 0.696094 0.0546875 0.0703125
0 0.220313 0.517969 0.034375 0.0390625
0 0.492188 0.659375 0.034375 0.040625
0 0.0484375 0.582031 0.0375 0.0453125
0 0.908594 0.671875 0.0328125 0.05625
0 0.358594 0.158594 0.0640625 0.101562
0 0.976562 0.703125 0.040625 0.046875
0 0.544531 0.491406 0.0328125 0.0421875
0 0.315625 0.644531 0.04375 0.0484375
0 0.770312 0.7375 0.0375 0.0625
0 0.270312 0.21875 0.05 0.05625
0 0.36875 0.414062 0.05 0.05
0 0.05625 0.404687 0.046875 0.0625
0 0.342969 0.0710938 0.0578125 0.0609375
0 0.324219 0.434375 0.0484375 0.059375
0 0.25 0.694531 0.034375 0.0546875
0 0.203906 0.111719 0.0546875 0.0484375
0 0.192969 0.657031 0.0328125 0.0359375
0 0.936719 0.730469 0.0359375 0.0484375
0 0.065625 0.242188 0.0375 0.05
0 0.747656 0.319531 0.0390625 0.0546875
0 0.639844 0.379687 0.0546875 0.071875
0 0.936719 0.507031 0.0359375 0.0484375
0 0.271094 0.642969 0.0390625 0.0484375
0 0.457812 0.759375 0.034375 0.05
0 0.0203125 0.520312 0.040625 0.06875
0 0.405469 0.228125 0.0546875 0.053125
0 0.894531 0.522656 0.0296875 0.0453125
0 0.717969 0.716406 0.0390625 0.0578125
0 0.396094 0.11875 0.0421875 0.053125
0 0.685938 0.795313 0.05 0.0625
0 0.290625 0.111719 0.053125 0.0515625
0 0.442187 0.205469 0.040625 0.0578125
0 0.591406 0.259375 0.0453125 0.053125
0 0.609375 0.104687 0.046875 0.053125
0 0.210156 0.203906 0.0421875 0.0609375
0 0.867188 0.0710938 0.04375 0.0546875
0 0.60625 0.710156 0.053125 0.0671875
0 0.857813 0.317969 0.034375 0.0484375
0 0.121094 0.547656 0.0390625 0.0453125
0 0.403125 0.283594 0.053125 0.0546875
0 0.745313 0.789844 0.0625 0.0671875
0 0.661719 0.569531 0.0328125 0.0484375
0 0.690625 0.225781 0.1125 0.104687
0 0.316406 0.380469 0.0359375 0.0421875
0 0.792969 0.14375 0.0640625 0.09375
0 0.580469 0.314844 0.0796875 0.0578125
0 0.222656 0.557031 0.0328125 0.0484375
0 0.817187 0.321094 0.040625 0.0546875
0 0.372656 0.546875 0.0328125 0.046875
0 0.498437 0.507031 0.034375 0.0484375
0 0.378125 0.633594 0.0625 0.0609375
