0 0.300781 0.149219 0.0671875 0.0859375
0 0.492188 0.75 0.028125 0.046875
0 0.015625 0.139844 0.028125 0.0703125
0 0.494531 0.342187 0.0203125 0.0375
0 0.128125 0.386719 0.025 0.0328125
0 0.178906 0.364844 0.0296875 0.0359375
0 0.375781 0.697656 0.0265625 0.0328125
0 0.269531 0.344531 0.0359375 0.0484375
0 0.1 0.846094 0.04375 0.0421875
0 0.390625 0.682031 0.021875 0.0390625
0 0.9875 0.0804688 0.025 0.0453125
0 0.980469 0.35625 0.0359375 0.034375
0 0.628125 0.674219 0.03125 0.0359375
0 0.844531 0.45625 0.0234375 0.034375
0 0.696875 0.5125 0.034375 0.03125
0 0.360938 0.285156 0.028125 0.0296875
0 0.957031 0.402344 0.0546875 0.0671875
0 0.9375 0.182031 0.034375 0.0328125
0 0.340625 0.659375 0.03125 0.0375
0 0.0648438 0.241406 0.0359375 0.0390625
0 0.238281 0.128906 0.0296875 0.0546875
0 0.589063 0.309375 0.028125 0.028125
0 0.682031 0.605469 0.0328125 0.0484375
0 0.5375 0.814062 0.028125 0.046875
0 0.155469 0.733594 0.0328125 0.0359375
0 0.504687 0.627344 0.025 0.0390625
0 0.196094 0.614062 0.0265625 0.034375
0 0.821094 0.508594 0.0265625 0.0359375
0 0.028125 0.43125 0.0375 0.05
0 0.502344 0.700781 0.0390625 0.0640625
0 0.422656 0.564844 0.0546875 0.0828125
0 0.349219 0.8 0.0328125 0.040625
0 0.146875 0.655469 0.03125 0.0453125
0 0.666406 0.69375 0.0296875 0.053125
0 0.719531 0.228125 0.0328125 0.0375
0 0.460938 0.797656 0.028125 0.0671875
0 0.559375 0.617188 0.03125 0.04375
0 0.866406 0.454688 0.0296875 0.0375
0 0.178125 0.660156 0.028125 0.0359375
0 0.346094 0.755469 0.0390625 0.0515625
0 0.696094 0.158594 0.0359375 0.0359375
0 0.164844 0.478125 0.0296875 0.034375
0 0.65 0.765625 0.03125 0.034375
0 0.242969 0.471875 0.0296875 0.03125
0 0.0148437 0.314844 0.0296875 0.0671875
0 0.4375 0.305469 0.040625 0.0390625
0 0.639063 0.113281 0.04375 0.0671875
0 0.0109375 0.546094 0.021875 0.0390625
0 0.861719 0.703125 0.0328125 0.046875
0 0.721875 0.682031 0.028125 0.0421875
0 0.0992187 0.671875 0.0578125 0.059375
0 0.366406 0.835938 0.0390625 0.040625
0 0.805469 0.54375 0.0296875 0.04375
0 0.621094 0.714844 0.0390625 0.0390625
0 0.53125 0.586719 0.028125 0.0671875
0 0.619531 0.400781 0.0265625 0.0328125
0 0.929688 0.139844 0.034375 0.0359375
0 0.584375 0.834375 0.04375 0.040625
0 0.376563 0.784375 0.03125 0.04375
0 0.841406 0.257031 0.0609375 0.0484375
0 0.450781 0.374219 0.0296875 0.0359375
0 0.822656 0.797656 0.0328125 0.0453125
0 0.0398437 0.538281 0.0359375 0.0359375
0 0.891406 0.246875 0.0328125 0.03125
0 0.160938 0.439844 0.03125 0.0390625
0 0.699219 0.207031 0.0421875 0.0421875
0 0.350781 0.546875 0.0296875 0.03125
0 0.888281 0.523438 0.0296875 0.04375
0 0.819531 0.166406 0.0328125 0.0390625
0 0.53125 0.707031 0.03125 0.0453125
0 0.515625 0.121094 0.028125 0.0296875
0 0.925 0.214062 0.028125 0.0375
0 0.428906 0.341406 0.0328125 0.0296875
0 0.616406 0.303125 0.0390625 0.05625
0 0.910937 0.624219 0.028125 0.0328125
0 0.340625 0.701563 0.034375 0.0375
0 0.495313 0.579687 0.028125 0.04375
0 0.379687 0.36875 0.03125 0.034375
0 0.0765625 0.728125 0.046875 0.05
0 0.736719 0.378906 0.0234375 0.0328125
0 0.613281 0.755469 0.0296875 0.0390625
0 0.100781 0.260938 0.0296875 0.034375
0 0.8125 0.615625 0.028125 0.040625
0 0.879687 0.651563 0.028125 0.04375
0 0.717969 0.470313 0.0328125 0.046875
0 0.0242187 0.866406 0.0328125 0.0546875
0 0.272656 0.672656 0.0328125 0.0359375
0 0.696875 0.546875 0.028125 0.04375
0 0.197656 0.685156 0.0328125 0.0390625
0 0.251563 0.314063 0.028125 0.04375
0 0.682813 0.7625 0.03125 0.046875
0 0.234375 0.446094 0.03125 0.0359375
0 0.435156 0.6375 0.0296875 0.05
0 0.0351562 0.253906 0.0328125 0.0328125
0 0.1 0.530469 0.034375 0.0546875
0 0.0820312 0.115625 0.0328125 0.0375
0 0.135156 0.358594 0.0296875 0.0296875
0 0.964063 0.532031 0.034375 0.0453125
0 0.0273438 0.5875 0.0390625 0.05625
0 0.833594 0.749219 0.0328125 0.0515625
0 0.0664062 0.509375 0.0328125 0.034375
0 0.291406 0.495313 0.0359375 0.053125
0 0.0898438 0.791406 0.0390625 0.0484375
0 0.36875 0.165625 0.03125 0.065625
0 0.415625 0.678906 0.025 0.0390625
0 0.979688 0.138281 0.034375 0.0515625
0 0.859375 0.207031 0.03125 0.0359375
0 0.863281 0.78125 0.0328125 0.053125
0 0.182031 0.40625 0.0453125 0.04375
0 0.304688 0.446875 0.0375 0.040625
0 0.89375 0.20625 0.028125 0.040625
0 0.411719 0.364062 0.0328125 0.040625
0 0.309375 0.08125 0.040625 0.04375
0 0.236719 0.383594 0.0359375 0.0640625
0 0.0296875 0.0757812 0.059375 0.0484375
0 0.166406 0.532031 0.0328125 0.0515625
0 0.896875 0.279687 0.03125 0.0375
0 0.580469 0.772656 0.0296875 0.0609375
0 0.436719 0.832812 0.0296875 0.05
0 0.628906 0.807813 0.0421875 0.053125
0 0.746875 0.65625 0.028125 0.0375
0 0.521875 0.342187 0.025 0.040625
0 0.483594 0.285156 0.0453125 0.0484375
0 0.840625 0.59375 0.03125 0.046875
0 0.857813 0.332031 0.05625 0.0421875
0 0.13125 0.494531 0.034375 0.0390625
0 0.223438 0.246094 0.0375 0.0390625
0 0.447656 0.714063 0.0421875 0.075
0 0.132812 0.295312 0.028125 0.040625
0 0.151562 0.178125 0.0375 0.046875
0 0.0570313 0.852344 0.0328125 0.0453125
0 0.667969 0.475781 0.0515625 0.0453125
0 0.279687 0.292188 0.03125 0.034375
0 0.39375 0.73125 0.034375 0.046875
0 0.340625 0.477344 0.03125 0.0359375
0 0.0804688 0.197656 0.0359375 0.0453125
0 0.383594 0.533594 0.0328125 0.0390625
0 0.7625 0.600781 0.03125 0.0578125
0 0.552344 0.657031 0.0328125 0.0390625
0 0.55 0.104687 0.04375 0.04375
0 0.121094 0.559375 0.0359375 0.040625
0 0.128125 0.422656 0.03125 0.0359375
0 0.785937 0.492188 0.0375 0.053125
0 0.6125 0.620313 0.0375 0.04375
0 0.710156 0.597656 0.0328125 0.0453125
0 0.223438 0.730469 0.03125 0.0484375
0 0.773438 0.335938 0.040625 0.04375
0 0.201562 0.278906 0.040625 0.0390625
0 0.860937 0.563281 0.040625 0.0609375
0 0.267969 0.45 0.0296875 0.0375
0 0.278125 0.789062 0.034375 0.046875
0 0.210938 0.495313 0.040625 0.053125
0 0.867188 0.417188 0.025 0.0375
0 0.3875 0.217187 0.0375 0.040625
0 0.336719 0.382812 0.0328125 0.05
0 0.832031 0.129688 0.0296875 0.04375
0 0.795313 0.794531 0.028125 0.0484375
0 0.726562 0.321094 0.0375 0.0421875
0 0.157813 0.319531 0.04375 0.0546875
0 0.189063 0.730469 0.028125 0.0390625
0 0.319531 0.250781 0.0609375 0.0640625
0 0.264844 0.592188 0.0453125 0.059375
0 0.439063 0.116406 0.03125 0.0359375
0 0.467969 0.346875 0.0296875 0.04375
0 0.0960938 0.614062 0.0515625 0.05625
0 0.929688 0.311719 0.028125 0.0421875
0 0.528125 0.480469 0.034375 0.0453125
0 0.416406 0.777344 0.0359375 0.0515625
0 0.395312 0.261719 0.053125 0.0421875
0 0.0914062 0.0679687 0.0359375 0.0484375
0 0.391406 0.103125 0.0390625 0.0375
0 0.895312 0.155469 0.034375 0.0578125
0 0.835156 0.416406 0.0328125 0.0484375
0 0.222656 0.614062 0.0296875 0.04375
0 0.908594 0.357031 0.0359375 0.0578125
0 0.580469 0.139844 0.0453125 0.0546875
0 0.65 0.544531 0.059375 0.0796875
0 0.0351562 0.207813 0.0328125 0.05
0 0.298438 0.821875 0.034375 0.040625
0 0.464844 0.228906 0.0578125 0.0609375
0 0.435937 0.430469 0.034375 0.0484375
0 0.489062 0.158594 0.034375 0.0453125
0 0.646875 0.200781 0.046875 0.0421875
0 0.114844 0.177344 0.0328125 0.0484375
0 0.291406 0.403125 0.0515625 0.053125
0 0.391406 0.303125 0.0296875 0.0375
0 0.678906 0.370313 0.0296875 0.0375
0 0.569531 0.489062 0.0296875 0.046875
0 0.755469 0.276563 0.0484375 0.065625
0 0.450781 0.157813 0.0296875 0.040625
0 0.409375 0.15625 0.034375 0.0625
0 0.575781 0.19375 0.0609375 0.053125
0 0.0460938 0.639844 0.0453125 0.0578125
0 0.763281 0.530469 0.0296875 0.0390625
0 0.263281 0.542188 0.0328125 0.040625
0 0.647656 0.352344 0.0296875 0.0421875
0 0.778906 0.142969 0.0328125 0.0390625
0 0.790625 0.078125 0.084375 0.084375
0 0.653906 0.416406 0.0484375 0.0515625
0 0.160156 0.239844 0.0609375 0.0671875
0 0.403125 0.447656 0.03125 0.0421875
0 0.55 0.755469 0.0375 0.0515625
0 0.379687 0.475781 0.0375 0.0515625
0 0.473437 0.521875 0.034375 0.046875
0 0.021875 0.798437 0.04375 0.053125
0 0.460938 0.60625 0.034375 0.0625
0 0.454688 0.078125 0.0375 0.034375
0 0.75625 0.421875 0.0625 0.059375
0 0.348437 0.43125 0.0375 0.05
0 0.533594 0.157031 0.0359375 0.0453125
0 0.592188 0.64375 0.03125 0.04375
0 0.603125 0.509375 0.034375 0.046875
0 0.442187 0.528125 0.025 0.034375
0 0.809375 0.375 0.0375 0.046875
0 0.615625 0.463281 0.040625 0.0609375
0 0.210156 0.0710938 0.0390625 0.0578125
0 0.860156 0.509375 0.0359375 0.046875
0 0.567187 0.33125 0.109375 0.171875
0 0.301562 0.321875 0.034375 0.05625
0 0.0914062 0.407031 0.0390625 0.0546875
0 0.0789063 0.459375 0.0328125 0.04375
0 0.565625 0.244531 0.05 0.0453125
0 0.265625 0.71875 0.0375 0.05
0 0.521094 0.753906 0.0265625 0.0421875
0 0.0773437 0.319531 0.0359375 0.0453125
0 0.403906 0.407031 0.0359375 0.0453125
0 0.210156 0.321875 0.0421875 0.053125
0 0.483594 0.417969 0.0453125 0.0578125
0 0.908594 0.570312 0.0421875 0.0625
0 0.189063 0.120312 0.040625 0.053125
0 0.0335938 0.383594 0.0453125 0.0578125
0 0.215625 0.176563 0.040625 0.059375
0 0.528125 0.207813 0.034375 0.0375
0 0.307813 0.732031 0.046875 0.0609375
0 0.5125 0.382031 0.034375 0.0421875
0 0.927344 0.520312 0.0390625 0.053125
