0 0.242188 0.263281 0.0375 0.0390625
0 0.421094 0.184375 0.0296875 0.028125
0 0.0804688 0.502344 0.0296875 0.0328125
0 0.0109375 0.461719 0.021875 0.0359375
0 0.0398437 0.563281 0.0296875 0.0296875
0 0.28125 0.409375 0.028125 0.03125
0 0.290625 0.445312 0.028125 0.028125
0 0.903125 0.442187 0.028125 0.03125
0 0.379687 0.132031 0.028125 0.0296875
0 0.392969 0.319531 0.0265625 0.0390625
0 0.273438 0.144531 0.0375 0.0328125
0 0.338281 0.797656 0.0296875 0.0328125
0 0.0898438 0.622656 0.0328125 0.0640625
0 0.927344 0.536719 0.0296875 0.0359375
0 0.584375 0.746875 0.025 0.04375
0 0.615625 0.678125 0.021875 0.04375
0 0.0320312 0.210156 0.0359375 0.0296875
0 0.114063 0.423438 0.028125 0.040625
0 0.385938 0.203125 0.040625 0.06875
0 0.0484375 0.772656 0.0375 0.0453125
0 0.03125 0.522656 0.028125 0.0328125
0 0.009375 0.404687 0.01875 0.04375
0 0.0945313 0.563281 0.0234375 0.0359375
0 0.110937 0.116406 0.028125 0.0328125
0 0.45 0.685156 0.028125 0.0671875
0 0.348437 0.126563 0.040625 0.053125
0 0.280469 0.377344 0.0234375 0.0296875
0 0.18125 0.278125 0.025 0.03125
0 0.388281 0.75 0.0265625 0.053125
0 0.267188 0.217969 0.0375 0.0453125
0 0.677344 0.629687 0.0265625 0.075
0 0.207031 0.416406 0.0265625 0.0328125
0 0.227344 0.746875 0.0359375 0.040625
0 0.524219 0.55 0.0328125 0.046875
0 0.930469 0.502344 0.0234375 0.0390625
0 0.4875 0.474219 0.034375 0.0421875
0 0.420312 0.745313 0.028125 0.046875
0 0.178125 0.640625 0.028125 0.034375
0 0.31875 0.74375 0.03125 0.040625
0 0.0960938 0.527344 0.0296875 0.0421875
0 0.416406 0.707031 0.0328125 0.0296875
0 0.7875 0.435937 0.028125 0.034375
0 0.784375 0.559375 0.028125 0.0375
0 0.190625 0.603906 0.03125 0.0328125
0 0.823438 0.330469 0.03125 0.0484375
0 0.3375 0.699219 0.028125 0.0453125
0 0.432031 0.215625 0.0328125 0.0375
0 0.495313 0.614062 0.03125 0.040625
0 0.0820312 0.202344 0.0421875 0.0421875
0 0.853906 0.630469 0.0296875 0.0484375
0 0.0609375 0.478906 0.034375 0.0484375
0 0.466406 0.214844 0.0296875 0.0359375
0 0.0328125 0.240625 0.03125 0.0375
0 0.683594 0.335938 0.0421875 0.046875
0 0.267188 0.435937 0.028125 0.034375
0 0.625781 0.35 0.0546875 0.05
0 0.386719 0.76875 0.0328125 0.040625
0 0.953906 0.463281 0.0265625 0.0484375
0 0.715625 0.502344 0.025 0.0359375
0 0.0664062 0.117969 0.0390625 0.0390625
0 0.857031 0.745313 0.0390625 0.053125
0 0.185937 0.359375 0.03125 0.04375
0 0.803125 0.85625 0.05 0.059375
0 0.0546875 0.591406 0.0375 0.0453125
0 0.434375 0.104687 0.028125 0.03125
0 0.658594 0.14375 0.0546875 0.053125
0 0.209375 0.205469 0.034375 0.0515625
0 0.524219 0.621875 0.0296875 0.046875
0 0.1 0.328125 0.03125 0.04375
0 0.248437 0.326562 0.03125 0.0375
0 0.38125 0.682031 0.028125 0.0453125
0 0.185156 0.446875 0.0359375 0.03125
0 0.377344 0.391406 0.0484375 0.0859375
0 0.417969 0.667188 0.0359375 0.046875
0 0.314844 0.43125 0.0359375 0.040625
0 0.307031 0.478906 0.0296875 0.0484375
0 0.394531 0.527344 0.0390625 0.0640625
0 0.717188 0.0914062 0.034375 0.0421875
0 0.0140625 0.178125 0.028125 0.03125
0 0.436719 0.866406 0.0359375 0.0609375
0 0.639063 0.705469 0.034375 0.0421875
0 0.49375 0.394531 0.04375 0.0453125
0 0.527344 0.217187 0.0484375 0.04375
0 0.321875 0.314844 0.034375 0.0609375
0 0.760938 0.452344 0.03125 0.0484375
0 0.647656 0.58125 0.0328125 0.0625
0 0.775781 0.392969 0.0359375 0.0390625
0 0.711719 0.142188 0.0296875 0.028125
0 0.596094 0.435937 0.0296875 0.040625
0 0.197656 0.660937 0.0359375 0.0375
0 0.138281 0.629687 0.0453125 0.0625
0 0.50625 0.254687 0.03125 0.05
0 0.621875 0.463281 0.025 0.0359375
0 0.190625 0.4875 0.03125 0.046875
0 0.166406 0.383594 0.0328125 0.0390625
0 0.938281 0.307813 0.0421875 0.04375
0 0.520312 0.802344 0.03125 0.0484375
0 0.371094 0.478906 0.0296875 0.0359375
0 0.624219 0.272656 0.0390625 0.0484375
0 0.252344 0.373437 0.0359375 0.046875
0 0.7375 0.478125 0.034375 0.046875
0 0.901563 0.478906 0.03125 0.0390625
0 0.553125 0.125 0.040625 0.078125
0 0.889844 0.728125 0.0328125 0.04375
0 0.739062 0.667188 0.040625 0.04375
0 0.171875 0.233594 0.034375 0.0453125
0 0.700781 0.595312 0.0328125 0.034375
0 0.121094 0.274219 0.0328125 0.0515625
0 0.161719 0.307813 0.0328125 0.053125
0 0.273438 0.786719 0.0375 0.0671875
0 0.359375 0.525 0.03125 0.053125
0 0.661719 0.392969 0.0328125 0.0484375
0 0.697656 0.432813 0.0484375 0.08125
0 0.824219 0.207031 0.0609375 0.0765625
0 0.863281 0.371094 0.0359375 0.0453125
0 0.165625 0.135937 0.040625 0.059375
0 0.840625 0.428906 0.046875 0.0453125
0 0.889063 0.529688 0.034375 0.046875
0 0.355469 0.750781 0.0296875 0.0484375
0 0.957812 0.178906 0.040625 0.0359375
0 0.117188 0.585938 0.034375 0.04375
0 0.266406 0.519531 0.0265625 0.0421875
0 0.470313 0.641406 0.028125 0.0390625
0 0.810156 0.264844 0.0484375 0.0484375
0 0.730469 0.178906 0.0796875 0.0484375
0 0.845312 0.471875 0.034375 0.040625
0 0.217187 0.470313 0.025 0.0375
0 0.779688 0.742188 0.0375 0.046875
0 0.853906 0.560938 0.0265625 0.046875
0 0.130469 0.490625 0.0359375 0.05
0 0.703125 0.0507812 0.03125 0.0453125
0 0.782031 0.342969 0.0359375 0.0421875
0 0.498437 0.0679687 0.04375 0.0546875
0 0.667969 0.186719 0.0328125 0.0359375
0 0.3375 0.0757812 0.034375 0.0453125
0 0.816406 0.771875 0.0390625 0.05
0 0.283594 0.339063 0.0296875 0.0375
0 0.454688 0.316406 0.0375 0.0953125
0 0.840625 0.113281 0.04375 0.0546875
0 0.146094 0.421875 0.0328125 0.0375
0 0.319531 0.196875 0.0796875 0.109375
0 0.623438 0.403125 0.040625 0.053125
0 0.489062 0.696094 0.034375 0.0453125
0 0.520312 0.153906 0.040625 0.0640625
0 0.415625 0.283594 0.034375 0.0546875
0 0.299219 0.528906 0.0390625 0.0578125
0 0.857813 0.799219 0.034375 0.0484375
0 0.239844 0.417188 0.0359375 0.040625
0 0.265625 0.720312 0.04375 0.053125
0 0.679688 0.558594 0.034375 0.0484375
0 0.30625 0.378906 0.03125 0.0515625
0 0.217187 0.353125 0.0375 0.05625
0 0.844531 0.515625 0.0328125 0.04375
0 0.585156 0.694531 0.0390625 0.0578125
0 0.542188 0.434375 0.053125 0.05625
0 0.344531 0.603125 0.0359375 0.05
0 0.580469 0.2875 0.0421875 0.05
0 0.0664062 0.534375 0.0265625 0.034375
0 0.0695312 0.702344 0.0328125 0.0484375
0 0.575781 0.592969 0.0640625 0.123438
0 0.119531 0.702344 0.0484375 0.0546875
0 0.720312 0.31875 0.03125 0.0375
0 0.0632813 0.15625 0.0390625 0.040625
0 0.805469 0.51875 0.0328125 0.053125
0 0.594531 0.107031 0.0390625 0.0515625
0 0.132812 0.541406 0.034375 0.0421875
0 0.507031 0.661719 0.0328125 0.0390625
0 0.214062 0.529688 0.0375 0.06875
0 0.641406 0.664844 0.0296875 0.0453125
0 0.278125 0.482031 0.028125 0.0421875
0 0.492188 0.565625 0.0375 0.05
0 0.908594 0.18125 0.0453125 0.05
0 0.553125 0.782031 0.03125 0.0578125
0 0.0796875 0.430469 0.040625 0.0515625
0 0.79375 0.134375 0.03125 0.0375
0 0.923437 0.405469 0.0375 0.0578125
0 0.453906 0.582812 0.0421875 0.059375
0 0.2375 0.651563 0.034375 0.046875
0 0.570312 0.351562 0.046875 0.040625
0 0.216406 0.148438 0.0390625 0.05625
0 0.861719 0.180469 0.0359375 0.0421875
0 0.021875 0.2875 0.04375 0.05
0 0.784375 0.217969 0.0375 0.0421875
0 0.0578125 0.065625 0.028125 0.03125
0 0.764844 0.517187 0.0359375 0.053125
0 0.122656 0.153906 0.0546875 0.0484375
0 0.741406 0.278125 0.0390625 0.04375
0 0.528906 0.483594 0.0421875 0.0578125
0 0.471875 0.811719 0.040625 0.0671875
0 0.725781 0.54375 0.0359375 0.053125
0 0.065625 0.23125 0.034375 0.040625
0 0.249219 0.474219 0.0296875 0.0546875
0 0.279687 0.654688 0.0375 0.053125
0 0.523438 0.315625 0.059375 0.05625
0 0.0460938 0.4125 0.0265625 0.034375
0 0.364844 0.266406 0.0359375 0.0578125
0 0.542188 0.260156 0.034375 0.0421875
0 0.66875 0.280469 0.04375 0.0421875
0 0.895312 0.294531 0.0625 0.0796875
0 0.0710938 0.309375 0.0328125 0.046875
0 0.2125 0.294531 0.034375 0.0546875
0 0.305469 0.580469 0.0359375 0.0578125
0 0.9 0.794531 0.04375 0.0609375
0 0.641406 0.0828125 0.0390625 0.05
0 0.252344 0.588281 0.0609375 0.0765625
0 0.167187 0.683594 0.0375 0.0484375
0 0.828906 0.153906 0.0359375 0.0453125
0 0.95625 0.35625 0.046875 0.0625
0 0.620313 0.514844 0.04375 0.0578125
0 0.617969 0.225781 0.0390625 0.0546875
0 0.842188 0.291406 0.034375 0.0359375
0 0.742969 0.229687 0.0390625 0.05
0 0.438281 0.432031 0.0390625 0.0796875
0 0.341406 0.465625 0.0390625 0.04375
0 0.310156 0.792969 0.0328125 0.0546875
0 0.395312 0.0851562 0.034375 0.0390625
0 0.729688 0.377344 0.0375 0.0703125
0 0.378906 0.632031 0.0359375 0.0484375
0 0.6875 0.23125 0.04375 0.059375
