0 0.320312 0.191406 0.040625 0.0359375
0 0.917188 0.452344 0.028125 0.0328125
0 0.528906 0.49375 0.0328125 0.06875
0 0.717188 0.830469 0.028125 0.0484375
0 0.0539063 0.348437 0.0265625 0.034375
0 0.215625 0.417188 0.025 0.034375
0 0.146094 0.05625 0.0296875 0.034375
0 0.624219 0.694531 0.0390625 0.0703125
0 0.691406 0.139844 0.0296875 0.0359375
0 0.423438 0.879687 0.028125 0.0375
0 0.897656 0.16875 0.0234375 0.040625
0 0.469531 0.675 0.0390625 0.06875
0 0.971094 0.239844 0.0328125 0.0390625
0 0.203906 0.496094 0.0296875 0.0359375
0 0.865625 0.853125 0.03125 0.046875
0 0.401563 0.674219 0.028125 0.0515625
0 0.949219 0.427344 0.0265625 0.0296875
0 0.145313 0.105469 0.03125 0.0421875
0 0.876562 0.521875 0.028125 0.040625
0 0.009375 0.371875 0.01875 0.040625
0 0.234375 0.255469 0.03125 0.0328125
0 0.0179687 0.611719 0.0359375 0.0703125
0 0.842188 0.726562 0.028125 0.053125
0 0.328906 0.574219 0.0265625 0.0421875
0 0.0703125 0.578906 0.03125 0.0421875
0 0.56875 0.132031 0.025 0.0265625
0 0.485938 0.584375 0.025 0.040625
0 0.379687 0.620313 0.05 0.05
0 0.132812 0.296875 0.03125 0.03125
0 0.448438 0.463281 0.0375 0.0296875
0 0.485156 0.853125 0.0296875 0.046875
0 0.208594 0.0695312 0.0328125 0.0453125
0 0.739062 0.76875 0.03125 0.05
0 0.164062 0.271094 0.053125 0.0453125
0 0.935156 0.35 0.0296875 0.0375
0 0.455469 0.69375 0.0296875 0.05625
0 0.811719 0.2125 0.0265625 0.046875
0 0.773438 0.110937 0.053125 0.040625
0 0.189063 0.442969 0.03125 0.0515625
0 0.58125 0.902344 0.0375 0.0578125
0 0.229687 0.372656 0.03125 0.0390625
0 0.0140625 0.408594 0.028125 0.0421875
0 0.867188 0.457812 0.0375 0.040625
0 0.302344 0.272656 0.0265625 0.0296875
0 0.814062 0.121094 0.028125 0.0296875
0 0.504687 0.734375 0.040625 0.05625
0 0.564062 0.588281 0.0375 0.0765625
0 0.725781 0.547656 0.0484375 0.0515625
0 0.248437 0.360156 0.03125 0.0328125
0 0.167969 0.522656 0.0328125 0.0546875
0 0.920313 0.302344 0.034375 0.0421875
0 0.422656 0.66875 0.0328125 0.046875
0 0.789844 0.147656 0.0328125 0.0421875
0 0.925781 0.224219 0.0390625 0.0359375
0 0.655469 0.607031 0.0453125 0.0796875
0 0.466406 0.744531 0.0296875 0.0484375
0 0.982031 0.285156 0.0296875 0.0328125
0 0.983594 0.403125 0.0296875 0.078125
0 0.759375 0.620313 0.03125 0.04375
0 0.436719 0.553906 0.0328125 0.0421875
0 0.54375 0.180469 0.025 0.0421875
0 0.119531 0.334375 0.0328125 0.040625
0 0.059375 0.640625 0.03125 0.065625
0 0.834375 0.789062 0.03125 0.05
0 0.85 0.483594 0.028125 0.0328125
0 0.929688 0.660937 0.034375 0.053125
0 0.528906 0.380469 0.0390625 0.0921875
0 0.0382813 0.382031 0.0328125 0.0328125
0 0.0875 0.355469 0.0375 0.0515625
0 0.603906 0.316406 0.0359375 0.0703125
0 0.586719 0.710156 0.0296875 0.0671875
0 0.271875 0.335938 0.03125 0.034375
0 0.475 0.378125 0.040625 0.078125
0 0.297656 0.610156 0.0328125 0.0421875
0 0.0289063 0.696094 0.0328125 0.0421875
0 0.145313 0.494531 0.034375 0.0421875
0 0.915625 0.49375 0.0375 0.04375
0 0.239063 0.44375 0.040625 0.0625
0 0.110937 0.746094 0.046875 0.0703125
0 0.664844 0.414844 0.0359375 0.0421875
0 0.153125 0.45625 0.034375 0.040625
0 0.320312 0.315625 0.025 0.034375
0 0.0507812 0.290625 0.0515625 0.05
0 0.484375 0.122656 0.11875 0.104687
0 0.200781 0.567969 0.0359375 0.0515625
0 0.0851562 0.625781 0.0296875 0.0484375
0 0.873438 0.588281 0.034375 0.0515625
0 0.165625 0.332812 0.0375 0.040625
0 0.772656 0.770312 0.0328125 0.053125
0 0.639844 0.0765625 0.0453125 0.04375
0 0.730469 0.639844 0.0359375 0.0515625
0 0.028125 0.470313 0.05 0.078125
0 0.428906 0.632031 0.0390625 0.0515625
0 0.250781 0.289844 0.0390625 0.0421875
0 0.705469 0.0335938 0.0421875 0.0515625
0 0.984375 0.344531 0.03125 0.0453125
0 0.241406 0.165625 0.114063 0.140625
0 0.926562 0.146094 0.034375 0.0453125
0 0.779688 0.275781 0.028125 0.0390625
0 0.845312 0.0625 0.140625 0.09375
0 0.746875 0.503906 0.0375 0.0515625
0 0.798437 0.542188 0.040625 0.046875
0 0.804688 0.376563 0.03125 0.040625
0 0.964063 0.46875 0.053125 0.046875
0 0.330469 0.424219 0.0328125 0.0421875
0 0.360938 0.666406 0.034375 0.0484375
0 0.0203125 0.340625 0.034375 0.034375
0 0.320312 0.81875 0.0375 0.040625
0 0.6625 0.707812 0.028125 0.075
0 0.663281 0.342187 0.0546875 0.05625
0 0.059375 0.784375 0.040625 0.053125
0 0.0421875 0.0859375 0.05625 0.103125
0 0.559375 0.740625 0.028125 0.040625
0 0.385938 0.290625 0.034375 0.040625
0 0.825781 0.48125 0.0265625 0.0375
0 0.392188 0.214844 0.046875 0.0640625
0 0.808594 0.742188 0.0328125 0.05625
0 0.33125 0.103906 0.034375 0.0421875
0 0.319531 0.657812 0.0421875 0.059375
0 0.221875 0.528125 0.034375 0.0375
0 0.264062 0.778906 0.046875 0.0484375
0 0.261719 0.50625 0.0328125 0.05625
0 0.589844 0.504687 0.0359375 0.04375
0 0.465625 0.534375 0.0375 0.040625
0 0.784375 0.585156 0.03125 0.0640625
0 0.553125 0.241406 0.03125 0.0453125
0 0.421094 0.495313 0.0390625 0.0625
0 0.220313 0.627344 0.071875 0.0921875
0 0.339063 0.271875 0.053125 0.053125
0 0.314844 0.367969 0.0453125 0.0671875
0 0.428906 0.242969 0.0328125 0.0359375
0 0.296094 0.564844 0.0359375 0.0515625
0 0.657812 0.110156 0.059375 0.0453125
0 0.955469 0.583594 0.0421875 0.0453125
0 0.344531 0.482812 0.0359375 0.04375
0 0.972656 0.15625 0.0453125 0.071875
0 0.0320312 0.228125 0.0640625 0.1
0 0.789062 0.228906 0.03125 0.0359375
0 0.761719 0.453906 0.0359375 0.0453125
0 0.342187 0.164062 0.05625 0.059375
0 0.689062 0.778125 0.034375 0.053125
0 0.214844 0.330469 0.0390625 0.0421875
0 0.485156 0.475781 0.0484375 0.0828125
0 0.383594 0.475 0.0359375 0.053125
0 0.549219 0.0664062 0.0359375 0.0421875
0 0.0335938 0.546875 0.0421875 0.05625
0 0.609375 0.628906 0.0375 0.0546875
0 0.708594 0.194531 0.0453125 0.0578125
0 0.296094 0.725 0.0328125 0.071875
0 0.167187 0.739062 0.05625 0.053125
0 0.388281 0.133594 0.0421875 0.0390625
0 0.159375 0.644531 0.034375 0.0453125
0 0.792188 0.828906 0.04375 0.0578125
0 0.575 0.220313 0.028125 0.034375
0 0.126563 0.426562 0.05625 0.0625
0 0.717969 0.273438 0.0359375 0.04375
0 0.428125 0.170312 0.03125 0.034375
0 0.811719 0.258594 0.0328125 0.0359375
0 0.584375 0.103906 0.053125 0.0453125
0 0.303125 0.494531 0.0375 0.0578125
0 0.5125 0.575 0.034375 0.05625
0 0.550781 0.657812 0.0328125 0.0375
0 0.141406 0.608594 0.0390625 0.0515625
0 0.38125 0.865625 0.046875 0.05625
0 0.860937 0.644531 0.040625 0.0546875
0 0.839063 0.535156 0.040625 0.0609375
0 0.909375 0.569531 0.0375 0.0546875
0 0.573438 0.177344 0.0375 0.0546875
0 0.258594 0.703906 0.0359375 0.0515625
0 0.333594 0.53125 0.0359375 0.04375
0 0.636719 0.290625 0.0328125 0.046875
0 0.090625 0.529688 0.040625 0.053125
0 0.628125 0.228125 0.06875 0.103125
0 0.428906 0.292969 0.0359375 0.0453125
0 0.855469 0.239063 0.0453125 0.053125
0 0.576563 0.378906 0.04375 0.0890625
0 0.26875 0.605469 0.028125 0.0421875
0 0.738281 0.078125 0.0609375 0.05
0 0.186719 0.11875 0.0453125 0.065625
0 0.0914062 0.295312 0.0328125 0.04375
0 0.7625 0.182812 0.04375 0.053125
0 0.60625 0.145313 0.040625 0.05625
0 0.835156 0.328906 0.0703125 0.0921875
0 0.0960938 0.689844 0.0546875 0.0609375
0 0.289844 0.428906 0.0390625 0.0578125
0 0.60625 0.567187 0.05 0.0625
0 0.867188 0.194531 0.034375 0.0421875
0 0.217969 0.705469 0.0484375 0.0578125
0 0.103906 0.584375 0.0359375 0.046875
0 0.478906 0.24375 0.0859375 0.128125
0 0.751562 0.245312 0.04375 0.059375
0 0.114063 0.209375 0.0875 0.0875
0 0.416406 0.417969 0.0734375 0.0703125
0 0.289844 0.305469 0.0296875 0.0390625
0 0.742969 0.35625 0.0890625 0.115625
0 0.642187 0.492969 0.05625 0.0671875
0 0.682813 0.302344 0.0375 0.0515625
0 0.353125 0.33125 0.046875 0.05625
0 0.582812 0.257812 0.025 0.0375
0 0.519531 0.203906 0.0578125 0.0671875
0 0.679688 0.241406 0.040625 0.0546875
0 0.800781 0.429688 0.0453125 0.0625
0 0.797656 0.49375 0.0359375 0.053125
0 0.554688 0.302344 0.053125 0.0609375
