0 0.360156 0.84375 0.0265625 0.0375
0 0.489844 0.4625 0.0203125 0.0375
0 0.0890625 0.639063 0.025 0.03125
0 0.740625 0.183594 0.025 0.0390625
0 0.678125 0.403125 0.03125 0.053125
0 0.498437 0.657812 0.0375 0.046875
0 0.157813 0.632812 0.028125 0.034375
0 0.0117188 0.525 0.0234375 0.059375
0 0.302344 0.0453125 0.0421875 0.046875
0 0.185937 0.689062 0.025 0.040625
0 0.267969 0.127344 0.0171875 0.0296875
0 0.560156 0.629687 0.0359375 0.05
0 0.130469 0.540625 0.0265625 0.034375
0 0.251563 0.783594 0.03125 0.0515625
0 0.651563 0.0664062 0.025 0.0359375
0 0.413281 0.719531 0.0296875 0.0515625
0 0.384375 0.549219 0.025 0.0390625
0 0.503906 0.0585938 0.0296875 0.0296875
0 0.251563 0.3125 0.028125 0.04375
0 0.0585938 0.682031 0.0546875 0.0484375
0 0.158594 0.545313 0.0296875 0.04375
0 0.0390625 0.06875 0.028125 0.034375
0 0.953906 0.309375 0.0265625 0.04375
0 0.500781 0.288281 0.0421875 0.0671875
0 0.141406 0.333594 0.0359375 0.0484375
0 0.228906 0.152344 0.0390625 0.0359375
0 0.742188 0.455469 0.040625 0.0546875
0 0.242969 0.577344 0.0265625 0.0328125
0 0.339844 0.614844 0.0265625 0.0390625
0 0.260156 0.452344 0.0234375 0.0328125
0 0.954687 0.180469 0.03125 0.0546875
0 0.38125 0.341406 0.040625 0.0515625
0 0.0226563 0.771875 0.0328125 0.0625
0 0.0101562 0.09375 0.0203125 0.04375
0 0.485156 0.621094 0.0296875 0.0390625
0 0.517969 0.635938 0.0515625 0.0625
0 0.238281 0.729688 0.0296875 0.05625
0 0.450781 0.300781 0.0265625 0.0453125
0 0.824219 0.527344 0.0328125 0.0546875
0 0.421094 0.464844 0.0359375 0.0390625
0 0.985156 0.310156 0.0265625 0.0390625
0 0.241406 0.403906 0.0328125 0.0421875
0 0.571094 0.317969 0.0265625 0.0390625
0 0.655469 0.564062 0.0265625 0.05
0 0.274219 0.752344 0.0359375 0.0453125
0 0.110937 0.204688 0.028125 0.053125
0 0.932813 0.216406 0.028125 0.0359375
0 0.0921875 0.600781 0.034375 0.0359375
0 0.535937 0.552344 0.028125 0.0421875
0 0.642187 0.225781 0.028125 0.0453125
0 0.686719 0.564062 0.0265625 0.0375
0 0.434375 0.7375 0.028125 0.0375
0 0.0140625 0.210938 0.028125 0.04375
0 0.153125 0.749219 0.065625 0.0640625
0 0.377344 0.110156 0.0328125 0.0421875
0 0.321094 0.50625 0.0484375 0.059375
0 0.825781 0.129688 0.0296875 0.03125
0 0.305469 0.559375 0.0296875 0.0375
0 0.7375 0.514844 0.04375 0.0765625
0 0.240625 0.117969 0.03125 0.0296875
0 0.925 0.321094 0.03125 0.0421875
0 0.190625 0.621875 0.03125 0.0375
0 0.201562 0.55 0.03125 0.040625
0 0.253125 0.266406 0.025 0.0359375
0 0.0835937 0.742188 0.0390625 0.05625
0 0.040625 0.107813 0.03125 0.040625
0 0.299219 0.182812 0.0296875 0.046875
0 0.136719 0.434375 0.0296875 0.05625
0 0.763281 0.559375 0.0328125 0.04375
0 0.203906 0.182812 0.0265625 0.0375
0 0.742969 0.583594 0.0265625 0.0453125
0 0.1 0.0992187 0.0375 0.0453125
0 0.835938 0.573438 0.034375 0.040625
0 0.800781 0.0992187 0.0359375 0.0515625
0 0.0351562 0.380469 0.0296875 0.0359375
0 0.0609375 0.364844 0.03125 0.0421875
0 0.122656 0.634375 0.0359375 0.046875
0 0.384375 0.19375 0.0375 0.040625
0 0.124219 0.694531 0.0390625 0.0640625
0 0.357812 0.482812 0.028125 0.0375
0 0.226562 0.220313 0.034375 0.046875
0 0.1625 0.109375 0.03125 0.034375
0 0.300781 0.128906 0.0359375 0.0609375
0 0.385938 0.163281 0.034375 0.0328125
0 0.225 0.659375 0.05 0.065625
0 0.713281 0.214844 0.0296875 0.0390625
0 0.203125 0.589063 0.03125 0.040625
0 0.172656 0.471875 0.0328125 0.040625
0 0.360156 0.429688 0.0390625 0.040625
0 0.614844 0.442969 0.0578125 0.0796875
0 0.957031 0.0835937 0.0328125 0.0484375
0 0.0140625 0.274219 0.028125 0.0609375
0 0.432813 0.110937 0.040625 0.046875
0 0.526563 0.730469 0.0375 0.0609375
0 0.275781 0.697656 0.0484375 0.0546875
0 0.335156 0.146875 0.0390625 0.05625
0 0.733594 0.04375 0.0453125 0.071875
0 0.607813 0.107813 0.034375 0.05
0 0.446094 0.222656 0.0390625 0.0453125
0 0.773438 0.263281 0.034375 0.0421875
0 0.51875 0.407813 0.034375 0.04375
0 0.89375 0.419531 0.03125 0.0484375
0 0.758594 0.142188 0.0359375 0.046875
0 0.264844 0.0859375 0.0296875 0.05
0 0.436719 0.55 0.0328125 0.0375
0 0.0179687 0.609375 0.0359375 0.08125
0 0.407031 0.13125 0.0265625 0.040625
0 0.367188 0.2625 0.03125 0.046875
0 0.322656 0.460156 0.0328125 0.0359375
0 0.285156 0.445312 0.0328125 0.05
0 0.98125 0.225 0.034375 0.040625
0 0.4875 0.557813 0.04375 0.0625
0 0.715625 0.308594 0.059375 0.132812
0 0.0164062 0.420312 0.0328125 0.046875
0 0.209375 0.773438 0.04375 0.059375
0 0.791406 0.525 0.0234375 0.04375
0 0.565625 0.738281 0.03125 0.0390625
0 0.110937 0.282813 0.134375 0.084375
0 0.803125 0.471875 0.028125 0.05
0 0.236719 0.610156 0.0328125 0.0359375
0 0.296094 0.639844 0.0296875 0.0546875
0 0.1125 0.566406 0.03125 0.0328125
0 0.466406 0.676562 0.0296875 0.040625
0 0.685938 0.673437 0.03125 0.046875
0 0.496094 0.503125 0.0265625 0.034375
0 0.9125 0.0492188 0.040625 0.0453125
0 0.451562 0.786719 0.0375 0.0515625
0 0.458594 0.489062 0.0359375 0.0625
0 0.363281 0.389844 0.0359375 0.0390625
0 0.974219 0.261719 0.0453125 0.0390625
0 0.689844 0.613281 0.0328125 0.0484375
0 0.520312 0.090625 0.034375 0.04375
0 0.423438 0.397656 0.053125 0.0515625
0 0.334375 0.285937 0.034375 0.046875
0 0.171094 0.514844 0.0359375 0.0453125
0 0.975781 0.539844 0.0484375 0.0515625
0 0.639844 0.297656 0.0328125 0.0453125
0 0.510938 0.205469 0.04375 0.0671875
0 0.35 0.566406 0.0375 0.0390625
0 0.785156 0.751562 0.0453125 0.05625
0 0.0296875 0.333594 0.04375 0.0515625
0 0.953125 0.360938 0.0375 0.0375
0 0.736719 0.629687 0.0421875 0.059375
0 0.025 0.71875 0.040625 0.059375
0 0.496094 0.70625 0.0328125 0.053125
0 0.209375 0.505469 0.025 0.0421875
0 0.871875 0.23125 0.04375 0.059375
0 0.753125 0.377344 0.05 0.0765625
0 0.153906 0.213281 0.0453125 0.0640625
0 0.8875 0.0835937 0.034375 0.0421875
0 0.7375 0.729688 0.034375 0.053125
0 0.477344 0.392188 0.0328125 0.04375
0 0.659375 0.359375 0.034375 0.05625
0 0.682031 0.0703125 0.0296875 0.059375
0 0.496094 0.771875 0.0390625 0.053125
0 0.341406 0.184375 0.0359375 0.04375
0 0.521875 0.586719 0.028125 0.0359375
0 0.764063 0.08125 0.040625 0.05
0 0.861719 0.549219 0.0328125 0.0484375
0 0.332812 0.707031 0.040625 0.0578125
0 0.103125 0.379687 0.053125 0.053125
0 0.78125 0.651563 0.034375 0.05
0 0.316406 0.3375 0.0515625 0.078125
0 0.796094 0.592969 0.0390625 0.0546875
0 0.139844 0.580469 0.0265625 0.0390625
0 0.685938 0.247656 0.03125 0.0484375
0 0.207813 0.317187 0.040625 0.05
0 0.0875 0.553906 0.034375 0.0421875
0 0.678906 0.478125 0.0421875 0.0625
0 0.464063 0.742188 0.028125 0.040625
0 0.852344 0.153906 0.0296875 0.0484375
0 0.677344 0.739062 0.0421875 0.075
0 0.6375 0.492969 0.040625 0.0640625
0 0.851562 0.365625 0.046875 0.053125
0 0.654688 0.117188 0.028125 0.04375
0 0.428906 0.179688 0.0296875 0.040625
0 0.559375 0.0828125 0.028125 0.05
0 0.607813 0.226562 0.034375 0.05625
0 0.915625 0.246094 0.034375 0.0421875
0 0.146875 0.155469 0.03125 0.0515625
0 0.849219 0.06875 0.0453125 0.0625
0 0.391406 0.682813 0.0359375 0.053125
0 0.0828125 0.196875 0.028125 0.046875
0 0.533594 0.796094 0.0390625 0.0578125
0 0.905469 0.284375 0.0359375 0.040625
0 0.6875 0.18125 0.03125 0.04375
0 0.253906 0.498437 0.0515625 0.0625
0 0.249219 0.18125 0.0390625 0.040625
0 0.264062 0.221875 0.040625 0.05625
0 0.557813 0.149219 0.040625 0.0671875
0 0.317187 0.41875 0.034375 0.046875
0 0.571875 0.784375 0.03125 0.05
0 0.570312 0.207031 0.040625 0.0609375
0 0.582812 0.541406 0.05 0.104687
0 0.803125 0.307813 0.040625 0.053125
0 0.438281 0.608594 0.0484375 0.0609375
0 0.407813 0.246094 0.04375 0.0578125
0 0.453125 0.346875 0.034375 0.040625
0 0.85 0.439063 0.040625 0.065625
0 0.171875 0.391406 0.053125 0.0671875
0 0.403125 0.508594 0.059375 0.0515625
0 0.560938 0.691406 0.034375 0.0515625
0 0.540625 0.45625 0.05625 0.090625
0 0.407031 0.3 0.0453125 0.059375
0 0.275781 0.3625 0.0515625 0.05625
0 0.725781 0.677344 0.0390625 0.0578125
0 0.798437 0.157031 0.03125 0.0421875
0 0.654688 0.646094 0.040625 0.0546875
0 0.465625 0.257812 0.034375 0.040625
0 0.382812 0.602344 0.034375 0.0484375
0 0.332031 0.788281 0.0546875 0.0828125
0 0.805469 0.371875 0.0359375 0.08125
0 0.625781 0.555469 0.0328125 0.0453125
0 0.921094 0.528906 0.0390625 0.0515625
0 0.410156 0.78125 0.0359375 0.05625
0 0.929688 0.4125 0.04375 0.053125
0 0.882812 0.321875 0.04375 0.05625
0 0.803125 0.0453125 0.040625 0.046875
0 0.294531 0.260156 0.0484375 0.0640625
0 0.890625 0.479688 0.040625 0.053125
