0 0.282813 0.167969 0.025 0.0296875
0 0.841406 0.239063 0.0453125 0.065625
0 0.454688 0.439063 0.025 0.034375
0 0.567187 0.0679687 0.03125 0.0359375
0 0.41875 0.610156 0.0375 0.0578125
0 0.660937 0.171094 0.025 0.0546875
0 0.257031 0.571094 0.0296875 0.0296875
0 0.0226563 0.815625 0.0234375 0.034375
0 0.0328125 0.103906 0.03125 0.0328125
0 0.951563 0.472656 0.034375 0.0328125
0 0.720312 0.428125 0.0375 0.04375
0 0.645312 0.778906 0.028125 0.0359375
0 0.377344 0.609375 0.0296875 0.053125
0 0.821094 0.623438 0.0546875 0.053125
0 0.317969 0.344531 0.0265625 0.0609375
0 0.526563 0.761719 0.0375 0.0453125
0 0.188281 0.314844 0.0265625 0.0296875
0 0.967969 0.0835937 0.0515625 0.0546875
0 0.514844 0.575 0.0359375 0.028125
0 0.624219 0.123438 0.0265625 0.03125
0 0.314844 0.319531 0.0359375 0.0484375
0 0.0539063 0.646094 0.0390625 0.0484375
0 0.696875 0.757031 0.03125 0.0359375
0 0.025 0.623438 0.034375 0.0375
0 0.853125 0.3875 0.025 0.0375
0 0.0359375 0.776563 0.028125 0.0375
0 0.29375 0.605469 0.03125 0.0328125
0 0.009375 0.346875 0.01875 0.0375
0 0.0671875 0.242969 0.028125 0.0265625
0 0.483594 0.442969 0.0296875 0.0328125
0 0.873438 0.216406 0.05 0.0546875
0 0.4 0.817969 0.03125 0.0359375
0 0.424219 0.141406 0.0359375 0.0515625
0 0.117969 0.509375 0.0296875 0.03125
0 0.413281 0.692969 0.0328125 0.0328125
0 0.584375 0.528906 0.03125 0.0421875
0 0.482031 0.125 0.0265625 0.028125
0 0.525781 0.395312 0.0421875 0.071875
0 0.827344 0.857813 0.0328125 0.046875
0 0.732813 0.771875 0.0375 0.040625
0 0.6625 0.726562 0.025 0.0375
0 0.558594 0.264062 0.0359375 0.05
0 0.430469 0.832031 0.0328125 0.0453125
0 0.770312 0.583594 0.028125 0.0296875
0 0.657812 0.653125 0.0375 0.046875
0 0.683594 0.121094 0.0265625 0.0703125
0 0.854688 0.757031 0.03125 0.0515625
0 0.134375 0.604688 0.028125 0.034375
0 0.914844 0.566406 0.0265625 0.0421875
0 0.05 0.576563 0.028125 0.034375
0 0.398438 0.460938 0.028125 0.03125
0 0.482031 0.271094 0.0265625 0.0359375
0 0.189063 0.720312 0.03125 0.040625
0 0.04375 0.435156 0.025 0.0390625
0 0.508594 0.696094 0.0265625 0.0421875
0 0.823438 0.767969 0.028125 0.0390625
0 0.344531 0.609375 0.0328125 0.034375
0 0.453125 0.536719 0.03125 0.0328125
0 0.482812 0.592969 0.034375 0.0328125
0 0.775781 0.61875 0.0265625 0.028125
0 0.365625 0.29375 0.028125 0.03125
0 0.800781 0.549219 0.0390625 0.0484375
0 0.765625 0.103125 0.028125 0.0375
0 0.717969 0.139062 0.0296875 0.03125
0 0.367969 0.24375 0.0359375 0.04375
0 0.0796875 0.567187 0.03125 0.03125
0 0.174219 0.228906 0.0328125 0.0359375
0 0.677344 0.392188 0.0296875 0.034375
0 0.420312 0.175781 0.040625 0.0390625
0 0.29375 0.463281 0.03125 0.0484375
0 0.592188 0.0921875 0.034375 0.028125
0 0.790625 0.321875 0.053125 0.09375
0 0.508594 0.475781 0.0328125 0.0328125
0 0.297656 0.650781 0.0453125 0.0890625
0 0.35 0.575 0.034375 0.040625
0 0.0140625 0.128906 0.028125 0.0453125
0 0.439063 0.228125 0.03125 0.0375
0 0.164844 0.648438 0.0296875 0.040625
0 0.621875 0.485938 0.028125 0.03125
0 0.748438 0.655469 0.046875 0.0421875
0 0.358594 0.935938 0.0265625 0.040625
0 0.259375 0.675781 0.034375 0.0421875
0 0.805469 0.70625 0.0296875 0.046875
0 0.373437 0.727344 0.04375 0.0421875
0 0.909375 0.479688 0.028125 0.040625
0 0.616406 0.376563 0.0421875 0.06875
0 0.323438 0.465625 0.028125 0.0375
0 0.405469 0.390625 0.0328125 0.046875
0 0.433594 0.504687 0.0328125 0.04375
0 0.202344 0.157813 0.0546875 0.046875
0 0.7375 0.34375 0.0375 0.04375
0 0.746094 0.229687 0.0359375 0.040625
0 0.672656 0.8375 0.0296875 0.05625
0 0.640625 0.0835937 0.034375 0.0359375
0 0.890625 0.522656 0.028125 0.0359375
0 0.24375 0.607813 0.03125 0.034375
0 0.813281 0.157813 0.0421875 0.05625
0 0.283594 0.203125 0.0328125 0.046875
0 0.0460938 0.535937 0.0359375 0.040625
0 0.792969 0.84375 0.0328125 0.04375
0 0.229687 0.2125 0.040625 0.046875
0 0.403125 0.341406 0.03125 0.0359375
0 0.141406 0.254687 0.0296875 0.05
0 0.352344 0.652344 0.0421875 0.0421875
0 0.396094 0.221094 0.0296875 0.0453125
0 0.864844 0.7 0.0234375 0.05
0 0.490625 0.771094 0.034375 0.0453125
0 0.410937 0.071875 0.0625 0.053125
0 0.432813 0.673437 0.028125 0.040625
0 0.626562 0.232031 0.05 0.0671875
0 0.36875 0.514063 0.025 0.034375
0 0.31875 0.576563 0.025 0.034375
0 0.520312 0.260156 0.03125 0.0328125
0 0.342187 0.814062 0.03125 0.03125
0 0.109375 0.567969 0.03125 0.0421875
0 0.132812 0.417188 0.0375 0.05
0 0.0679687 0.820312 0.0296875 0.0375
0 0.232812 0.490625 0.0875 0.1125
0 0.467187 0.809375 0.034375 0.040625
0 0.302344 0.244531 0.0359375 0.0328125
0 0.896094 0.139062 0.0359375 0.04375
0 0.833594 0.814844 0.0265625 0.0359375
0 0.513281 0.817969 0.0328125 0.0609375
0 0.594531 0.490625 0.0234375 0.034375
0 0.264062 0.264062 0.034375 0.046875
0 0.183594 0.35625 0.0328125 0.04375
0 0.477344 0.685156 0.0265625 0.0359375
0 0.616406 0.716406 0.0296875 0.0359375
0 0.94375 0.51875 0.034375 0.053125
0 0.124219 0.208594 0.0328125 0.0421875
0 0.0867188 0.364062 0.0328125 0.0375
0 0.114063 0.103906 0.090625 0.0578125
0 0.703906 0.371094 0.0359375 0.0453125
0 0.0515625 0.489062 0.04375 0.04375
0 0.860156 0.116406 0.0328125 0.0765625
0 0.478125 0.555469 0.028125 0.0328125
0 0.603906 0.271875 0.0328125 0.040625
0 0.628906 0.603125 0.0484375 0.05
0 0.419531 0.303125 0.0484375 0.04375
0 0.096875 0.689844 0.0375 0.0421875
0 0.0390625 0.740625 0.03125 0.040625
0 0.824219 0.273438 0.0328125 0.046875
0 0.01875 0.396875 0.0375 0.04375
0 0.471094 0.490625 0.0546875 0.071875
0 0.489844 0.200781 0.0359375 0.0421875
0 0.0859375 0.514063 0.03125 0.04375
0 0.332031 0.7 0.0515625 0.05625
0 0.603906 0.178906 0.0296875 0.0359375
0 0.66875 0.452344 0.0375 0.0671875
0 0.36875 0.776563 0.03125 0.0375
0 0.224219 0.382812 0.0484375 0.05625
0 0.379687 0.134375 0.0375 0.059375
0 0.897656 0.700781 0.0359375 0.0546875
0 0.503125 0.078125 0.03125 0.059375
0 0.364062 0.475781 0.034375 0.0453125
0 0.449219 0.570312 0.0328125 0.03125
0 0.028125 0.283594 0.05 0.0703125
0 0.957812 0.682031 0.03125 0.0484375
0 0.323438 0.509375 0.04375 0.053125
0 0.0703125 0.73125 0.03125 0.04375
0 0.160938 0.603906 0.034375 0.0484375
0 0.721094 0.103906 0.0328125 0.0390625
0 0.45 0.0929687 0.0375 0.0328125
0 0.321875 0.415625 0.040625 0.05
0 0.6375 0.746875 0.0375 0.05
0 0.542188 0.301562 0.034375 0.05
0 0.471875 0.160938 0.028125 0.03125
0 0.570312 0.198437 0.03125 0.065625
0 0.549219 0.1375 0.0453125 0.05625
0 0.480469 0.867969 0.0421875 0.0578125
0 0.101562 0.617188 0.05 0.05
0 0.0507812 0.359375 0.0390625 0.053125
0 0.753125 0.422656 0.03125 0.0421875
0 0.783594 0.454688 0.0359375 0.05
0 0.816406 0.496875 0.0421875 0.05625
0 0.040625 0.2 0.0375 0.053125
0 0.957812 0.271094 0.03125 0.0453125
0 0.8875 0.759375 0.034375 0.04375
0 0.870313 0.46875 0.05 0.059375
0 0.157813 0.171094 0.04375 0.0640625
0 0.557031 0.48125 0.0390625 0.04375
0 0.220313 0.695312 0.040625 0.053125
0 0.922656 0.0976562 0.0359375 0.0453125
0 0.78125 0.398438 0.034375 0.04375
0 0.353906 0.357812 0.0296875 0.040625
0 0.314844 0.273438 0.0359375 0.0375
0 0.132031 0.375781 0.0328125 0.0359375
0 0.377344 0.548437 0.0328125 0.0375
0 0.663281 0.267969 0.0296875 0.0671875
0 0.446094 0.347656 0.0328125 0.0390625
0 0.767187 0.190625 0.075 0.078125
0 0.578125 0.61875 0.0375 0.05625
0 0.504687 0.150781 0.03125 0.0453125
0 0.139844 0.679688 0.0359375 0.04375
0 0.713281 0.469531 0.0453125 0.0359375
0 0.575 0.351562 0.034375 0.0625
0 0.0898438 0.419531 0.0421875 0.0671875
0 0.373437 0.430469 0.0375 0.0390625
0 0.172656 0.270312 0.0390625 0.046875
0 0.203125 0.604688 0.0375 0.0625
0 0.369531 0.390625 0.0390625 0.040625
0 0.882031 0.59375 0.0421875 0.05625
0 0.835156 0.697656 0.0359375 0.0515625
0 0.901563 0.277344 0.05625 0.0515625
0 0.090625 0.203125 0.0375 0.059375
0 0.285156 0.558594 0.0359375 0.0453125
0 0.8375 0.429688 0.046875 0.046875
0 0.0890625 0.294531 0.040625 0.0671875
0 0.459375 0.720312 0.040625 0.05625
0 0.801562 0.246094 0.03125 0.0359375
0 0.165625 0.552344 0.040625 0.0484375
0 0.744531 0.616406 0.0328125 0.0359375
0 0.933594 0.7375 0.0359375 0.05625
0 0.407031 0.767187 0.0390625 0.05625
0 0.31875 0.110937 0.0625 0.06875
0 0.725 0.517187 0.05625 0.053125
0 0.614844 0.79375 0.0328125 0.046875
0 0.56875 0.424219 0.040625 0.0640625
0 0.467969 0.308594 0.0296875 0.0390625
0 0.684375 0.566406 0.046875 0.0671875
0 0.53125 0.184375 0.034375 0.0375
0 0.517969 0.528906 0.0578125 0.0640625
0 0.73125 0.85625 0.04375 0.05625
0 0.226562 0.322656 0.04375 0.0578125
0 0.317969 0.16875 0.0359375 0.04375
0 0.664844 0.344531 0.0484375 0.0671875
0 0.428906 0.421094 0.0421875 0.0578125
0 0.477344 0.397656 0.0359375 0.0484375
0 0.914062 0.379687 0.1125 0.128125
0 0.615625 0.530469 0.034375 0.0515625
0 0.178125 0.435156 0.053125 0.0703125
0 0.398438 0.497656 0.03125 0.0421875
0 0.189844 0.66875 0.0328125 0.04375
0 0.228125 0.0890625 0.090625 0.090625
0 0.416406 0.544531 0.0359375 0.0390625
0 0.771094 0.708594 0.0328125 0.0484375
