0 0.009375 0.702344 0.01875 0.0484375
0 0.392188 0.719531 0.025 0.0359375
0 0.267969 0.551562 0.0359375 0.053125
0 0.5 0.657031 0.05625 0.0515625
0 0.492969 0.764844 0.0296875 0.0578125
0 0.439844 0.670313 0.0515625 0.0375
0 0.0445312 0.0945313 0.0296875 0.0328125
0 0.0867188 0.280469 0.0296875 0.0484375
0 0.307813 0.332031 0.03125 0.0421875
0 0.411719 0.0859375 0.0296875 0.034375
0 0.309375 0.7875 0.03125 0.05
0 0.301562 0.245312 0.03125 0.034375
0 0.435937 0.758594 0.028125 0.0359375
0 0.470313 0.51875 0.01875 0.0375
0 0.169531 0.461719 0.0453125 0.0578125
0 0.625781 0.516406 0.0234375 0.0359375
0 0.360938 0.675 0.034375 0.05
0 0.297656 0.213281 0.0265625 0.0328125
0 0.0171875 0.6625 0.034375 0.0375
0 0.415625 0.314063 0.025 0.034375
0 0.0523437 0.121875 0.0328125 0.046875
0 0.0367187 0.813281 0.0328125 0.0515625
0 0.125 0.15625 0.034375 0.04375
0 0.135937 0.714844 0.021875 0.0359375
0 0.490625 0.464844 0.025 0.0390625
0 0.0648438 0.771094 0.0296875 0.0390625
0 0.495313 0.254687 0.03125 0.05
0 0.352344 0.0796875 0.0328125 0.040625
0 0.55 0.552344 0.025 0.0359375
0 0.338281 0.760156 0.0296875 0.0546875
0 0.936719 0.146094 0.0390625 0.0421875
0 0.983594 0.410156 0.0265625 0.0390625
0 0.978906 0.117188 0.0390625 0.05
0 0.541406 0.602344 0.0296875 0.0578125
0 0.053125 0.307031 0.025 0.0265625
0 0.114844 0.646875 0.0328125 0.05625
0 0.0164062 0.194531 0.0296875 0.0421875
0 0.0507812 0.455469 0.0296875 0.0390625
0 0.142969 0.4125 0.0296875 0.05
0 0.5375 0.496875 0.028125 0.05625
0 0.564844 0.792969 0.0328125 0.0609375
0 0.0164062 0.395312 0.0296875 0.046875
0 0.838281 0.78125 0.0296875 0.040625
0 0.54375 0.420312 0.04375 0.046875
0 0.284375 0.4125 0.03125 0.0375
0 0.699219 0.535937 0.0265625 0.0375
0 0.449219 0.096875 0.0328125 0.071875
0 0.70625 0.753125 0.034375 0.053125
0 0.935938 0.0664062 0.053125 0.0484375
0 0.522656 0.784375 0.0359375 0.0625
0 0.354688 0.217187 0.03125 0.040625
0 0.333594 0.669531 0.0296875 0.0484375
0 0.676562 0.476562 0.04375 0.05625
0 0.877344 0.634375 0.0328125 0.04375
0 0.710938 0.589844 0.028125 0.0421875
0 0.257812 0.63125 0.034375 0.05625
0 0.125 0.573438 0.03125 0.0625
0 0.0414063 0.242188 0.0328125 0.05
0 0.76875 0.0367187 0.034375 0.0609375
0 0.0328125 0.7125 0.028125 0.0375
0 0.802344 0.8 0.0296875 0.053125
0 0.255469 0.683594 0.0328125 0.0359375
0 0.767187 0.795313 0.03125 0.05
0 0.425781 0.566406 0.0328125 0.0421875
0 0.735937 0.55 0.034375 0.053125
0 0.564062 0.734375 0.028125 0.046875
0 0.378125 0.3125 0.040625 0.053125
0 0.3875 0.117188 0.04375 0.084375
0 0.111719 0.392188 0.0390625 0.046875
0 0.821094 0.34375 0.0484375 0.096875
0 0.0289063 0.160156 0.0296875 0.0359375
0 0.673437 0.675781 0.028125 0.0453125
0 0.953906 0.66875 0.0359375 0.046875
0 0.150781 0.608594 0.0328125 0.0390625
0 0.589063 0.621094 0.03125 0.0453125
0 0.441406 0.832812 0.0296875 0.05
0 0.628125 0.69375 0.05 0.053125
0 0.4875 0.38125 0.034375 0.053125
0 0.65625 0.420312 0.028125 0.04375
0 0.523438 0.316406 0.046875 0.0515625
0 0.702344 0.646094 0.0359375 0.0515625
0 0.810156 0.472656 0.0296875 0.0421875
0 0.190625 0.392969 0.040625 0.0609375
0 0.197656 0.605469 0.0296875 0.0421875
0 0.398438 0.527344 0.03125 0.0484375
0 0.0179687 0.453906 0.0359375 0.0453125
0 0.294531 0.5625 0.0234375 0.040625
0 0.667188 0.515625 0.0375 0.04375
0 0.748438 0.751562 0.0375 0.053125
0 0.448438 0.196875 0.03125 0.034375
0 0.459375 0.466406 0.03125 0.0390625
0 0.261719 0.232812 0.0328125 0.05
0 0.113281 0.511719 0.0328125 0.0453125
0 0.783594 0.7375 0.0328125 0.05
0 0.428125 0.272656 0.034375 0.0421875
0 0.310156 0.182812 0.0265625 0.03125
0 0.492969 0.835938 0.0359375 0.05625
0 0.158594 0.207031 0.0296875 0.0390625
0 0.896875 0.682813 0.034375 0.046875
0 0.0929687 0.78125 0.0390625 0.05
0 0.346875 0.392188 0.03125 0.040625
0 0.301562 0.0617188 0.040625 0.0484375
0 0.50625 0.596094 0.034375 0.0546875
0 0.810938 0.425 0.03125 0.0375
0 0.435937 0.153906 0.034375 0.0515625
0 0.501562 0.509375 0.0375 0.04375
0 0.866406 0.404687 0.0359375 0.046875
0 0.185156 0.328906 0.0328125 0.0546875
0 0.366406 0.259375 0.0453125 0.059375
0 0.472656 0.0734375 0.0359375 0.046875
0 0.0164062 0.128125 0.0296875 0.040625
0 0.0882813 0.14375 0.0359375 0.04375
0 0.708594 0.446875 0.0328125 0.0375
0 0.982813 0.191406 0.034375 0.0484375
0 0.05625 0.589063 0.04375 0.05
0 0.967969 0.307813 0.0453125 0.09375
0 0.0679687 0.49375 0.0421875 0.05625
0 0.197656 0.657812 0.0484375 0.05625
0 0.717188 0.346875 0.034375 0.046875
0 0.883594 0.349219 0.0484375 0.0703125
0 0.501562 0.114063 0.034375 0.04375
0 0.236719 0.192969 0.0328125 0.0359375
0 0.953906 0.617969 0.0390625 0.0484375
0 0.0476562 0.648438 0.0359375 0.05
0 0.484375 0.55625 0.034375 0.05
0 0.692969 0.828125 0.0359375 0.05625
0 0.159375 0.25 0.03125 0.04375
0 0.483594 0.165625 0.0359375 0.05
0 0.634375 0.564062 0.034375 0.046875
0 0.451562 0.323438 0.034375 0.04375
0 0.24375 0.122656 0.0375 0.0484375
0 0.225 0.254687 0.03125 0.0375
0 0.339063 0.317187 0.028125 0.04375
0 0.623438 0.414844 0.034375 0.0546875
0 0.440625 0.410937 0.05 0.053125
0 0.335156 0.475781 0.0359375 0.0421875
0 0.283594 0.100781 0.0453125 0.0453125
0 0.26875 0.382031 0.0375 0.0484375
0 0.246094 0.0703125 0.0609375 0.053125
0 0.172656 0.573438 0.0328125 0.0375
0 0.645312 0.629687 0.03125 0.046875
0 0.0882813 0.445312 0.0390625 0.046875
0 0.530469 0.379687 0.0296875 0.040625
0 0.202344 0.441406 0.0328125 0.0390625
0 0.753125 0.090625 0.03125 0.04375
0 0.310156 0.284375 0.0328125 0.046875
0 0.290625 0.607031 0.03125 0.0453125
0 0.600781 0.333594 0.0859375 0.123438
0 0.401563 0.20625 0.040625 0.05
0 0.11875 0.25625 0.0375 0.046875
0 0.148438 0.360938 0.0375 0.05625
0 0.747656 0.136719 0.0359375 0.0390625
0 0.54375 0.126563 0.034375 0.0375
0 0.886719 0.761719 0.0359375 0.0671875
0 0.226562 0.332031 0.034375 0.0421875
0 0.239063 0.580469 0.03125 0.0421875
0 0.952344 0.396094 0.0390625 0.0546875
0 0.0765625 0.357812 0.059375 0.090625
0 0.689844 0.405469 0.0359375 0.0546875
0 0.259375 0.282813 0.03125 0.040625
0 0.21875 0.297656 0.0375 0.0421875
0 0.751562 0.640625 0.040625 0.06875
0 0.766406 0.696875 0.0328125 0.04375
0 0.164062 0.703906 0.034375 0.0578125
0 0.907031 0.258594 0.0546875 0.104687
0 0.334375 0.1125 0.03125 0.046875
0 0.153125 0.769531 0.046875 0.0546875
0 0.328906 0.619531 0.0359375 0.0515625
0 0.704687 0.277344 0.0375 0.0515625
0 0.797656 0.140625 0.0484375 0.075
0 0.404687 0.366406 0.05 0.0609375
0 0.350781 0.180469 0.0390625 0.0484375
0 0.614844 0.604688 0.0296875 0.04375
0 0.570312 0.252344 0.046875 0.0640625
0 0.0960938 0.201562 0.0359375 0.065625
0 0.207031 0.545313 0.0359375 0.05
0 0.685156 0.128906 0.0609375 0.0796875
0 0.767969 0.229687 0.0421875 0.0625
0 0.760938 0.357031 0.053125 0.0796875
0 0.754687 0.289062 0.040625 0.046875
0 0.125781 0.307031 0.0453125 0.0578125
0 0.402344 0.4625 0.0421875 0.06875
0 0.658594 0.207813 0.0671875 0.078125
0 0.192188 0.267188 0.03125 0.040625
0 0.519531 0.228906 0.0390625 0.0515625
0 0.314063 0.382031 0.034375 0.0390625
0 0.0210938 0.295312 0.0359375 0.053125
0 0.829687 0.0765625 0.04375 0.04375
0 0.861719 0.278125 0.0484375 0.05625
0 0.351562 0.35625 0.03125 0.040625
0 0.546875 0.199219 0.03125 0.0421875
0 0.0273438 0.345313 0.0390625 0.05
0 0.840625 0.217187 0.059375 0.071875
0 0.5875 0.170312 0.0375 0.0625
0 0.270312 0.322656 0.0375 0.0453125
0 0.857031 0.142188 0.0515625 0.06875
