0 0.533594 0.6875 0.0265625 0.034375
0 0.673437 0.603906 0.03125 0.0578125
0 0.728125 0.102344 0.028125 0.0328125
0 0.616406 0.333594 0.0359375 0.0328125
0 0.172656 0.463281 0.0421875 0.0484375
0 0.35 0.371094 0.034375 0.0328125
0 0.389844 0.841406 0.0296875 0.0546875
0 0.935938 0.690625 0.025 0.034375
0 0.519531 0.653906 0.0296875 0.0328125
0 0.774219 0.825 0.0359375 0.059375
0 0.741406 0.0398437 0.0359375 0.0515625
0 0.632812 0.0828125 0.028125 0.065625
0 0.903906 0.442187 0.0296875 0.034375
0 0.611719 0.298438 0.0265625 0.03125
0 0.448438 0.328906 0.028125 0.0328125
0 0.121094 0.451562 0.0296875 0.04375
0 0.41875 0.139062 0.034375 0.0375
0 0.526563 0.389844 0.025 0.0328125
0 0.175781 0.239063 0.0328125 0.04375
0 0.550781 0.245312 0.0359375 0.0375
0 0.841406 0.20625 0.0296875 0.03125
0 0.0148437 0.771094 0.0296875 0.0515625
0 0.495313 0.844531 0.03125 0.0453125
0 0.224219 0.757812 0.0328125 0.0375
0 0.596875 0.155469 0.046875 0.0609375
0 0.663281 0.845312 0.0328125 0.046875
0 0.98125 0.146094 0.0375 0.0484375
0 0.677344 0.307031 0.0484375 0.0421875
0 0.513281 0.467969 0.0328125 0.0421875
0 0.0914062 0.453906 0.0265625 0.0328125
0 0.746094 0.339844 0.0671875 0.120312
0 0.833594 0.771094 0.0296875 0.0453125
0 0.175781 0.583594 0.0265625 0.0296875
0 0.104687 0.0890625 0.040625 0.040625
0 0.528906 0.517969 0.0359375 0.0390625
0 0.275 0.501562 0.046875 0.0625
0 0.45625 0.81875 0.06875 0.103125
0 0.351562 0.246875 0.034375 0.04375
0 0.35 0.651563 0.0375 0.05625
0 0.274219 0.672656 0.0328125 0.0421875
0 0.20625 0.645312 0.0375 0.040625
0 0.325 0.757812 0.040625 0.059375
0 0.821875 0.534375 0.03125 0.053125
0 0.228906 0.389844 0.0421875 0.0515625
0 0.713281 0.473437 0.0453125 0.04375
0 0.641406 0.546875 0.0296875 0.0375
0 0.973437 0.532031 0.040625 0.0640625
0 0.0664062 0.708594 0.0390625 0.0390625
0 0.6625 0.895312 0.034375 0.04375
0 0.116406 0.421094 0.0359375 0.0453125
0 0.728906 0.532031 0.0359375 0.0640625
0 0.1875 0.346875 0.065625 0.05
0 0.254687 0.280469 0.034375 0.0453125
0 0.140625 0.167187 0.03125 0.0375
0 0.021875 0.157031 0.04375 0.0671875
0 0.522656 0.427344 0.0359375 0.0421875
0 0.917188 0.259375 0.0375 0.040625
0 0.9625 0.691406 0.03125 0.0546875
0 0.234375 0.31875 0.028125 0.034375
0 0.565625 0.065625 0.028125 0.034375
0 0.239844 0.645312 0.0296875 0.040625
0 0.611719 0.661719 0.0578125 0.0734375
0 0.321094 0.221094 0.0265625 0.0296875
0 0.709375 0.6875 0.03125 0.046875
0 0.732031 0.196094 0.0296875 0.0328125
0 0.778906 0.0210938 0.0296875 0.0359375
0 0.224219 0.598437 0.0390625 0.053125
0 0.694531 0.796875 0.0328125 0.053125
0 0.507031 0.742969 0.0328125 0.0546875
0 0.116406 0.135156 0.0390625 0.0359375
0 0.477344 0.278125 0.0421875 0.05
0 0.685156 0.532031 0.0359375 0.0578125
0 0.0242187 0.328125 0.0453125 0.075
0 0.169531 0.674219 0.0390625 0.0421875
0 0.55625 0.386719 0.03125 0.0359375
0 0.04375 0.553125 0.0375 0.0625
0 0.705469 0.392969 0.0359375 0.0578125
0 0.289844 0.840625 0.0359375 0.053125
0 0.926562 0.500781 0.05625 0.0640625
0 0.0679687 0.199219 0.0484375 0.0546875
0 0.170312 0.145313 0.028125 0.04375
0 0.0992187 0.378906 0.0390625 0.0453125
0 0.0804688 0.532812 0.0421875 0.06875
0 0.876562 0.485156 0.03125 0.0359375
0 0.88125 0.591406 0.040625 0.0453125
0 0.832031 0.278906 0.0421875 0.0359375
0 0.39375 0.615625 0.0375 0.0375
0 0.677344 0.703125 0.0328125 0.04375
0 0.207031 0.13125 0.0359375 0.053125
0 0.717188 0.166406 0.028125 0.0296875
0 0.234375 0.0734375 0.0375 0.05
0 0.832031 0.0679687 0.0453125 0.0453125
0 0.752344 0.163281 0.0359375 0.0390625
0 0.596875 0.0703125 0.028125 0.040625
0 0.957031 0.246875 0.0359375 0.040625
0 0.310156 0.35 0.0609375 0.04375
0 0.475 0.564844 0.065625 0.104687
0 0.842188 0.85 0.034375 0.046875
0 0.284375 0.232031 0.034375 0.0390625
0 0.307031 0.263281 0.0390625 0.0453125
0 0.692969 0.203125 0.0390625 0.0375
0 0.432031 0.621094 0.0359375 0.0390625
0 0.282031 0.397656 0.0390625 0.0453125
0 0.0304688 0.270312 0.0359375 0.046875
0 0.580469 0.317187 0.0328125 0.05
0 0.946094 0.291406 0.0296875 0.0390625
0 0.365625 0.341406 0.034375 0.0359375
0 0.634375 0.264062 0.053125 0.059375
0 0.764063 0.650781 0.06875 0.0828125
0 0.761719 0.578125 0.0453125 0.05
0 0.73125 0.794531 0.034375 0.0546875
0 0.328125 0.878906 0.0375 0.0484375
0 0.821875 0.239844 0.040625 0.0390625
0 0.221094 0.2125 0.0484375 0.075
0 0.607813 0.553906 0.034375 0.0453125
0 0.910937 0.728125 0.03125 0.046875
0 0.071875 0.282813 0.034375 0.040625
0 0.316406 0.446875 0.0359375 0.04375
0 0.355469 0.296875 0.0328125 0.053125
0 0.389844 0.386719 0.0484375 0.0578125
0 0.548437 0.307813 0.034375 0.053125
0 0.492188 0.692187 0.0375 0.046875
0 0.401563 0.445312 0.03125 0.0375
0 0.285156 0.16875 0.0390625 0.053125
0 0.478125 0.103906 0.059375 0.0796875
0 0.665625 0.666406 0.03125 0.0421875
0 0.733594 0.234375 0.0390625 0.046875
0 0.303906 0.791406 0.0390625 0.0484375
0 0.349219 0.407031 0.0390625 0.0421875
0 0.328906 0.498437 0.0390625 0.05
0 0.513281 0.327344 0.0390625 0.0484375
0 0.795313 0.151562 0.040625 0.04375
0 0.153906 0.782812 0.0328125 0.05625
0 0.0414063 0.442969 0.0421875 0.0578125
0 0.872656 0.658594 0.0453125 0.0578125
0 0.0789063 0.329688 0.0484375 0.05625
0 0.122656 0.571094 0.0359375 0.0640625
0 0.410937 0.482812 0.03125 0.0375
0 0.6125 0.730469 0.0375 0.0578125
0 0.980469 0.277344 0.0359375 0.0453125
0 0.771094 0.20625 0.0453125 0.05
0 0.135937 0.0671875 0.034375 0.04375
0 0.351562 0.120312 0.04375 0.05
0 0.332031 0.825 0.0359375 0.05
0 0.180469 0.0835937 0.0390625 0.0484375
0 0.686719 0.744531 0.0359375 0.0453125
0 0.289844 0.0664062 0.0453125 0.0515625
0 0.417969 0.325 0.0328125 0.040625
0 0.357031 0.075 0.0421875 0.04375
0 0.167187 0.190625 0.0375 0.046875
0 0.972656 0.345313 0.0515625 0.075
0 0.604688 0.495313 0.034375 0.046875
0 0.403125 0.279687 0.053125 0.059375
0 0.903125 0.557031 0.028125 0.0390625
0 0.404687 0.534375 0.046875 0.071875
0 0.914062 0.346875 0.04375 0.065625
0 0.560156 0.432813 0.0328125 0.046875
0 0.500781 0.217969 0.0609375 0.0734375
0 0.709375 0.0578125 0.0375 0.0375
0 0.864844 0.528906 0.0359375 0.0453125
0 0.905469 0.1625 0.0640625 0.071875
0 0.117969 0.78125 0.0453125 0.05625
0 0.125781 0.294531 0.0515625 0.0734375
0 0.0625 0.780469 0.046875 0.0609375
0 0.957812 0.197656 0.0375 0.0453125
0 0.246094 0.142969 0.0421875 0.0609375
0 0.679688 0.129688 0.046875 0.05625
0 0.447656 0.428906 0.0671875 0.0953125
0 0.861719 0.392188 0.0421875 0.053125
0 0.425 0.210156 0.084375 0.104687
0 0.517969 0.15625 0.0453125 0.05625
0 0.808594 0.609375 0.0359375 0.046875
0 0.971094 0.604688 0.0546875 0.071875
0 0.2875 0.30625 0.034375 0.040625
0 0.171094 0.296875 0.0328125 0.040625
0 0.692969 0.259375 0.0421875 0.05
0 0.635938 0.207813 0.028125 0.040625
0 0.140625 0.228125 0.04375 0.053125
0 0.867188 0.327344 0.053125 0.0765625
0 0.355469 0.575781 0.0609375 0.0546875
0 0.311719 0.121094 0.0328125 0.0421875
0 0.821094 0.386719 0.0359375 0.0546875
0 0.58125 0.216406 0.075 0.101562
0 0.165625 0.405469 0.071875 0.0734375
0 0.282813 0.614844 0.065625 0.0703125
