0 0.117188 0.05 0.034375 0.040625
0 0.914844 0.153906 0.0265625 0.0390625
0 0.971875 0.123438 0.034375 0.0375
0 0.111719 0.459375 0.0234375 0.034375
0 0.09375 0.194531 0.025 0.0359375
0 0.314844 0.7 0.0296875 0.04375
0 0.188281 0.151562 0.0234375 0.03125
0 0.340625 0.871094 0.028125 0.0359375
0 0.244531 0.603906 0.0265625 0.0359375
0 0.290625 0.328125 0.028125 0.028125
0 0.696094 0.341406 0.0328125 0.0484375
0 0.488281 0.714063 0.0265625 0.03125
0 0.299219 0.707812 0.0328125 0.04375
0 0.167969 0.709375 0.0265625 0.0375
0 0.0375 0.304688 0.03125 0.03125
0 0.258594 0.63125 0.0234375 0.03125
0 0.0210938 0.0109375 0.0328125 0.021875
0 0.650781 0.361719 0.0265625 0.0390625
0 0.520312 0.841406 0.025 0.0453125
0 0.939844 0.0195312 0.0328125 0.0328125
0 0.278125 0.403906 0.028125 0.0328125
0 0.602344 0.955469 0.0453125 0.0859375
0 0.846875 0.391406 0.03125 0.0546875
0 0.433594 0.444531 0.0234375 0.0328125
0 0.128906 0.0914062 0.0265625 0.0234375
0 0.141406 0.466406 0.0296875 0.0296875
0 0.33125 0.735156 0.025 0.0328125
0 0.808594 0.577344 0.0296875 0.0421875
0 0.775781 0.334375 0.0296875 0.034375
0 0.628906 0.192969 0.0265625 0.0421875
0 0.586719 0.127344 0.0296875 0.0328125
0 0.467969 0.932813 0.0359375 0.0625
0 0.796094 0.4 0.0390625 0.078125
0 0.328125 0.59375 0.03125 0.040625
0 0.300781 0.148438 0.0296875 0.034375
0 0.76875 0.242969 0.034375 0.0421875
0 0.986719 0.480469 0.0265625 0.0453125
0 0.424219 0.650781 0.0359375 0.0515625
0 0.397656 0.9375 0.0296875 0.05625
0 0.0101562 0.454688 0.0203125 0.05
0 0.121094 0.009375 0.0328125 0.01875
0 0.125781 0.345313 0.0328125 0.034375
0 0.0734375 0.385938 0.025 0.034375
0 0.716406 0.591406 0.0203125 0.0390625
0 0.329688 0.479688 0.028125 0.040625
0 0.55 0.597656 0.03125 0.0640625
0 0.0648438 0.309375 0.0265625 0.03125
0 0.775 0.0757812 0.059375 0.0515625
0 0.417188 0.309375 0.025 0.0375
0 0.053125 0.14375 0.034375 0.03125
0 0.1875 0.311719 0.028125 0.0390625
0 0.557813 0.158594 0.025 0.0359375
0 0.102344 0.666406 0.0359375 0.0578125
0 0.25 0.159375 0.0375 0.04375
0 0.363281 0.630469 0.0484375 0.0484375
0 0.895312 0.253125 0.03125 0.040625
0 0.566406 0.760156 0.0359375 0.0421875
0 0.534375 0.754687 0.028125 0.053125
0 0.557031 0.679688 0.0265625 0.05
0 0.367188 0.224219 0.0375 0.0640625
0 0.432031 0.482812 0.0265625 0.040625
0 0.663281 0.567187 0.0265625 0.040625
0 0.752344 0.575 0.0578125 0.05
0 0.360938 0.748438 0.028125 0.05625
0 0.538281 0.952344 0.0421875 0.0609375
0 0.615625 0.807813 0.025 0.04375
0 0.0664062 0.621094 0.0328125 0.0390625
0 0.644531 0.971094 0.0421875 0.0578125
0 0.127344 0.614844 0.0296875 0.0515625
0 0.440625 0.73125 0.028125 0.040625
0 0.628906 0.884375 0.0296875 0.040625
0 0.178906 0.677344 0.0265625 0.0390625
0 0.109375 0.548437 0.03125 0.040625
0 0.0742188 0.449219 0.0453125 0.0578125
0 0.239844 0.665625 0.0296875 0.03125
0 0.154687 0.527344 0.040625 0.0421875
0 0.888281 0.328125 0.0296875 0.0375
0 0.171875 0.0570313 0.040625 0.0453125
0 0.738281 0.132812 0.0359375 0.04375
0 0.128125 0.422656 0.0375 0.0421875
0 0.808594 0.621094 0.0328125 0.0453125
0 0.214062 0.160938 0.021875 0.0375
0 0.298438 0.478906 0.03125 0.0453125
0 0.624219 0.348437 0.0296875 0.040625
0 0.5875 0.191406 0.028125 0.0359375
0 0.421094 0.521094 0.0390625 0.0359375
0 0.625 0.398438 0.034375 0.04375
0 0.0351562 0.785937 0.0390625 0.0625
0 0.107813 0.384375 0.03125 0.03125
0 0.309375 0.430469 0.034375 0.0421875
0 0.542969 0.852344 0.0265625 0.0484375
0 0.661719 0.0984375 0.0296875 0.04375
0 0.685938 0.414062 0.040625 0.0875
0 0.263281 0.319531 0.0328125 0.0390625
0 0.371875 0.435937 0.0375 0.06875
0 0.161719 0.822656 0.0296875 0.0453125
0 0.435156 0.689062 0.0296875 0.0375
0 0.465625 0.705469 0.028125 0.0390625
0 0.739062 0.0375 0.04375 0.059375
0 0.871094 0.540625 0.0265625 0.046875
0 0.232031 0.555469 0.0296875 0.0453125
0 0.557031 0.0367187 0.0359375 0.0515625
0 0.514844 0.517187 0.0265625 0.040625
0 0.403906 0.021875 0.0359375 0.040625
0 0.21875 0.605469 0.03125 0.0421875
0 0.015625 0.334375 0.03125 0.0375
0 0.01875 0.189063 0.0375 0.06875
0 0.696875 0.110156 0.034375 0.0484375
0 0.152344 0.0890625 0.0296875 0.03125
0 0.292969 0.369531 0.0390625 0.0421875
0 0.2125 0.869531 0.028125 0.0484375
0 0.828906 0.0914062 0.0390625 0.0421875
0 0.353125 0.335938 0.034375 0.05625
0 0.040625 0.0421875 0.03125 0.04375
0 0.191406 0.549219 0.0578125 0.0546875
0 0.640625 0.592188 0.0375 0.06875
0 0.929688 0.683594 0.0375 0.0515625
0 0.969531 0.654688 0.0453125 0.040625
0 0.539844 0.517969 0.0328125 0.0484375
0 0.404687 0.188281 0.034375 0.0484375
0 0.458594 0.0539063 0.0359375 0.0390625
0 0.216406 0.467187 0.0296875 0.034375
0 0.929688 0.639063 0.025 0.04375
0 0.742188 0.414844 0.028125 0.0453125
0 0.0539063 0.233594 0.0359375 0.0390625
0 0.524219 0.703906 0.0328125 0.0421875
0 0.846875 0.196094 0.034375 0.0484375
0 0.402344 0.479688 0.0328125 0.04375
0 0.166406 0.372656 0.0390625 0.0796875
0 0.0867188 0.419531 0.0265625 0.0328125
0 0.496875 0.560156 0.04375 0.0359375
0 0.183594 0.178906 0.0296875 0.0359375
0 0.0179687 0.5125 0.0328125 0.04375
0 0.584375 0.609375 0.03125 0.04375
0 0.582031 0.282813 0.0421875 0.053125
0 0.46875 0.514844 0.040625 0.0515625
0 0.205469 0.216406 0.0390625 0.0484375
0 0.634375 0.0460938 0.034375 0.0546875
0 0.7 0.210938 0.053125 0.078125
0 0.289844 0.614062 0.0328125 0.046875
0 0.475 0.397656 0.078125 0.0828125
0 0.851562 0.0179687 0.040625 0.0359375
0 0.290625 0.892187 0.025 0.0375
0 0.129688 0.847656 0.0375 0.0453125
0 0.261719 0.569531 0.0328125 0.0421875
0 0.486719 0.222656 0.0296875 0.0421875
0 0.39375 0.290625 0.03125 0.034375
0 0.332031 0.19375 0.0359375 0.06875
0 0.692969 0.624219 0.0453125 0.0640625
0 0.686719 0.971875 0.0296875 0.05625
0 0.780469 0.809375 0.0328125 0.059375
0 0.651563 0.317969 0.034375 0.0453125
0 0.255469 0.471094 0.0421875 0.0484375
0 0.261719 0.520312 0.0328125 0.040625
0 0.245312 0.724219 0.034375 0.0765625
0 0.0875 0.0789063 0.040625 0.0453125
0 0.413281 0.603125 0.0453125 0.04375
0 0.470313 0.784375 0.053125 0.059375
0 0.909375 0.560156 0.046875 0.0640625
0 0.144531 0.307031 0.0421875 0.0453125
0 0.638281 0.676562 0.0453125 0.09375
0 0.703125 0.7375 0.046875 0.06875
0 0.521094 0.342969 0.0359375 0.0515625
0 0.0585938 0.524219 0.0328125 0.0484375
0 0.0859375 0.827344 0.040625 0.0578125
0 0.504687 0.0335938 0.05 0.0515625
0 0.833594 0.725 0.0515625 0.090625
0 0.653125 0.230469 0.0375 0.0640625
0 0.123438 0.507031 0.03125 0.0390625
0 0.80625 0.221875 0.028125 0.053125
0 0.121094 0.245312 0.0421875 0.053125
0 0.542188 0.459375 0.0375 0.053125
0 0.696875 0.490625 0.03125 0.05
0 0.590625 0.689062 0.04375 0.075
0 0.827344 0.271875 0.0328125 0.040625
0 0.971094 0.604688 0.0546875 0.05
0 0.458594 0.103906 0.0421875 0.0515625
0 0.622656 0.107813 0.0484375 0.053125
0 0.841406 0.321094 0.0359375 0.0484375
0 0.04375 0.084375 0.028125 0.034375
0 0.021875 0.255469 0.0375 0.0453125
0 0.0382813 0.365625 0.0359375 0.0375
0 0.430469 0.145313 0.0359375 0.03125
0 0.933594 0.494531 0.0453125 0.0578125
0 0.9125 0.435156 0.034375 0.0640625
0 0.467187 0.282031 0.034375 0.0453125
0 0.48125 0.1625 0.04375 0.059375
0 0.775 0.479688 0.0375 0.090625
0 0.807031 0.682031 0.0359375 0.0546875
0 0.413281 0.254687 0.0296875 0.034375
0 0.573438 0.364062 0.053125 0.06875
0 0.907812 0.0625 0.0375 0.059375
0 0.528906 0.258594 0.0578125 0.0921875
0 0.384375 0.854688 0.040625 0.059375
0 0.0726563 0.346875 0.0328125 0.0375
0 0.788281 0.296094 0.0359375 0.0484375
0 0.03125 0.601562 0.0625 0.065625
0 0.0921875 0.153125 0.0375 0.0375
0 0.189844 0.255469 0.0328125 0.0390625
0 0.755469 0.653125 0.0265625 0.04375
0 0.179688 0.607031 0.034375 0.0484375
0 0.373437 0.68125 0.0375 0.0625
0 0.850781 0.482031 0.0421875 0.0546875
0 0.0929687 0.5 0.0390625 0.046875
0 0.580469 0.817187 0.0328125 0.0625
0 0.860156 0.255469 0.0296875 0.0453125
0 0.933594 0.221875 0.0453125 0.0625
0 0.684375 0.807031 0.04375 0.0578125
0 0.582031 0.438281 0.0671875 0.0890625
0 0.232812 0.371875 0.06875 0.1
0 0.732813 0.803906 0.0375 0.0609375
0 0.240625 0.430469 0.034375 0.0421875
0 0.867188 0.60625 0.040625 0.05625
0 0.284375 0.245312 0.096875 0.10625
0 0.539844 0.107031 0.0765625 0.0765625
0 0.653906 0.482812 0.0640625 0.078125
