0 0.75625 0.735937 0.025 0.0375
0 0.0101562 0.533594 0.0203125 0.0296875
0 0.439063 0.209375 0.028125 0.03125
0 0.775 0.7125 0.028125 0.03125
0 0.203125 0.221094 0.021875 0.0359375
0 0.328906 0.317969 0.0265625 0.0265625
0 0.989062 0.629687 0.021875 0.046875
0 0.360156 0.174219 0.0265625 0.0296875
0 0.523438 0.202344 0.034375 0.0359375
0 0.302344 0.196875 0.0421875 0.0375
0 0.982813 0.285156 0.03125 0.0390625
0 0.780469 0.602344 0.0328125 0.0359375
0 0.284375 0.390625 0.025 0.028125
0 0.107813 0.8 0.028125 0.03125
0 0.260938 0.307031 0.034375 0.0328125
0 0.107031 0.114063 0.0328125 0.04375
0 0.576563 0.45 0.046875 0.071875
0 0.547656 0.589063 0.0328125 0.046875
0 0.139062 0.05625 0.04375 0.03125
0 0.961719 0.6375 0.0265625 0.05625
0 0.23125 0.667969 0.034375 0.0328125
0 0.5 0.221875 0.03125 0.034375
0 0.0539063 0.471875 0.0328125 0.0375
0 0.769531 0.0859375 0.0296875 0.0375
0 0.191406 0.407031 0.0390625 0.0390625
0 0.0109375 0.657031 0.021875 0.0546875
0 0.275781 0.278906 0.0296875 0.0296875
0 0.890625 0.410156 0.0375 0.0390625
0 0.857813 0.502344 0.03125 0.0359375
0 0.071875 0.327344 0.025 0.0328125
0 0.110156 0.628125 0.0265625 0.034375
0 0.421094 0.304688 0.0296875 0.0375
0 0.0359375 0.534375 0.03125 0.03125
0 0.275 0.358594 0.03125 0.0328125
0 0.08125 0.661719 0.0375 0.0359375
0 0.102344 0.157031 0.0265625 0.0328125
0 0.773438 0.675781 0.025 0.0390625
0 0.821875 0.425781 0.028125 0.0390625
0 0.217969 0.846875 0.0328125 0.0375
0 0.789844 0.442969 0.0359375 0.0390625
0 0.985937 0.486719 0.028125 0.0359375
0 0.560156 0.232812 0.0296875 0.046875
0 0.73125 0.0929687 0.03125 0.0390625
0 0.170312 0.14375 0.040625 0.046875
0 0.139844 0.591406 0.0234375 0.0296875
0 0.0679687 0.807031 0.0296875 0.0453125
0 0.0578125 0.771875 0.025 0.03125
0 0.905469 0.547656 0.0265625 0.0484375
0 0.603125 0.2375 0.025 0.03125
0 0.754687 0.246094 0.028125 0.0453125
0 0.532812 0.258594 0.03125 0.0421875
0 0.692187 0.51875 0.0375 0.05
0 0.575 0.175 0.0375 0.04375
0 0.313281 0.452344 0.0296875 0.0359375
0 0.0757812 0.158594 0.0265625 0.0421875
0 0.275781 0.332812 0.0328125 0.03125
0 0.659375 0.10625 0.025 0.034375
0 0.546875 0.835156 0.03125 0.0515625
0 0.639844 0.178125 0.0296875 0.03125
0 0.161719 0.315625 0.0359375 0.05
0 0.0460938 0.660156 0.0359375 0.0328125
0 0.0117188 0.570312 0.0234375 0.0375
0 0.610156 0.0640625 0.0328125 0.034375
0 0.539062 0.0742188 0.03125 0.0328125
0 0.03125 0.757031 0.034375 0.0359375
0 0.101562 0.697656 0.03125 0.0390625
0 0.804688 0.674219 0.028125 0.0421875
0 0.930469 0.446875 0.0296875 0.034375
0 0.130469 0.828125 0.0296875 0.0375
0 0.0117188 0.292969 0.0234375 0.0453125
0 0.103125 0.328906 0.034375 0.0359375
0 0.096875 0.765625 0.03125 0.0375
0 0.128125 0.721094 0.03125 0.0359375
0 0.847656 0.392969 0.0296875 0.0359375
0 0.317187 0.392188 0.04375 0.040625
0 0.4 0.504687 0.03125 0.034375
0 0.307031 0.141406 0.0296875 0.0328125
0 0.989844 0.575 0.0171875 0.0375
0 0.30625 0.641406 0.025 0.0359375
0 0.096875 0.572656 0.034375 0.0390625
0 0.73125 0.757812 0.034375 0.046875
0 0.676562 0.207031 0.0375 0.0390625
0 0.651563 0.514844 0.03125 0.0328125
0 0.244531 0.803906 0.0203125 0.0328125
0 0.985156 0.527344 0.0296875 0.0453125
0 0.123438 0.23125 0.0375 0.040625
0 0.435156 0.685156 0.0296875 0.0484375
0 0.692969 0.120312 0.0296875 0.03125
0 0.766406 0.628906 0.0265625 0.0328125
0 0.584375 0.216406 0.028125 0.0359375
0 0.752344 0.0414063 0.0359375 0.0328125
0 0.608594 0.178125 0.0265625 0.0375
0 0.927344 0.25 0.0328125 0.040625
0 0.382812 0.646094 0.0375 0.0609375
0 0.108594 0.286719 0.0359375 0.0421875
0 0.944531 0.278125 0.0359375 0.040625
0 0.159375 0.715625 0.028125 0.034375
0 0.229687 0.228906 0.025 0.0359375
0 0.439063 0.795313 0.03125 0.034375
0 0.246875 0.459375 0.03125 0.034375
0 0.326562 0.607031 0.0375 0.0421875
0 0.266406 0.785937 0.0296875 0.040625
0 0.652344 0.28125 0.0328125 0.034375
0 0.549219 0.525781 0.0453125 0.0703125
0 0.186719 0.176563 0.0421875 0.040625
0 0.567969 0.3125 0.0328125 0.046875
0 0.247656 0.350781 0.0296875 0.0453125
0 0.702344 0.154687 0.0296875 0.0375
0 0.3875 0.852344 0.025 0.0453125
0 0.705469 0.407031 0.0265625 0.0359375
0 0.910156 0.208594 0.0484375 0.0421875
0 0.299219 0.524219 0.0640625 0.104687
0 0.664062 0.559375 0.034375 0.05625
0 0.471094 0.807813 0.0328125 0.04375
0 0.9125 0.114844 0.046875 0.0453125
0 0.378125 0.417969 0.046875 0.0609375
0 0.204688 0.382031 0.034375 0.0390625
0 0.35625 0.294531 0.03125 0.0328125
0 0.960938 0.579687 0.03125 0.040625
0 0.441406 0.258594 0.0296875 0.0390625
0 0.583594 0.850781 0.0296875 0.0453125
0 0.201562 0.701563 0.040625 0.034375
0 0.071875 0.115625 0.028125 0.04375
0 0.410156 0.840625 0.0265625 0.046875
0 0.0976562 0.527344 0.0359375 0.0421875
0 0.604688 0.821094 0.034375 0.0390625
0 0.292969 0.834375 0.0390625 0.053125
0 0.132031 0.505469 0.0390625 0.0484375
0 0.232031 0.298438 0.0296875 0.04375
0 0.323438 0.113281 0.040625 0.0515625
0 0.0171875 0.608594 0.034375 0.0390625
0 0.794531 0.246875 0.0328125 0.04375
0 0.299219 0.780469 0.0328125 0.0515625
0 0.13125 0.166406 0.034375 0.0359375
0 0.7375 0.40625 0.03125 0.040625
0 0.209375 0.121875 0.053125 0.05625
0 0.0414063 0.33125 0.0359375 0.05625
0 0.51875 0.760156 0.034375 0.0546875
0 0.01875 0.471094 0.0375 0.0484375
0 0.35625 0.359375 0.046875 0.04375
0 0.384375 0.546875 0.034375 0.0375
0 0.145313 0.408594 0.0375 0.0390625
0 0.667969 0.253125 0.0296875 0.0375
0 0.139844 0.554688 0.0296875 0.04375
0 0.669531 0.150781 0.0265625 0.0359375
0 0.0617188 0.4375 0.0328125 0.04375
0 0.121094 0.658594 0.0296875 0.0421875
0 0.163281 0.517187 0.0328125 0.0375
0 0.328906 0.828125 0.0265625 0.040625
0 0.395312 0.179688 0.034375 0.04375
0 0.0320312 0.429688 0.0296875 0.034375
0 0.696875 0.267188 0.03125 0.0375
0 0.505469 0.315625 0.0390625 0.040625
0 0.0234375 0.376563 0.034375 0.053125
0 0.255469 0.628125 0.0296875 0.053125
0 0.715625 0.201562 0.03125 0.0375
0 0.827344 0.635938 0.0359375 0.0375
0 0.867188 0.240625 0.034375 0.05625
0 0.477344 0.175781 0.0359375 0.0640625
0 0.591406 0.696094 0.0359375 0.0453125
0 0.766406 0.395312 0.0328125 0.0375
0 0.836719 0.297656 0.0296875 0.0390625
0 0.071875 0.549219 0.03125 0.0390625
0 0.333594 0.16875 0.0296875 0.040625
0 0.622656 0.103906 0.0390625 0.0546875
0 0.10625 0.365625 0.0375 0.046875
0 0.814844 0.171094 0.0296875 0.0390625
0 0.653125 0.0710938 0.028125 0.0328125
0 0.185156 0.249219 0.0328125 0.0546875
0 0.164844 0.570312 0.0359375 0.040625
0 0.585156 0.640625 0.0359375 0.05
0 0.810156 0.357031 0.0640625 0.0796875
0 0.803125 0.0414063 0.034375 0.0671875
0 0.211719 0.632031 0.0296875 0.0296875
0 0.971094 0.439844 0.0359375 0.0453125
0 0.759375 0.172656 0.04375 0.0921875
0 0.401563 0.255469 0.046875 0.0578125
0 0.344531 0.254687 0.0359375 0.040625
0 0.684375 0.336719 0.059375 0.0796875
0 0.1625 0.466406 0.04375 0.0515625
0 0.313281 0.353906 0.0390625 0.0484375
0 0.619531 0.436719 0.0328125 0.0546875
0 0.0773437 0.61875 0.0390625 0.05
0 0.883594 0.320312 0.0390625 0.04375
0 0.361719 0.139062 0.0390625 0.040625
0 0.071875 0.290625 0.0375 0.0375
0 0.885938 0.157031 0.059375 0.0484375
0 0.150781 0.257812 0.0359375 0.034375
0 0.779688 0.488281 0.04375 0.0515625
0 0.614844 0.617188 0.0328125 0.0375
0 0.0789063 0.39375 0.0359375 0.053125
0 0.601562 0.278125 0.046875 0.05
0 0.689844 0.0796875 0.0390625 0.05
0 0.451562 0.507031 0.04375 0.0671875
0 0.249219 0.146875 0.0328125 0.04375
0 0.586719 0.567187 0.0328125 0.05
0 0.74375 0.366406 0.03125 0.0359375
0 0.819531 0.482812 0.0328125 0.046875
0 0.0390625 0.166406 0.0375 0.0640625
0 0.246875 0.761719 0.028125 0.0359375
0 0.803125 0.210156 0.034375 0.0390625
0 0.150781 0.633594 0.0359375 0.0546875
0 0.496094 0.0773437 0.0359375 0.0484375
0 0.859375 0.445312 0.046875 0.04375
0 0.353906 0.20625 0.0359375 0.040625
0 0.575781 0.383594 0.0390625 0.0546875
0 0.48125 0.635156 0.034375 0.0421875
0 0.564844 0.792969 0.0328125 0.0421875
0 0.0789063 0.251563 0.0359375 0.046875
0 0.464844 0.304688 0.0359375 0.05
0 0.721875 0.467969 0.034375 0.0640625
0 0.439844 0.150781 0.0359375 0.0609375
0 0.207813 0.435937 0.0375 0.040625
0 0.469531 0.240625 0.0390625 0.04375
0 0.30625 0.244531 0.040625 0.0484375
0 0.19375 0.298438 0.034375 0.034375
0 0.300781 0.296875 0.0328125 0.04375
0 0.364062 0.482812 0.05625 0.05625
0 0.178906 0.78125 0.0296875 0.0375
0 0.678125 0.434375 0.040625 0.071875
0 0.235156 0.19375 0.0328125 0.040625
0 0.814062 0.58125 0.034375 0.04375
0 0.928906 0.6 0.0359375 0.053125
0 0.798437 0.635156 0.025 0.0359375
0 0.04375 0.626562 0.03125 0.040625
0 0.034375 0.267969 0.040625 0.0609375
0 0.609375 0.521094 0.0375 0.0578125
0 0.934375 0.546875 0.03125 0.046875
0 0.334375 0.703125 0.0375 0.04375
0 0.404687 0.107813 0.04375 0.0625
0 0.503906 0.552344 0.0390625 0.0453125
0 0.422656 0.433594 0.0390625 0.0515625
0 0.625 0.332812 0.03125 0.040625
0 0.105469 0.440625 0.0390625 0.0625
0 0.160938 0.367969 0.040625 0.0515625
0 0.219531 0.798437 0.0328125 0.040625
0 0.278125 0.434375 0.034375 0.059375
0 0.357031 0.853125 0.0296875 0.04375
0 0.48125 0.403906 0.05 0.0609375
0 0.446875 0.842969 0.0375 0.0515625
0 0.635156 0.228906 0.0359375 0.0515625
0 0.405469 0.370313 0.0390625 0.05
0 0.215625 0.501562 0.053125 0.06875
0 0.638281 0.584375 0.0390625 0.05
0 0.499219 0.26875 0.0421875 0.059375
0 0.633594 0.389062 0.0515625 0.0625
0 0.228125 0.578125 0.06875 0.078125
0 0.335938 0.432813 0.034375 0.046875
0 0.442969 0.586719 0.0953125 0.0796875
0 0.529688 0.152344 0.0625 0.0640625
