0 0.35 0.353125 0.046875 0.04375
0 0.471875 0.310156 0.034375 0.0390625
0 0.409375 0.594531 0.028125 0.0453125
0 0.8375 0.235938 0.03125 0.03125
0 0.6 0.507812 0.025 0.034375
0 0.515625 0.875 0.025 0.040625
0 0.634375 0.567187 0.03125 0.05
0 0.71875 0.567969 0.028125 0.0328125
0 0.110937 0.713281 0.025 0.0328125
0 0.0640625 0.275 0.03125 0.03125
0 0.497656 0.101562 0.0484375 0.078125
0 0.471094 0.228906 0.0265625 0.0359375
0 0.745313 0.778906 0.034375 0.0515625
0 0.015625 0.614844 0.028125 0.0453125
0 0.352344 0.0570313 0.0296875 0.0296875
0 0.810156 0.752344 0.0328125 0.0453125
0 0.517969 0.702344 0.0265625 0.0359375
0 0.15625 0.340625 0.021875 0.03125
0 0.152344 0.285156 0.0296875 0.0296875
0 0.0976562 0.389062 0.0296875 0.034375
0 0.108594 0.53125 0.0296875 0.0375
0 0.1875 0.79375 0.028125 0.025
0 0.328906 0.101562 0.0296875 0.03125
0 0.795313 0.832031 0.034375 0.0453125
0 0.274219 0.161719 0.0734375 0.0640625
0 0.202344 0.332812 0.0453125 0.046875
0 0.471094 0.385938 0.0359375 0.034375
0 0.285156 0.335156 0.0265625 0.0390625
0 0.0171875 0.292969 0.03125 0.0390625
0 0.108594 0.503906 0.0296875 0.0359375
0 0.128906 0.244531 0.0328125 0.0265625
0 0.552344 0.485938 0.0265625 0.0375
0 0.238281 0.264062 0.0296875 0.034375
0 0.296094 0.105469 0.0296875 0.0421875
0 0.770312 0.657812 0.0375 0.04375
0 0.373437 0.28125 0.04375 0.028125
0 0.467969 0.541406 0.0265625 0.0359375
0 0.382031 0.464844 0.0296875 0.0453125
0 0.9875 0.409375 0.025 0.04375
0 0.75 0.7125 0.034375 0.046875
0 0.217969 0.584375 0.0390625 0.05625
0 0.200781 0.545313 0.0453125 0.046875
0 0.553125 0.522656 0.03125 0.0328125
0 0.0140625 0.494531 0.028125 0.0328125
0 0.535156 0.365625 0.0328125 0.034375
0 0.578125 0.517187 0.025 0.034375
0 0.928906 0.567969 0.0296875 0.0484375
0 0.210156 0.389844 0.0359375 0.0390625
0 0.2 0.161719 0.028125 0.0296875
0 0.253125 0.724219 0.028125 0.0390625
0 0.286719 0.300781 0.0328125 0.0328125
0 0.417969 0.482812 0.0328125 0.034375
0 0.238281 0.194531 0.0296875 0.0484375
0 0.825 0.278906 0.0375 0.0515625
0 0.484375 0.636719 0.03125 0.0359375
0 0.096875 0.435937 0.03125 0.0375
0 0.2 0.717188 0.034375 0.034375
0 0.444531 0.477344 0.0296875 0.0390625
0 0.8375 0.110156 0.04375 0.0578125
0 0.244531 0.79375 0.0296875 0.03125
0 0.521094 0.575 0.0296875 0.0375
0 0.815625 0.444531 0.034375 0.0515625
0 0.721875 0.672656 0.034375 0.0546875
0 0.558594 0.671094 0.0390625 0.0484375
0 0.690625 0.678125 0.034375 0.04375
0 0.711719 0.525 0.0328125 0.040625
0 0.0507812 0.0710938 0.0390625 0.0328125
0 0.167969 0.184375 0.0234375 0.0375
0 0.3875 0.519531 0.03125 0.0484375
0 0.309375 0.442187 0.028125 0.046875
0 0.64375 0.382031 0.040625 0.0265625
0 0.905469 0.0914062 0.0359375 0.0453125
0 0.520312 0.65625 0.03125 0.046875
0 0.532812 0.60625 0.028125 0.0375
0 0.932031 0.0164062 0.0546875 0.0296875
0 0.535937 0.459375 0.028125 0.04375
0 0.214844 0.790625 0.0296875 0.034375
0 0.314844 0.321875 0.0296875 0.034375
0 0.622656 0.232031 0.0453125 0.0609375
0 0.255469 0.240625 0.0328125 0.04375
0 0.615625 0.29375 0.040625 0.0375
0 0.785156 0.532812 0.0296875 0.04375
0 0.182031 0.233594 0.0390625 0.0421875
0 0.635938 0.114063 0.03125 0.046875
0 0.555469 0.569531 0.0328125 0.0453125
0 0.749219 0.214062 0.0359375 0.040625
0 0.971094 0.508594 0.0328125 0.0359375
0 0.739062 0.599219 0.028125 0.0359375
0 0.126563 0.276563 0.028125 0.0375
0 0.482031 0.353906 0.0359375 0.0390625
0 0.973437 0.3375 0.053125 0.078125
0 0.0515625 0.15 0.03125 0.04375
0 0.25625 0.0984375 0.040625 0.05
0 0.70625 0.788281 0.025 0.0421875
0 0.127344 0.324219 0.0296875 0.0359375
0 0.282031 0.752344 0.0296875 0.0359375
0 0.389844 0.665625 0.0515625 0.05625
0 0.329688 0.19375 0.034375 0.05
0 0.228125 0.697656 0.03125 0.0359375
0 0.342969 0.430469 0.0359375 0.0453125
0 0.678125 0.441406 0.0375 0.0390625
0 0.809375 0.0664062 0.0375 0.0578125
0 0.984375 0.0484375 0.03125 0.034375
0 0.664062 0.728906 0.034375 0.0484375
0 0.59375 0.177344 0.034375 0.0390625
0 0.489844 0.485156 0.0421875 0.0703125
0 0.215625 0.232812 0.03125 0.034375
0 0.339844 0.138281 0.0421875 0.0390625
0 0.015625 0.174219 0.03125 0.0390625
0 0.736719 0.0179687 0.0328125 0.0359375
0 0.065625 0.459375 0.034375 0.040625
0 0.107813 0.608594 0.0375 0.0359375
0 0.75625 0.829687 0.040625 0.05
0 0.365625 0.175781 0.03125 0.0359375
0 0.675781 0.505469 0.0484375 0.0515625
0 0.557813 0.814062 0.0375 0.059375
0 0.767187 0.595312 0.034375 0.053125
0 0.0921875 0.174219 0.040625 0.0484375
0 0.05625 0.238281 0.034375 0.0390625
0 0.51875 0.759375 0.0375 0.04375
0 0.551562 0.266406 0.0625 0.0515625
0 0.65 0.780469 0.028125 0.0421875
0 0.567187 0.726562 0.046875 0.05625
0 0.421094 0.440625 0.0484375 0.05
0 0.889844 0.534375 0.0328125 0.040625
0 0.682813 0.557813 0.0375 0.040625
0 0.619531 0.35625 0.0390625 0.0375
0 0.430469 0.553906 0.0421875 0.0546875
0 0.258594 0.692187 0.0328125 0.034375
0 0.285937 0.708594 0.025 0.0421875
0 0.857031 0.538281 0.0328125 0.0484375
0 0.386719 0.620313 0.0296875 0.040625
0 0.238281 0.302344 0.0328125 0.0390625
0 0.0640625 0.544531 0.040625 0.0578125
0 0.835938 0.409375 0.040625 0.103125
0 0.417969 0.166406 0.0359375 0.0484375
0 0.94375 0.16875 0.053125 0.05625
0 0.798437 0.485938 0.034375 0.04375
0 0.8875 0.583594 0.04375 0.0453125
0 0.339844 0.601562 0.0453125 0.0625
0 0.978125 0.271875 0.0375 0.04375
0 0.386719 0.139062 0.0359375 0.046875
0 0.223438 0.485156 0.03125 0.0484375
0 0.509375 0.305469 0.028125 0.0421875
0 0.546875 0.321094 0.053125 0.0546875
0 0.883594 0.4375 0.0421875 0.08125
0 0.253125 0.35 0.0375 0.046875
0 0.252344 0.648438 0.0515625 0.05625
0 0.757812 0.4625 0.0375 0.046875
0 0.25625 0.56875 0.0375 0.040625
0 0.595312 0.542969 0.03125 0.0359375
0 0.719531 0.748438 0.0328125 0.053125
0 0.873438 0.0421875 0.034375 0.046875
0 0.928125 0.353906 0.03125 0.0359375
0 0.151562 0.710156 0.0375 0.0453125
0 0.577344 0.45625 0.0359375 0.05
0 0.629687 0.529688 0.03125 0.0375
0 0.754687 0.367188 0.03125 0.04375
0 0.589844 0.588281 0.0359375 0.0390625
0 0.385156 0.582031 0.0328125 0.0421875
0 0.391406 0.199219 0.0296875 0.0359375
0 0.553906 0.203125 0.0546875 0.053125
0 0.0179687 0.23125 0.0359375 0.046875
0 0.679688 0.773438 0.034375 0.05
0 0.865625 0.177344 0.053125 0.0609375
0 0.0171875 0.538281 0.034375 0.0546875
0 0.44375 0.114063 0.034375 0.05
0 0.786719 0.429688 0.0296875 0.053125
0 0.339844 0.675 0.0359375 0.04375
0 0.895312 0.347656 0.034375 0.0546875
0 0.425 0.290625 0.046875 0.05625
0 0.625 0.164844 0.034375 0.0390625
0 0.658594 0.264844 0.0453125 0.0453125
0 0.560156 0.620313 0.0328125 0.0375
0 0.540625 0.410937 0.04375 0.05
0 0.696875 0.602344 0.03125 0.0453125
0 0.19375 0.202344 0.034375 0.0390625
0 0.178906 0.402344 0.0328125 0.0453125
0 0.710156 0.352344 0.0390625 0.0484375
0 0.667969 0.101562 0.0390625 0.046875
0 0.930469 0.459375 0.0484375 0.059375
0 0.891406 0.679688 0.0390625 0.065625
0 0.172656 0.60625 0.0390625 0.05
0 0.310156 0.65 0.0328125 0.053125
0 0.0523437 0.339063 0.0390625 0.053125
0 0.034375 0.46875 0.0375 0.046875
0 0.421875 0.73125 0.04375 0.0625
0 0.65 0.480469 0.0375 0.0546875
0 0.422656 0.221094 0.0328125 0.0453125
0 0.298438 0.532812 0.0375 0.05
0 0.0914062 0.228125 0.0390625 0.046875
0 0.663281 0.311719 0.0421875 0.0421875
0 0.5 0.253906 0.05625 0.0546875
0 0.833594 0.592969 0.0421875 0.0546875
0 0.577344 0.383594 0.0359375 0.0453125
0 0.142969 0.453906 0.0515625 0.0515625
0 0.816406 0.175 0.0296875 0.046875
0 0.122656 0.08125 0.0640625 0.053125
0 0.727344 0.0992187 0.0609375 0.0765625
0 0.28125 0.484375 0.034375 0.046875
0 0.621094 0.424219 0.0515625 0.0609375
0 0.148438 0.135156 0.04375 0.0546875
0 0.203125 0.439063 0.040625 0.0375
0 0.767187 0.13125 0.05625 0.0625
0 0.0460938 0.197656 0.0328125 0.0359375
0 0.964063 0.559375 0.0375 0.05625
0 0.288281 0.228125 0.0453125 0.0625
0 0.3 0.808594 0.065625 0.0671875
0 0.316406 0.733594 0.0328125 0.0671875
0 0.190625 0.490625 0.03125 0.0375
0 0.810938 0.667969 0.034375 0.0609375
0 0.595312 0.133594 0.0375 0.0421875
0 0.0546875 0.403906 0.05625 0.0578125
0 0.117188 0.660156 0.053125 0.0546875
0 0.341406 0.521094 0.0328125 0.0609375
0 0.160156 0.65 0.0359375 0.040625
0 0.452344 0.605469 0.0359375 0.0453125
0 0.664062 0.178906 0.040625 0.0515625
0 0.821875 0.536719 0.034375 0.0578125
0 0.48125 0.733594 0.034375 0.0546875
0 0.13125 0.188281 0.04375 0.0515625
0 0.875 0.258594 0.034375 0.0453125
0 0.782812 0.720312 0.040625 0.0625
0 0.447656 0.0671875 0.0328125 0.040625
0 0.942187 0.405469 0.040625 0.0484375
0 0.510156 0.178906 0.0484375 0.0609375
0 0.267969 0.417188 0.0484375 0.0875
0 0.140625 0.575 0.04375 0.046875
0 0.059375 0.634375 0.053125 0.078125
0 0.692969 0.401563 0.0453125 0.053125
0 0.844531 0.494531 0.0359375 0.0484375
0 0.746875 0.420312 0.040625 0.05625
0 0.767187 0.270312 0.078125 0.0625
0 0.939062 0.520312 0.034375 0.046875
