0 0.421094 0.586719 0.0296875 0.0328125
0 0.992188 0.384375 0.015625 0.046875
0 0.292188 0.142969 0.03125 0.0515625
0 0.783594 0.530469 0.0265625 0.0328125
0 0.210938 0.0976562 0.025 0.0296875
0 0.33125 0.385938 0.021875 0.034375
0 0.277344 0.700781 0.0296875 0.0515625
0 0.302344 0.610937 0.0296875 0.03125
0 0.196094 0.207813 0.0234375 0.034375
0 0.0101562 0.208594 0.0203125 0.0515625
0 0.0992187 0.8125 0.0328125 0.040625
0 0.0125 0.504687 0.025 0.05
0 0.817187 0.560156 0.034375 0.0578125
0 0.403125 0.214844 0.028125 0.0296875
0 0.613281 0.535156 0.0296875 0.0359375
0 0.144531 0.339063 0.0265625 0.034375
0 0.825 0.721875 0.025 0.0375
0 0.238281 0.429688 0.0265625 0.025
0 0.141406 0.274219 0.0328125 0.0453125
0 0.360938 0.424219 0.028125 0.0484375
0 0.882031 0.2375 0.0328125 0.03125
0 0.350781 0.602344 0.0328125 0.0328125
0 0.767187 0.447656 0.040625 0.0546875
0 0.467187 0.623438 0.028125 0.034375
0 0.040625 0.303125 0.025 0.034375
0 0.729688 0.775781 0.03125 0.0390625
0 0.0101562 0.403906 0.0203125 0.0453125
0 0.442187 0.0851562 0.05 0.0671875
0 0.869531 0.416406 0.0453125 0.0546875
0 0.303906 0.274219 0.0421875 0.0578125
0 0.336719 0.760938 0.0234375 0.034375
0 0.834375 0.632031 0.034375 0.0484375
0 0.0359375 0.41875 0.03125 0.0375
0 0.113281 0.298438 0.0296875 0.04375
0 0.114844 0.64375 0.0234375 0.03125
0 0.2 0.348437 0.03125 0.0375
0 0.91875 0.142188 0.0375 0.05
0 0.676562 0.246875 0.0375 0.03125
0 0.589844 0.519531 0.0296875 0.0359375
0 0.0179687 0.28125 0.0359375 0.040625
0 0.146875 0.651563 0.0375 0.05
0 0.125781 0.770312 0.0359375 0.04375
0 0.974219 0.408594 0.0265625 0.0359375
0 0.474219 0.525781 0.0296875 0.0421875
0 0.179688 0.0789063 0.028125 0.0296875
0 0.217969 0.220313 0.0359375 0.0375
0 0.595312 0.0585938 0.03125 0.0296875
0 0.217187 0.472656 0.03125 0.0421875
0 0.272656 0.434375 0.0328125 0.034375
0 0.620313 0.571875 0.034375 0.0375
0 0.0765625 0.608594 0.034375 0.0421875
0 0.739062 0.114844 0.028125 0.0265625
0 0.572656 0.151562 0.0265625 0.03125
0 0.785156 0.1875 0.0390625 0.040625
0 0.0148437 0.451562 0.0296875 0.040625
0 0.247656 0.589063 0.0296875 0.0375
0 0.475 0.267188 0.028125 0.034375
0 0.290625 0.802344 0.03125 0.0453125
0 0.15625 0.39375 0.028125 0.0375
0 0.721875 0.375 0.04375 0.05625
0 0.653125 0.360156 0.0375 0.0453125
0 0.110937 0.383594 0.046875 0.0484375
0 0.178125 0.36875 0.025 0.028125
0 0.721875 0.147656 0.034375 0.0359375
0 0.183594 0.545313 0.0296875 0.0375
0 0.134375 0.171094 0.03125 0.0328125
0 0.546875 0.127344 0.040625 0.0390625
0 0.846094 0.692187 0.0359375 0.059375
0 0.114063 0.432813 0.034375 0.034375
0 0.735156 0.508594 0.0234375 0.0390625
0 0.835156 0.0585938 0.0453125 0.0390625
0 0.971094 0.653906 0.0390625 0.0453125
0 0.188281 0.129688 0.0515625 0.046875
0 0.721094 0.217187 0.0453125 0.03125
0 0.833594 0.507031 0.0296875 0.0359375
0 0.800781 0.446875 0.0265625 0.034375
0 0.065625 0.725 0.03125 0.04375
0 0.378125 0.361719 0.034375 0.0390625
0 0.285937 0.475781 0.046875 0.0453125
0 0.0164062 0.338281 0.0328125 0.0609375
0 0.19375 0.603125 0.03125 0.046875
0 0.0421875 0.465625 0.03125 0.034375
0 0.0132813 0.738281 0.0265625 0.0578125
0 0.461719 0.194531 0.0328125 0.0390625
0 0.0796875 0.528125 0.03125 0.034375
0 0.451562 0.603906 0.028125 0.0359375
0 0.701563 0.1 0.05625 0.053125
0 0.239063 0.275781 0.0375 0.0453125
0 0.167187 0.165625 0.03125 0.0375
0 0.9875 0.457031 0.025 0.0453125
0 0.989062 0.170312 0.021875 0.046875
0 0.244531 0.399219 0.0359375 0.0390625
0 0.59375 0.489844 0.03125 0.0421875
0 0.124219 0.123438 0.0421875 0.046875
0 0.252344 0.664062 0.0359375 0.05
0 0.03125 0.126563 0.0625 0.109375
0 0.489844 0.174219 0.0296875 0.0421875
0 0.771094 0.58125 0.0359375 0.046875
0 0.696094 0.339844 0.0390625 0.0390625
0 0.169531 0.435156 0.0390625 0.0359375
0 0.448438 0.559375 0.03125 0.040625
0 0.204688 0.517187 0.03125 0.0375
0 0.0164062 0.609375 0.0328125 0.04375
0 0.370313 0.307813 0.04375 0.0625
0 0.453906 0.317187 0.0984375 0.06875
0 0.0992187 0.733594 0.0359375 0.0421875
0 0.194531 0.727344 0.0296875 0.0421875
0 0.6375 0.247656 0.028125 0.0328125
0 0.23125 0.365625 0.0375 0.0375
0 0.870313 0.491406 0.034375 0.0546875
0 0.0945313 0.565625 0.0296875 0.0375
0 0.509375 0.524219 0.028125 0.0453125
0 0.492188 0.214844 0.0375 0.0390625
0 0.389844 0.654688 0.0328125 0.05
0 0.679688 0.179688 0.071875 0.046875
0 0.546094 0.486719 0.0328125 0.0359375
0 0.246094 0.505469 0.0296875 0.0453125
0 0.0742188 0.0867188 0.0390625 0.0390625
0 0.121094 0.68125 0.0296875 0.040625
0 0.353906 0.224219 0.0328125 0.0390625
0 0.258594 0.535937 0.0296875 0.040625
0 0.354688 0.514063 0.034375 0.0375
0 0.09375 0.250781 0.046875 0.0484375
0 0.504687 0.404687 0.096875 0.10625
0 0.034375 0.826563 0.03125 0.040625
0 0.834375 0.376563 0.04375 0.040625
0 0.457812 0.140625 0.040625 0.040625
0 0.439844 0.251563 0.0359375 0.040625
0 0.973437 0.499219 0.040625 0.0578125
0 0.396094 0.259375 0.0515625 0.06875
0 0.896094 0.628125 0.0359375 0.040625
0 0.578906 0.292188 0.0484375 0.071875
0 0.415625 0.184375 0.04375 0.05
0 0.321094 0.669531 0.0609375 0.110937
0 0.432813 0.520312 0.03125 0.034375
0 0.672656 0.653906 0.0421875 0.0484375
0 0.355469 0.557031 0.0390625 0.0453125
0 0.775781 0.696094 0.0359375 0.0421875
0 0.9625 0.607031 0.0375 0.0390625
0 0.928906 0.383594 0.0609375 0.0453125
0 0.53125 0.175781 0.0625 0.0484375
0 0.74375 0.605469 0.028125 0.0390625
0 0.169531 0.492188 0.0421875 0.05
0 0.494531 0.0757812 0.0609375 0.0609375
0 0.79375 0.0960938 0.03125 0.0421875
0 0.704687 0.728906 0.03125 0.0453125
0 0.921875 0.185937 0.0375 0.034375
0 0.390625 0.433594 0.034375 0.0359375
0 0.167187 0.315625 0.034375 0.046875
0 0.571094 0.0960938 0.0515625 0.0578125
0 0.903906 0.446875 0.0328125 0.0375
0 0.165625 0.589844 0.03125 0.0390625
0 0.759375 0.501562 0.028125 0.04375
0 0.677344 0.419531 0.0328125 0.0390625
0 0.482031 0.576563 0.0328125 0.053125
0 0.615625 0.421094 0.0625 0.0546875
0 0.279687 0.360938 0.053125 0.05
0 0.535156 0.564844 0.0390625 0.0578125
0 0.50625 0.608594 0.034375 0.0390625
0 0.728125 0.253125 0.03125 0.0375
0 0.901563 0.278125 0.05625 0.059375
0 0.121875 0.491406 0.0375 0.0609375
0 0.314063 0.582031 0.03125 0.0421875
0 0.242188 0.324219 0.040625 0.0484375
0 0.714063 0.446875 0.0375 0.059375
0 0.265625 0.782031 0.03125 0.0453125
0 0.764844 0.253125 0.0359375 0.046875
0 0.08125 0.478906 0.04375 0.0546875
0 0.319531 0.53125 0.0328125 0.04375
0 0.946875 0.439063 0.034375 0.05625
0 0.132031 0.571875 0.0390625 0.059375
0 0.758594 0.154687 0.0359375 0.040625
0 0.290625 0.203125 0.08125 0.065625
0 0.30625 0.403906 0.034375 0.0515625
0 0.0789063 0.66875 0.0484375 0.0625
0 0.314063 0.316406 0.0375 0.0390625
0 0.090625 0.330469 0.03125 0.0390625
0 0.394531 0.519531 0.0359375 0.0484375
0 0.696094 0.536719 0.0546875 0.0546875
0 0.0539063 0.347656 0.0328125 0.0421875
0 0.832812 0.210156 0.04375 0.0515625
0 0.642187 0.303125 0.05625 0.059375
0 0.8375 0.445312 0.040625 0.05625
0 0.7625 0.382812 0.0375 0.059375
0 0.0609375 0.569531 0.03125 0.0421875
0 0.739844 0.655469 0.0390625 0.0546875
0 0.821094 0.155469 0.0515625 0.0578125
0 0.378125 0.592969 0.03125 0.0453125
0 0.359375 0.171094 0.059375 0.0671875
0 0.307813 0.764063 0.03125 0.0375
0 0.159375 0.698438 0.0375 0.05
0 0.807813 0.678906 0.034375 0.0515625
0 0.542969 0.2625 0.0359375 0.05
0 0.269531 0.242969 0.0328125 0.0390625
0 0.560938 0.378125 0.05 0.071875
0 0.278125 0.577344 0.034375 0.0390625
0 0.608594 0.357812 0.0484375 0.05
0 0.385156 0.096875 0.0796875 0.08125
0 0.432813 0.410156 0.059375 0.0703125
0 0.83125 0.107813 0.040625 0.05
0 0.639844 0.0789063 0.0515625 0.0515625
0 0.602344 0.191406 0.0546875 0.0609375
0 0.660156 0.478906 0.0765625 0.0765625
0 0.802344 0.407031 0.0328125 0.0484375
