0 0.696875 0.404687 0.03125 0.040625
0 0.423438 0.21875 0.03125 0.040625
0 0.454688 0.689844 0.03125 0.0265625
0 0.670313 0.271875 0.03125 0.034375
0 0.646875 0.488281 0.025 0.0359375
0 0.425 0.417188 0.04375 0.053125
0 0.107813 0.579687 0.025 0.034375
0 0.7125 0.734375 0.0375 0.05625
0 0.296875 0.735937 0.028125 0.03125
0 0.622656 0.55625 0.0296875 0.04375
0 0.552344 0.507812 0.0296875 0.034375
0 0.842969 0.614844 0.0296875 0.0453125
0 0.964844 0.345313 0.0265625 0.040625
0 0.127344 0.203125 0.0296875 0.04375
0 0.0257812 0.60625 0.0390625 0.05
0 0.54375 0.315625 0.021875 0.03125
0 0.0507812 0.449219 0.0265625 0.0421875
0 0.454688 0.561719 0.034375 0.0359375
0 0.319531 0.496875 0.0234375 0.034375
0 0.264062 0.128906 0.028125 0.0359375
0 0.667188 0.332812 0.025 0.05
0 0.326562 0.363281 0.034375 0.0390625
0 0.121875 0.49375 0.03125 0.03125
0 0.974219 0.538281 0.0296875 0.0328125
0 0.0164062 0.689062 0.0296875 0.05625
0 0.427344 0.498437 0.0234375 0.03125
0 0.507031 0.580469 0.0296875 0.0390625
0 0.989062 0.36875 0.01875 0.040625
0 0.934375 0.442969 0.028125 0.0546875
0 0.684375 0.0171875 0.040625 0.03125
0 0.303906 0.326562 0.0328125 0.034375
0 0.34375 0.454688 0.040625 0.065625
0 0.755469 0.3625 0.0296875 0.053125
0 0.00859375 0.217187 0.0171875 0.0375
0 0.975781 0.502344 0.0328125 0.0390625
0 0.438281 0.814844 0.0265625 0.0359375
0 0.834375 0.0921875 0.034375 0.046875
0 0.274219 0.451562 0.0359375 0.040625
0 0.0117188 0.328125 0.0234375 0.034375
0 0.711719 0.25 0.0296875 0.059375
0 0.15625 0.227344 0.028125 0.0390625
0 0.649219 0.546094 0.0265625 0.0359375
0 0.0796875 0.707031 0.034375 0.0546875
0 0.251563 0.236719 0.034375 0.0640625
0 0.161719 0.65 0.0359375 0.04375
0 0.68125 0.190625 0.03125 0.034375
0 0.059375 0.514844 0.028125 0.0328125
0 0.276563 0.717188 0.03125 0.040625
0 0.709375 0.296094 0.028125 0.0328125
0 0.972656 0.674219 0.0359375 0.0515625
0 0.484375 0.375 0.025 0.04375
0 0.186719 0.667969 0.0328125 0.0390625
0 0.65625 0.520312 0.03125 0.0375
0 0.884375 0.157813 0.05 0.059375
0 0.629687 0.688281 0.025 0.0390625
0 0.402344 0.660156 0.0296875 0.0390625
0 0.740625 0.589844 0.028125 0.0453125
0 0.897656 0.592188 0.0328125 0.04375
0 0.332031 0.767187 0.0296875 0.03125
0 0.0953125 0.31875 0.04375 0.06875
0 0.19375 0.149219 0.028125 0.0390625
0 0.115625 0.608594 0.03125 0.0390625
0 0.678125 0.382812 0.028125 0.034375
0 0.267188 0.290625 0.021875 0.03125
0 0.0140625 0.267188 0.028125 0.04375
0 0.203125 0.528906 0.028125 0.0328125
0 0.252344 0.48125 0.0421875 0.034375
0 0.714063 0.195312 0.03125 0.034375
0 0.865625 0.507812 0.034375 0.053125
0 0.053125 0.360938 0.034375 0.03125
0 0.300781 0.552344 0.0328125 0.0515625
0 0.24375 0.29375 0.021875 0.040625
0 0.50625 0.435937 0.025 0.0375
0 0.371875 0.536719 0.03125 0.0328125
0 0.394531 0.74375 0.0359375 0.0375
0 0.796094 0.428906 0.0265625 0.0390625
0 0.441406 0.766406 0.0515625 0.0546875
0 0.260156 0.830469 0.0265625 0.0359375
0 0.508594 0.517187 0.0296875 0.04375
0 0.359375 0.765625 0.028125 0.0375
0 0.203125 0.232812 0.05 0.0875
0 0.667969 0.148438 0.0328125 0.040625
0 0.617188 0.321094 0.025 0.0421875
0 0.600781 0.526563 0.0328125 0.0375
0 0.810156 0.839844 0.0234375 0.0359375
0 0.735156 0.554688 0.0265625 0.0375
0 0.121875 0.539844 0.03125 0.0421875
0 0.266406 0.671875 0.0296875 0.03125
0 0.015625 0.367969 0.03125 0.0453125
0 0.202344 0.467969 0.0328125 0.0390625
0 0.930469 0.584375 0.0328125 0.05625
0 0.245312 0.360938 0.046875 0.071875
0 0.824219 0.333594 0.0296875 0.0328125
0 0.452344 0.534375 0.0390625 0.0375
0 0.0953125 0.160938 0.0375 0.053125
0 0.310156 0.0734375 0.0328125 0.04375
0 0.0609375 0.398438 0.03125 0.04375
0 0.0859375 0.765625 0.034375 0.0375
0 0.421094 0.703125 0.0296875 0.034375
0 0.703125 0.514844 0.028125 0.0390625
0 0.645312 0.327344 0.025 0.0484375
0 0.257031 0.527344 0.0328125 0.0484375
0 0.157813 0.190625 0.028125 0.034375
0 0.164844 0.471875 0.0359375 0.034375
0 0.289844 0.346875 0.0328125 0.034375
0 0.346094 0.325781 0.0265625 0.0453125
0 0.533594 0.442969 0.0265625 0.0359375
0 0.1375 0.307813 0.034375 0.05
0 0.053125 0.558594 0.034375 0.0515625
0 0.919531 0.634375 0.0234375 0.034375
0 0.213281 0.289844 0.0328125 0.0421875
0 0.871094 0.750781 0.0265625 0.0328125
0 0.2125 0.409375 0.04375 0.059375
0 0.115625 0.441406 0.040625 0.0640625
0 0.545313 0.574219 0.0375 0.0578125
0 0.0320312 0.483594 0.0359375 0.0359375
0 0.592188 0.482812 0.03125 0.059375
0 0.271875 0.0960938 0.0375 0.0453125
0 0.592188 0.0585938 0.046875 0.0421875
0 0.789062 0.330469 0.028125 0.0640625
0 0.935938 0.68125 0.0375 0.046875
0 0.0859375 0.645312 0.034375 0.040625
0 0.735156 0.442187 0.0296875 0.05625
0 0.335938 0.567969 0.03125 0.0359375
0 0.6875 0.830469 0.028125 0.0546875
0 0.308594 0.81875 0.0296875 0.046875
0 0.288281 0.235156 0.0359375 0.0546875
0 0.0789063 0.210938 0.0359375 0.0375
0 0.760156 0.314063 0.0296875 0.0375
0 0.7125 0.594531 0.03125 0.0359375
0 0.561719 0.414844 0.0453125 0.0484375
0 0.317969 0.216406 0.0359375 0.0578125
0 0.382812 0.617188 0.03125 0.04375
0 0.282813 0.88125 0.046875 0.05625
0 0.645312 0.376563 0.028125 0.034375
0 0.209375 0.769531 0.034375 0.0421875
0 0.640625 0.642187 0.03125 0.053125
0 0.197656 0.558594 0.0265625 0.0328125
0 0.652344 0.591406 0.0296875 0.0390625
0 0.344531 0.521875 0.0296875 0.040625
0 0.470313 0.13125 0.03125 0.034375
0 0.657812 0.684375 0.03125 0.0375
0 0.136719 0.629687 0.0328125 0.0375
0 0.58125 0.714063 0.028125 0.046875
0 0.778125 0.664844 0.046875 0.0671875
0 0.24375 0.183594 0.03125 0.0359375
0 0.68125 0.557031 0.034375 0.0515625
0 0.0523437 0.0679687 0.0359375 0.0515625
0 0.255469 0.411719 0.0265625 0.0328125
0 0.45 0.658594 0.034375 0.0359375
0 0.034375 0.776563 0.04375 0.05
0 0.825 0.425 0.034375 0.0625
0 0.294531 0.275 0.0359375 0.0375
0 0.0765625 0.591406 0.040625 0.0546875
0 0.742188 0.167187 0.053125 0.065625
0 0.01875 0.530469 0.0375 0.0484375
0 0.0390625 0.704687 0.028125 0.0375
0 0.191406 0.194531 0.0265625 0.0453125
0 0.746875 0.260938 0.0375 0.071875
0 0.15 0.54375 0.034375 0.05
0 0.590625 0.586719 0.034375 0.0578125
0 0.832812 0.730469 0.0375 0.0453125
0 0.867188 0.696875 0.034375 0.05
0 0.946875 0.638281 0.025 0.0328125
0 0.03125 0.408594 0.028125 0.0296875
0 0.849219 0.059375 0.0359375 0.034375
0 0.433594 0.35625 0.0515625 0.05
0 0.394531 0.503906 0.0328125 0.0421875
0 0.434375 0.271094 0.034375 0.0359375
0 0.499219 0.173438 0.0328125 0.040625
0 0.961719 0.396094 0.0359375 0.0484375
0 0.127344 0.366406 0.0359375 0.0515625
0 0.185156 0.440625 0.0328125 0.034375
0 0.221094 0.128906 0.0390625 0.0515625
0 0.698438 0.332812 0.03125 0.053125
0 0.540625 0.694531 0.0375 0.0515625
0 0.382031 0.365625 0.0296875 0.040625
0 0.633594 0.273438 0.0296875 0.046875
0 0.775 0.535156 0.04375 0.0546875
0 0.332812 0.722656 0.040625 0.0453125
0 0.964844 0.586719 0.0421875 0.0609375
0 0.0171875 0.444531 0.034375 0.0390625
0 0.197656 0.7125 0.0390625 0.05625
0 0.171094 0.507812 0.0390625 0.04375
0 0.294531 0.628125 0.0328125 0.04375
0 0.45 0.609375 0.034375 0.0375
0 0.692969 0.640625 0.0453125 0.05
0 0.341406 0.817187 0.0390625 0.065625
0 0.157031 0.121875 0.0640625 0.096875
0 0.189844 0.371094 0.0328125 0.0484375
0 0.654688 0.451562 0.03125 0.04375
0 0.398438 0.109375 0.096875 0.1125
0 0.173438 0.320312 0.040625 0.059375
0 0.346094 0.28125 0.0484375 0.046875
0 0.384375 0.830469 0.03125 0.0578125
0 0.410156 0.546094 0.0328125 0.0453125
0 0.232031 0.829687 0.0359375 0.05
0 0.557031 0.472656 0.0296875 0.0453125
0 0.478125 0.59375 0.03125 0.04375
0 0.501562 0.285156 0.0375 0.0421875
0 0.303125 0.679688 0.040625 0.046875
0 0.326562 0.145313 0.059375 0.084375
0 0.314844 0.458594 0.0265625 0.0390625
0 0.566406 0.76875 0.0453125 0.075
0 0.158594 0.417188 0.0390625 0.0625
0 0.491406 0.742188 0.0984375 0.065625
0 0.471875 0.888281 0.040625 0.0671875
0 0.516406 0.355469 0.0359375 0.0640625
0 0.775781 0.85625 0.0390625 0.075
0 0.0929687 0.0929687 0.0515625 0.0671875
0 0.239844 0.721094 0.0390625 0.0546875
0 0.892969 0.650781 0.0328125 0.0453125
0 0.657812 0.0671875 0.034375 0.040625
0 0.225781 0.657812 0.0390625 0.05625
0 0.736719 0.826563 0.0453125 0.0625
0 0.849219 0.371094 0.0390625 0.0484375
0 0.046875 0.313281 0.040625 0.0578125
0 0.735156 0.507031 0.0359375 0.0484375
0 0.207813 0.615625 0.034375 0.04375
0 0.79375 0.0703125 0.040625 0.0625
0 0.767187 0.43125 0.0375 0.05625
0 0.458594 0.469531 0.0453125 0.0578125
0 0.34375 0.609375 0.0375 0.040625
0 0.739062 0.641406 0.034375 0.0421875
0 0.0476562 0.657812 0.0359375 0.05
0 0.817187 0.55 0.040625 0.046875
0 0.11875 0.665625 0.034375 0.040625
0 0.807813 0.478125 0.0375 0.053125
0 0.916406 0.384375 0.0421875 0.053125
0 0.934375 0.342969 0.034375 0.0421875
0 0.577344 0.308594 0.0390625 0.0484375
0 0.8875 0.441406 0.05625 0.0828125
0 0.864062 0.248437 0.05 0.059375
0 0.5625 0.654688 0.04375 0.059375
0 0.445312 0.174219 0.05 0.0453125
0 0.388281 0.240625 0.0421875 0.06875
0 0.15 0.707031 0.05 0.0578125
0 0.264844 0.777344 0.0515625 0.0671875
0 0.792969 0.145313 0.0515625 0.071875
0 0.491406 0.678906 0.0359375 0.0484375
0 0.392188 0.317187 0.034375 0.040625
0 0.811719 0.210938 0.0671875 0.053125
0 0.482031 0.21875 0.0359375 0.0625
0 0.907031 0.285156 0.0421875 0.0859375
0 0.802344 0.267188 0.0546875 0.05625
0 0.779688 0.782031 0.046875 0.0640625
0 0.510938 0.132812 0.0375 0.04375
0 0.733594 0.0859375 0.0796875 0.084375
