0 0.332031 0.594531 0.0265625 0.0390625
0 0.685156 0.0703125 0.0203125 0.0375
0 0.352344 0.704687 0.0234375 0.0375
0 0.253125 0.594531 0.025 0.0390625
0 0.992969 0.378906 0.0140625 0.0515625
0 0.442187 0.184375 0.021875 0.034375
0 0.235156 0.411719 0.0296875 0.0421875
0 0.860937 0.585156 0.028125 0.0390625
0 0.589844 0.896094 0.0234375 0.0546875
0 0.0164062 0.278125 0.0328125 0.034375
0 0.917188 0.253906 0.03125 0.0328125
0 0.817969 0.220313 0.0359375 0.0375
0 0.224219 0.473437 0.0296875 0.028125
0 0.367188 0.0671875 0.021875 0.040625
0 0.125781 0.3375 0.0328125 0.05
0 0.461719 0.474219 0.0328125 0.0296875
0 0.034375 0.346875 0.03125 0.03125
0 0.246875 0.135156 0.025 0.0328125
0 0.739062 0.49375 0.03125 0.028125
0 0.645312 0.242969 0.121875 0.226562
0 0.4625 0.554688 0.028125 0.034375
0 0.983594 0.0898438 0.0328125 0.0453125
0 0.210156 0.628125 0.0328125 0.0375
0 0.388281 0.0640625 0.0203125 0.03125
0 0.463281 0.7125 0.0296875 0.046875
0 0.280469 0.426562 0.0234375 0.034375
0 0.29375 0.63125 0.028125 0.03125
0 0.244531 0.448438 0.0265625 0.03125
0 0.598437 0.096875 0.040625 0.034375
0 0.576563 0.532031 0.034375 0.0359375
0 0.375781 0.66875 0.0421875 0.05
0 0.225781 0.322656 0.0390625 0.0328125
0 0.2625 0.636719 0.028125 0.0359375
0 0.10625 0.529688 0.0375 0.04375
0 0.803125 0.570312 0.028125 0.05
0 0.136719 0.427344 0.0234375 0.0328125
0 0.372656 0.739844 0.0296875 0.0359375
0 0.865625 0.235938 0.03125 0.03125
0 0.183594 0.675781 0.0390625 0.0453125
0 0.264844 0.688281 0.0234375 0.0359375
0 0.739062 0.533594 0.034375 0.0296875
0 0.457031 0.25625 0.0484375 0.103125
0 0.0125 0.333594 0.025 0.0359375
0 0.569531 0.439063 0.0265625 0.028125
0 0.929688 0.171094 0.04375 0.0453125
0 0.319531 0.707812 0.0390625 0.05
0 0.425781 0.721875 0.0390625 0.046875
0 0.595312 0.416406 0.03125 0.0265625
0 0.288281 0.166406 0.0328125 0.0328125
0 0.528906 0.780469 0.0296875 0.0453125
0 0.577344 0.836719 0.0296875 0.0546875
0 0.876562 0.717188 0.0375 0.0625
0 0.101562 0.0914062 0.028125 0.0296875
0 0.955469 0.478125 0.0296875 0.04375
0 0.134375 0.103906 0.03125 0.0390625
0 0.444531 0.5375 0.0296875 0.04375
0 0.147656 0.660156 0.0328125 0.0546875
0 0.296094 0.352344 0.0296875 0.0390625
0 0.619531 0.617188 0.0328125 0.053125
0 0.376563 0.485156 0.034375 0.0453125
0 0.973437 0.184375 0.03125 0.0375
0 0.0359375 0.43125 0.03125 0.03125
0 0.232031 0.502344 0.0265625 0.0328125
0 0.216406 0.152344 0.0265625 0.0328125
0 0.789844 0.708594 0.0390625 0.0671875
0 0.659375 0.583594 0.03125 0.0546875
0 0.741406 0.579687 0.0234375 0.04375
0 0.747656 0.621875 0.0328125 0.04375
0 0.485938 0.549219 0.0375 0.0421875
0 0.428125 0.452344 0.03125 0.0453125
0 0.263281 0.402344 0.0328125 0.0421875
0 0.257812 0.479688 0.03125 0.034375
0 0.354688 0.369531 0.0375 0.0421875
0 0.598437 0.489062 0.034375 0.03125
0 0.890625 0.265625 0.028125 0.03125
0 0.299219 0.573438 0.0390625 0.05
0 0.021875 0.244531 0.034375 0.0328125
0 0.380469 0.301562 0.0296875 0.04375
0 0.0960938 0.621094 0.0328125 0.0328125
0 0.66875 0.641406 0.034375 0.0453125
0 0.792188 0.05 0.040625 0.046875
0 0.507031 0.159375 0.0453125 0.071875
0 0.628125 0.752344 0.03125 0.0515625
0 0.159375 0.344531 0.03125 0.0359375
0 0.239063 0.289062 0.03125 0.034375
0 0.18125 0.615625 0.028125 0.0375
0 0.564062 0.179688 0.034375 0.053125
0 0.365625 0.569531 0.028125 0.0359375
0 0.340625 0.0640625 0.025 0.03125
0 0.0164062 0.475781 0.0328125 0.0453125
0 0.870313 0.308594 0.03125 0.0578125
0 0.403906 0.471094 0.0296875 0.0359375
0 0.264844 0.364844 0.0328125 0.0328125
0 0.227344 0.0929687 0.0296875 0.0328125
0 0.0695312 0.221875 0.0515625 0.053125
0 0.271875 0.10625 0.04375 0.053125
0 0.408594 0.194531 0.0359375 0.0453125
0 0.183594 0.172656 0.0328125 0.0359375
0 0.232812 0.650781 0.03125 0.0421875
0 0.839844 0.684375 0.0359375 0.059375
0 0.547656 0.621094 0.0296875 0.0421875
0 0.933594 0.0335938 0.0328125 0.0421875
0 0.569531 0.229687 0.0328125 0.0375
0 0.310156 0.452344 0.0234375 0.0359375
0 0.204688 0.441406 0.03125 0.0328125
0 0.467969 0.650781 0.0265625 0.0421875
0 0.596875 0.377344 0.05 0.0640625
0 0.553125 0.80625 0.03125 0.05625
0 0.490625 0.845312 0.025 0.05
0 0.520312 0.655469 0.034375 0.0453125
0 0.182031 0.119531 0.0453125 0.0421875
0 0.448438 0.852344 0.04375 0.0703125
0 0.289844 0.0640625 0.0328125 0.034375
0 0.719531 0.025 0.0796875 0.046875
0 0.482031 0.792188 0.0359375 0.053125
0 0.140625 0.20625 0.0375 0.05
0 0.1875 0.316406 0.025 0.0296875
0 0.901563 0.071875 0.040625 0.05625
0 0.382031 0.795313 0.0359375 0.0625
0 0.466406 0.503906 0.0265625 0.0328125
0 0.889844 0.475781 0.0328125 0.0578125
0 0.591406 0.678906 0.0265625 0.0390625
0 0.210938 0.40625 0.025 0.034375
0 0.31875 0.759375 0.040625 0.0625
0 0.0226563 0.65625 0.0390625 0.05625
0 0.178906 0.25 0.0328125 0.053125
0 0.221875 0.54375 0.053125 0.05625
0 0.0648438 0.289844 0.0328125 0.0359375
0 0.896094 0.224219 0.0328125 0.0359375
0 0.566406 0.725781 0.0359375 0.0734375
0 0.339844 0.807813 0.0328125 0.046875
0 0.305469 0.389844 0.0328125 0.0421875
0 0.209375 0.185937 0.025 0.03125
0 0.519531 0.825781 0.0234375 0.0453125
0 0.342187 0.538281 0.028125 0.0421875
0 0.467969 0.439063 0.0328125 0.034375
0 0.81875 0.775 0.046875 0.065625
0 0.169531 0.819531 0.0453125 0.0671875
0 0.901563 0.582812 0.04375 0.046875
0 0.703125 0.648438 0.028125 0.046875
0 0.733594 0.182812 0.0390625 0.0625
0 0.370313 0.158594 0.03125 0.0421875
0 0.201562 0.284375 0.0375 0.04375
0 0.957812 0.39375 0.034375 0.06875
0 0.1125 0.263281 0.071875 0.0734375
0 0.345313 0.495313 0.028125 0.0375
0 0.294531 0.200781 0.0359375 0.0359375
0 0.377344 0.340625 0.0296875 0.034375
0 0.398438 0.703125 0.034375 0.046875
0 0.541406 0.560938 0.0359375 0.040625
0 0.221875 0.592969 0.03125 0.0359375
0 0.314063 0.491406 0.034375 0.0359375
0 0.325781 0.634375 0.0328125 0.0375
0 0.4 0.257812 0.0375 0.04375
0 0.622656 0.676562 0.0296875 0.053125
0 0.609375 0.059375 0.025 0.028125
0 0.474219 0.321875 0.0296875 0.0375
0 0.347656 0.314063 0.0296875 0.05
0 0.771094 0.770312 0.0296875 0.05
0 0.324219 0.184375 0.0328125 0.0375
0 0.790625 0.335938 0.04375 0.059375
0 0.134375 0.464844 0.034375 0.0484375
0 0.396094 0.40625 0.0421875 0.078125
0 0.419531 0.0867188 0.0296875 0.0390625
0 0.528125 0.272656 0.046875 0.0609375
0 0.501562 0.303906 0.0375 0.0484375
0 0.417188 0.526563 0.028125 0.0375
0 0.65 0.40625 0.03125 0.034375
0 0.175781 0.45625 0.0328125 0.0375
0 0.454688 0.38125 0.040625 0.04375
0 0.253125 0.198437 0.0375 0.046875
0 0.828125 0.10625 0.08125 0.075
0 0.447656 0.0601562 0.0390625 0.0390625
0 0.727344 0.278906 0.0515625 0.0984375
0 0.360938 0.20625 0.034375 0.05
0 0.754687 0.447656 0.040625 0.0515625
0 0.679688 0.753125 0.034375 0.046875
0 0.528125 0.216406 0.040625 0.0421875
0 0.8625 0.401563 0.040625 0.0625
0 0.596094 0.75 0.0296875 0.059375
0 0.286719 0.533594 0.0296875 0.0328125
0 0.689062 0.336719 0.034375 0.0453125
0 0.03125 0.116406 0.0625 0.0546875
0 0.521094 0.614844 0.0296875 0.0421875
0 0.708594 0.58125 0.0359375 0.059375
0 0.653125 0.707812 0.034375 0.05
0 0.175781 0.545313 0.0359375 0.05
0 0.835938 0.310156 0.034375 0.0515625
0 0.828906 0.446094 0.0359375 0.0953125
0 0.8125 0.179688 0.040625 0.04375
0 0.185156 0.583594 0.0328125 0.0390625
0 0.145313 0.590625 0.040625 0.053125
0 0.851562 0.159375 0.0375 0.040625
0 0.414844 0.309375 0.0328125 0.046875
0 0.0390625 0.316406 0.034375 0.0359375
0 0.595312 0.454688 0.03125 0.04375
0 0.628906 0.527344 0.0359375 0.0546875
0 0.096875 0.496094 0.034375 0.0421875
0 0.0867188 0.153906 0.0609375 0.0640625
0 0.833594 0.616406 0.0359375 0.0578125
0 0.439844 0.579687 0.0328125 0.04375
0 0.291406 0.675 0.0328125 0.05
0 0.364844 0.114063 0.0328125 0.040625
0 0.396875 0.571094 0.0375 0.0546875
0 0.490625 0.476562 0.025 0.040625
0 0.464063 0.124219 0.0375 0.0515625
0 0.657812 0.457812 0.0375 0.065625
0 0.558594 0.340625 0.0453125 0.059375
0 0.166406 0.407031 0.0453125 0.0515625
0 0.324219 0.145313 0.0390625 0.0375
0 0.346875 0.446094 0.03125 0.0484375
0 0.436719 0.632812 0.0390625 0.05
0 0.424219 0.670313 0.0359375 0.04375
0 0.700781 0.455469 0.0390625 0.0578125
0 0.528906 0.405469 0.0546875 0.0796875
0 0.704687 0.119531 0.040625 0.0484375
0 0.235156 0.694531 0.0421875 0.0578125
0 0.860937 0.0460938 0.0375 0.0390625
0 0.0882813 0.355469 0.0359375 0.0734375
0 0.275781 0.320312 0.0359375 0.040625
0 0.0375 0.514063 0.034375 0.05625
0 0.269531 0.74375 0.0421875 0.071875
0 0.853125 0.202344 0.0375 0.0421875
0 0.108594 0.409375 0.0421875 0.05
0 0.313281 0.250781 0.0703125 0.0578125
0 0.763281 0.117188 0.0328125 0.046875
0 0.860937 0.528125 0.040625 0.059375
0 0.784375 0.267188 0.059375 0.059375
0 0.335938 0.40625 0.03125 0.0375
0 0.557031 0.0648438 0.0390625 0.0390625
0 0.732031 0.071875 0.0390625 0.046875
0 0.574219 0.283594 0.0359375 0.0484375
0 0.0335938 0.582031 0.0390625 0.0609375
0 0.65 0.0835937 0.046875 0.0796875
0 0.885938 0.182031 0.03125 0.0359375
0 0.314844 0.530469 0.0296875 0.0390625
0 0.415625 0.140625 0.053125 0.071875
0 0.678125 0.283594 0.034375 0.0515625
