0 0.689062 0.222656 0.025 0.0453125
0 0.835156 0.217969 0.0296875 0.0328125
0 0.539062 0.446094 0.028125 0.0296875
0 0.06875 0.416406 0.028125 0.0296875
0 0.821094 0.657031 0.0296875 0.0484375
0 0.01875 0.572656 0.034375 0.0421875
0 0.0539063 0.576563 0.0296875 0.034375
0 0.710938 0.426562 0.025 0.034375
0 0.221875 0.778125 0.05 0.046875
0 0.860156 0.110156 0.0390625 0.0515625
0 0.132812 0.021875 0.0625 0.04375
0 0.36875 0.792188 0.04375 0.053125
0 0.417188 0.363281 0.028125 0.0359375
0 0.20625 0.184375 0.03125 0.03125
0 0.834375 0.414062 0.0375 0.034375
0 0.0546875 0.719531 0.0375 0.0421875
0 0.833594 0.285156 0.0265625 0.0390625
0 0.666406 0.577344 0.0453125 0.0484375
0 0.526563 0.861719 0.05 0.0609375
0 0.678906 0.710938 0.0234375 0.034375
0 0.440625 0.439844 0.028125 0.0359375
0 0.352344 0.863281 0.0484375 0.0515625
0 0.0265625 0.282813 0.040625 0.05625
0 0.969531 0.424219 0.0546875 0.0609375
0 0.899219 0.103906 0.0296875 0.0265625
0 0.454688 0.382031 0.034375 0.0421875
0 0.790625 0.632031 0.03125 0.0453125
0 0.245312 0.342187 0.040625 0.053125
0 0.228125 0.30625 0.040625 0.071875
0 0.75625 0.0203125 0.028125 0.0375
0 0.85625 0.449219 0.0375 0.0421875
0 0.2625 0.441406 0.028125 0.0328125
0 0.565625 0.632031 0.059375 0.0796875
0 0.15625 0.44375 0.03125 0.03125
0 0.0125 0.696875 0.025 0.046875
0 0.267969 0.395312 0.0265625 0.040625
0 0.560156 0.785937 0.0421875 0.06875
0 0.0835937 0.739062 0.0296875 0.053125
0 0.186719 0.303125 0.0359375 0.046875
0 0.602344 0.432031 0.0390625 0.0703125
0 0.940625 0.053125 0.03125 0.040625
0 0.053125 0.344531 0.04375 0.0453125
0 0.192188 0.140625 0.06875 0.1
0 0.570312 0.359375 0.025 0.034375
0 0.0390625 0.474219 0.034375 0.0421875
0 0.346094 0.717969 0.0265625 0.0359375
0 0.874219 0.696875 0.0296875 0.059375
0 0.844531 0.79375 0.0328125 0.053125
0 0.601562 0.696094 0.03125 0.0453125
0 0.385938 0.316406 0.03125 0.0359375
0 0.417969 0.458594 0.0328125 0.0390625
0 0.721094 0.196094 0.0296875 0.0328125
0 0.132812 0.11875 0.0375 0.046875
0 0.08125 0.29375 0.034375 0.046875
0 0.273438 0.525781 0.03125 0.0390625
0 0.886719 0.291406 0.0296875 0.0359375
0 0.489062 0.317969 0.0625 0.0953125
0 0.151562 0.292188 0.03125 0.034375
0 0.853906 0.174219 0.0359375 0.0421875
0 0.878125 0.0726563 0.03125 0.0328125
0 0.811719 0.792969 0.0265625 0.0484375
0 0.299219 0.28125 0.0453125 0.065625
0 0.0140625 0.533594 0.028125 0.0484375
0 0.0757812 0.378125 0.0359375 0.0375
0 0.647656 0.485938 0.0296875 0.040625
0 0.652344 0.346875 0.0546875 0.08125
0 0.0851562 0.578906 0.0296875 0.0359375
0 0.715625 0.59375 0.040625 0.05
0 0.0601562 0.0648438 0.0359375 0.0421875
0 0.348437 0.273438 0.040625 0.0625
0 0.0171875 0.752344 0.034375 0.0421875
0 0.547656 0.479688 0.0265625 0.034375
0 0.889844 0.78125 0.0296875 0.0625
0 0.586719 0.846094 0.0390625 0.0546875
0 0.940625 0.36875 0.040625 0.0625
0 0.161719 0.582031 0.0421875 0.0671875
0 0.541406 0.709375 0.0328125 0.053125
0 0.175781 0.820312 0.0359375 0.065625
0 0.885938 0.025 0.046875 0.046875
0 0.20625 0.44375 0.0375 0.0375
0 0.542969 0.09375 0.0328125 0.046875
0 0.674219 0.80625 0.0359375 0.05
0 0.117188 0.1625 0.03125 0.0375
0 0.926562 0.167187 0.028125 0.034375
0 0.985156 0.332031 0.0296875 0.0484375
0 0.389844 0.353125 0.0234375 0.0375
0 0.957812 0.5625 0.03125 0.05625
0 0.613281 0.132031 0.0390625 0.0546875
0 0.254687 0.217187 0.0375 0.040625
0 0.9 0.4125 0.034375 0.05
0 0.385938 0.748438 0.034375 0.04375
0 0.253125 0.270312 0.03125 0.034375
0 0.488281 0.523438 0.0328125 0.04375
0 0.642187 0.198437 0.040625 0.05
0 0.770312 0.253125 0.0375 0.04375
0 0.309375 0.503125 0.028125 0.040625
0 0.786719 0.858594 0.0484375 0.0703125
0 0.1125 0.297656 0.03125 0.0328125
0 0.0867188 0.117188 0.0359375 0.053125
0 0.676562 0.425781 0.0375 0.0515625
0 0.761719 0.486719 0.0484375 0.0671875
0 0.2 0.357812 0.03125 0.053125
0 0.128906 0.505469 0.0328125 0.0515625
0 0.9375 0.613281 0.0375 0.0484375
0 0.703906 0.329688 0.0328125 0.0625
0 0.397656 0.396094 0.0359375 0.0515625
0 0.910156 0.071875 0.0265625 0.034375
0 0.598437 0.353125 0.03125 0.046875
0 0.939062 0.121875 0.034375 0.040625
0 0.392188 0.517187 0.0375 0.053125
0 0.714844 0.753125 0.0359375 0.046875
0 0.905469 0.140625 0.0359375 0.040625
0 0.175781 0.332031 0.0328125 0.0390625
0 0.0578125 0.630469 0.046875 0.0453125
0 0.25 0.609375 0.115625 0.125
0 0.920313 0.292969 0.0375 0.0484375
0 0.604688 0.210938 0.040625 0.05
0 0.146094 0.749219 0.0546875 0.0546875
0 0.572656 0.722656 0.0359375 0.0515625
0 0.324219 0.371094 0.0296875 0.0453125
0 0.078125 0.488281 0.0375 0.0515625
0 0.925 0.220313 0.0375 0.0625
0 0.516406 0.652344 0.0328125 0.0546875
0 0.35 0.496094 0.04375 0.0515625
0 0.0453125 0.521094 0.0375 0.0515625
0 0.409375 0.228125 0.046875 0.08125
0 0.640625 0.424219 0.034375 0.0609375
0 0.0210938 0.378906 0.0390625 0.0515625
0 0.233594 0.682813 0.0390625 0.046875
0 0.614062 0.76875 0.04375 0.08125
0 0.844531 0.379687 0.0421875 0.0625
0 0.205469 0.241406 0.0390625 0.0453125
0 0.734375 0.394531 0.034375 0.0515625
0 0.809375 0.454688 0.0375 0.04375
0 0.192188 0.717188 0.05 0.053125
0 0.146875 0.189844 0.034375 0.0421875
0 0.529688 0.369531 0.040625 0.0453125
0 0.459375 0.492969 0.034375 0.0546875
0 0.891406 0.203125 0.0296875 0.040625
0 0.307031 0.435937 0.0453125 0.05625
0 0.107813 0.342187 0.04375 0.053125
0 0.419531 0.0820312 0.0421875 0.0578125
0 0.935938 0.475 0.04375 0.04375
0 0.0226563 0.65625 0.0453125 0.053125
0 0.669531 0.758594 0.0359375 0.0546875
0 0.847656 0.567187 0.0359375 0.053125
0 0.160938 0.371875 0.0375 0.046875
0 0.516406 0.185937 0.0453125 0.0625
0 0.879687 0.246094 0.03125 0.0390625
0 0.721094 0.2625 0.0515625 0.06875
0 0.658594 0.628125 0.0421875 0.053125
0 0.146094 0.2375 0.0328125 0.05
0 0.482031 0.444531 0.0421875 0.0546875
0 0.603125 0.301562 0.046875 0.053125
0 0.360156 0.354688 0.0296875 0.040625
0 0.0367187 0.170312 0.0703125 0.171875
0 0.521094 0.479688 0.0296875 0.040625
0 0.425781 0.678906 0.0671875 0.0640625
0 0.541406 0.554688 0.0390625 0.059375
0 0.0867188 0.446875 0.0421875 0.05
0 0.765625 0.421875 0.03125 0.046875
0 0.172656 0.475781 0.0359375 0.0421875
0 0.824219 0.514063 0.0390625 0.0625
0 0.715625 0.475 0.0375 0.05
0 0.208594 0.510938 0.0515625 0.065625
0 0.353125 0.105469 0.0375 0.0578125
0 0.757031 0.335156 0.0578125 0.0609375
0 0.729688 0.808594 0.05 0.0609375
0 0.107031 0.40625 0.0359375 0.059375
0 0.370313 0.608594 0.109375 0.117188
0 0.511719 0.408594 0.0484375 0.0453125
0 0.119531 0.678125 0.0453125 0.0625
0 0.217187 0.0859375 0.05625 0.071875
0 0.355469 0.192188 0.0859375 0.090625
0 0.296094 0.224219 0.0328125 0.0484375
0 0.111719 0.554688 0.0453125 0.059375
0 0.529688 0.273438 0.05 0.0625
0 0.790625 0.391406 0.040625 0.0484375
0 0.275781 0.484375 0.0421875 0.05
0 0.310156 0.105469 0.0359375 0.0546875
0 0.296875 0.767187 0.090625 0.075
0 0.646875 0.271094 0.0375 0.0578125
0 0.564844 0.157813 0.0484375 0.065625
0 0.29375 0.378125 0.025 0.040625
0 0.490625 0.239063 0.0375 0.046875
0 0.105469 0.246875 0.0390625 0.05625
0 0.358594 0.399219 0.0390625 0.0546875
0 0.567187 0.405469 0.04375 0.0578125
0 0.782031 0.20625 0.0484375 0.05625
0 0.239844 0.46875 0.0359375 0.040625
0 0.489844 0.0820312 0.0671875 0.0734375
0 0.352344 0.446094 0.0328125 0.0484375
0 0.886719 0.34375 0.0578125 0.071875
0 0.232812 0.396094 0.040625 0.0515625
0 0.459375 0.182812 0.040625 0.0625
