0 0.129688 0.0796875 0.028125 0.03125
0 0.458594 0.1125 0.0265625 0.034375
0 0.138281 0.217969 0.0328125 0.0390625
0 0.864062 0.0148437 0.04375 0.0265625
0 0.792969 0.0921875 0.0296875 0.034375
0 0.403125 0.417969 0.025 0.0328125
0 0.185156 0.203125 0.0234375 0.03125
0 0.234375 0.88125 0.034375 0.059375
0 0.148438 0.626562 0.03125 0.040625
0 0.292188 0.617188 0.028125 0.0375
0 0.346875 0.508594 0.0375 0.0484375
0 0.408594 0.88125 0.0328125 0.078125
0 0.788281 0.753125 0.0265625 0.040625
0 0.119531 0.573438 0.0421875 0.05
0 0.130469 0.267188 0.0265625 0.028125
0 0.0828125 0.160156 0.028125 0.0359375
0 0.135156 0.490625 0.0265625 0.034375
0 0.371875 0.164844 0.028125 0.0421875
0 0.015625 0.317969 0.028125 0.0421875
0 0.721094 0.726562 0.0234375 0.040625
0 0.53125 0.622656 0.028125 0.0609375
0 0.496094 0.127344 0.0296875 0.0640625
0 0.2125 0.215625 0.028125 0.03125
0 0.457812 0.078125 0.021875 0.03125
0 0.200781 0.527344 0.0328125 0.0390625
0 0.94375 0.490625 0.03125 0.0375
0 0.1125 0.228125 0.028125 0.040625
0 0.675781 0.338281 0.0328125 0.0421875
0 0.490625 0.603125 0.025 0.040625
0 0.247656 0.605469 0.0328125 0.0515625
0 0.0671875 0.808594 0.03125 0.0484375
0 0.0125 0.15625 0.025 0.075
0 0.459375 0.366406 0.028125 0.0390625
0 0.182812 0.321094 0.0375 0.0421875
0 0.4875 0.492969 0.028125 0.0328125
0 0.5125 0.675 0.028125 0.0375
0 0.324219 0.253906 0.0328125 0.0453125
0 0.015625 0.0789063 0.03125 0.0421875
0 0.984375 0.436719 0.028125 0.0578125
0 0.414062 0.139062 0.034375 0.0375
0 0.703906 0.169531 0.0265625 0.0359375
0 0.448438 0.514063 0.0375 0.059375
0 0.0492188 0.401563 0.0328125 0.040625
0 0.626562 0.685938 0.034375 0.053125
0 0.300781 0.279687 0.0265625 0.040625
0 0.05625 0.166406 0.040625 0.0484375
0 0.600781 0.638281 0.0328125 0.0390625
0 0.0617188 0.627344 0.0421875 0.0578125
0 0.355469 0.605469 0.0328125 0.0421875
0 0.736719 0.685156 0.0265625 0.0390625
0 0.25625 0.20625 0.03125 0.04375
0 0.652344 0.192188 0.0328125 0.040625
0 0.592969 0.167187 0.0421875 0.06875
0 0.0445312 0.26875 0.0328125 0.034375
0 0.05 0.860937 0.03125 0.059375
0 0.621875 0.596875 0.03125 0.0375
0 0.108594 0.617188 0.0296875 0.04375
0 0.364844 0.398438 0.0359375 0.04375
0 0.378906 0.103906 0.0328125 0.0359375
0 0.678906 0.215625 0.0390625 0.05
0 0.0367187 0.66875 0.0328125 0.0375
0 0.249219 0.482812 0.0390625 0.034375
0 0.2875 0.200781 0.028125 0.0359375
0 0.839063 0.0578125 0.0375 0.0625
0 0.804688 0.157813 0.028125 0.0375
0 0.411719 0.247656 0.0265625 0.0359375
0 0.965625 0.524219 0.04375 0.0390625
0 0.427344 0.671094 0.0328125 0.0453125
0 0.365625 0.203906 0.028125 0.0421875
0 0.0859375 0.121094 0.03125 0.0453125
0 0.846094 0.76875 0.0390625 0.0625
0 0.732031 0.214844 0.0296875 0.0703125
0 0.271875 0.284375 0.028125 0.040625
0 0.445312 0.276563 0.0375 0.04375
0 0.589844 0.546875 0.0484375 0.1125
0 0.260156 0.753906 0.0484375 0.0796875
0 0.0632813 0.0609375 0.0359375 0.034375
0 0.591406 0.441406 0.0265625 0.0421875
0 0.0265625 0.713281 0.0375 0.0453125
0 0.134375 0.429688 0.03125 0.0375
0 0.314063 0.596094 0.03125 0.0390625
0 0.107031 0.0578125 0.0296875 0.03125
0 0.759375 0.139062 0.028125 0.05
0 0.821094 0.485156 0.0390625 0.0453125
0 0.491406 0.641406 0.0328125 0.0421875
0 0.411719 0.196875 0.0296875 0.0375
0 0.389844 0.6625 0.0328125 0.05
0 0.3 0.171875 0.034375 0.046875
0 0.0148437 0.398438 0.0296875 0.053125
0 0.128125 0.889063 0.034375 0.0625
0 0.686719 0.608594 0.0296875 0.0390625
0 0.040625 0.547656 0.0375 0.0515625
0 0.54375 0.120312 0.040625 0.046875
0 0.0609375 0.4375 0.04375 0.046875
0 0.09375 0.384375 0.0375 0.05625
0 0.336719 0.311719 0.0328125 0.0453125
0 0.795313 0.328906 0.03125 0.0390625
0 0.985937 0.370313 0.028125 0.059375
0 0.114063 0.472656 0.0375 0.0609375
0 0.639063 0.55 0.034375 0.05
0 0.7625 0.696094 0.028125 0.0453125
0 0.600781 0.271094 0.0390625 0.0671875
0 0.164844 0.0914062 0.0296875 0.0265625
0 0.740625 0.748438 0.03125 0.053125
0 0.317187 0.5 0.0375 0.040625
0 0.0257812 0.225 0.0484375 0.05625
0 0.654688 0.700781 0.028125 0.0421875
0 0.102344 0.280469 0.0265625 0.0328125
0 0.359375 0.567187 0.03125 0.04375
0 0.400781 0.328125 0.0421875 0.05
0 0.228125 0.446875 0.03125 0.040625
0 0.864844 0.692187 0.0359375 0.053125
0 0.630469 0.632812 0.0265625 0.040625
0 0.208594 0.611719 0.0390625 0.0578125
0 0.590625 0.688281 0.034375 0.0515625
0 0.432031 0.821094 0.0328125 0.0578125
0 0.819531 0.117188 0.0359375 0.046875
0 0.407813 0.574219 0.03125 0.0484375
0 0.702344 0.778906 0.0265625 0.0421875
0 0.164844 0.178906 0.0359375 0.0421875
0 0.692969 0.291406 0.0359375 0.0609375
0 0.258594 0.336719 0.0359375 0.0484375
0 0.126563 0.313281 0.0375 0.0609375
0 0.875781 0.208594 0.0390625 0.0578125
0 0.225781 0.679688 0.0359375 0.053125
0 0.778125 0.294531 0.0375 0.0484375
0 0.960156 0.279687 0.0328125 0.05
0 0.85625 0.563281 0.034375 0.0609375
0 0.182812 0.48125 0.03125 0.0375
0 0.85625 0.473437 0.03125 0.040625
0 0.08125 0.521875 0.04375 0.05
0 0.767969 0.535156 0.0484375 0.0703125
0 0.015625 0.617188 0.03125 0.053125
0 0.840625 0.610156 0.034375 0.0484375
0 0.183594 0.279687 0.0359375 0.05625
0 0.486719 0.558594 0.0328125 0.0640625
0 0.753906 0.339063 0.0359375 0.053125
0 0.785937 0.189844 0.0375 0.0484375
0 0.0945313 0.752344 0.0390625 0.0890625
0 0.491406 0.827344 0.0328125 0.0515625
0 0.221875 0.175781 0.0375 0.0609375
0 0.672656 0.515625 0.0359375 0.053125
0 0.972656 0.571094 0.0421875 0.0515625
0 0.271094 0.444531 0.0421875 0.0484375
0 0.911719 0.520312 0.0328125 0.0375
0 0.673437 0.573438 0.040625 0.05625
0 0.928906 0.566406 0.0421875 0.0484375
0 0.483594 0.277344 0.0296875 0.0359375
0 0.161719 0.53125 0.0390625 0.05
0 0.684375 0.65625 0.034375 0.05
0 0.321094 0.65 0.0421875 0.05
0 0.164062 0.445312 0.0375 0.046875
0 0.16875 0.128906 0.0375 0.0484375
0 0.302344 0.111719 0.0359375 0.0453125
0 0.0898438 0.859375 0.0390625 0.065625
0 0.464844 0.405469 0.0421875 0.0484375
0 0.228125 0.39375 0.04375 0.05625
0 0.371094 0.246094 0.0328125 0.0390625
0 0.0289063 0.780469 0.0578125 0.0765625
0 0.133594 0.132812 0.0359375 0.04375
0 0.238281 0.555469 0.0390625 0.0453125
0 0.271094 0.64375 0.0359375 0.046875
0 0.827344 0.196875 0.0421875 0.0625
0 0.0726563 0.309375 0.0359375 0.078125
0 0.38125 0.280469 0.034375 0.0359375
0 0.834375 0.678906 0.03125 0.0546875
0 0.59375 0.360938 0.040625 0.05625
0 0.373437 0.708594 0.03125 0.0453125
0 0.560938 0.257812 0.040625 0.0625
0 0.494531 0.441406 0.0453125 0.0515625
0 0.421094 0.375781 0.0421875 0.0484375
0 0.892969 0.43125 0.0515625 0.065625
0 0.1875 0.570312 0.040625 0.05
0 0.592969 0.0914062 0.0265625 0.0359375
0 0.292969 0.378125 0.0484375 0.059375
0 0.626562 0.458594 0.053125 0.0765625
0 0.171875 0.648438 0.034375 0.05
0 0.291406 0.242969 0.0296875 0.0421875
0 0.353125 0.351562 0.034375 0.040625
0 0.659375 0.630469 0.028125 0.0453125
0 0.266406 0.135156 0.0359375 0.0671875
0 0.0789063 0.220313 0.0453125 0.05625
0 0.444531 0.197656 0.0296875 0.0421875
0 0.438281 0.434375 0.0421875 0.053125
0 0.55625 0.392188 0.0625 0.071875
0 0.5125 0.239063 0.0375 0.05625
0 0.652344 0.266406 0.0453125 0.0609375
0 0.476562 0.184375 0.046875 0.0625
0 0.0539063 0.488281 0.0421875 0.0578125
0 0.920313 0.628125 0.040625 0.065625
0 0.553906 0.071875 0.0515625 0.05625
0 0.517187 0.525 0.040625 0.05
0 0.232812 0.270312 0.03125 0.071875
0 0.821094 0.541406 0.0390625 0.0578125
0 0.46875 0.241406 0.040625 0.0421875
0 0.716406 0.45 0.0890625 0.1
0 0.441406 0.328125 0.0359375 0.046875
0 0.340625 0.0945313 0.040625 0.0578125
0 0.628906 0.324219 0.0421875 0.0671875
0 0.71875 0.538281 0.04375 0.0609375
0 0.828125 0.400781 0.103125 0.0921875
0 0.632812 0.395312 0.046875 0.0625
