0 0.207813 0.428125 0.028125 0.040625
0 0.265625 0.870313 0.05 0.04375
0 0.88125 0.54375 0.025 0.03125
0 0.671094 0.311719 0.0234375 0.0296875
0 0.984375 0.0570313 0.028125 0.0328125
0 0.5125 0.757812 0.025 0.034375
0 0.0226563 0.45 0.0359375 0.040625
0 0.378906 0.192188 0.0296875 0.03125
0 0.64375 0.44375 0.028125 0.034375
0 0.557031 0.295312 0.0265625 0.028125
0 0.70625 0.0921875 0.03125 0.0375
0 0.821094 0.478906 0.0265625 0.0328125
0 0.065625 0.00703125 0.0375 0.0140625
0 0.561719 0.550781 0.0296875 0.0453125
0 0.795313 0.655469 0.03125 0.0453125
0 0.167969 0.4375 0.0296875 0.053125
0 0.046875 0.479688 0.03125 0.03125
0 0.795313 0.342969 0.028125 0.0328125
0 0.351562 0.273438 0.01875 0.03125
0 0.0648438 0.132812 0.0296875 0.0375
0 0.009375 0.308594 0.01875 0.0421875
0 0.592969 0.554688 0.0265625 0.034375
0 0.625781 0.628125 0.0328125 0.03125
0 0.811719 0.714063 0.0328125 0.040625
0 0.410156 0.169531 0.0265625 0.0328125
0 0.424219 0.289844 0.0359375 0.0671875
0 0.332031 0.289844 0.0234375 0.0359375
0 0.233594 0.217969 0.0296875 0.0390625
0 0.450781 0.177344 0.0328125 0.0265625
0 0.619531 0.558594 0.0296875 0.0296875
0 0.210156 0.464844 0.0296875 0.0390625
0 0.0242187 0.225 0.0390625 0.04375
0 0.599219 0.369531 0.0421875 0.0734375
0 0.197656 0.253125 0.0296875 0.034375
0 0.173438 0.485938 0.0375 0.04375
0 0.0109375 0.653906 0.021875 0.0421875
0 0.227344 0.714844 0.0359375 0.0359375
0 0.919531 0.084375 0.0359375 0.053125
0 0.429688 0.646094 0.03125 0.0359375
0 0.263281 0.196094 0.0234375 0.0296875
0 0.813281 0.271094 0.0296875 0.0609375
0 0.323438 0.398438 0.040625 0.040625
0 0.435156 0.614844 0.0453125 0.0640625
0 0.499219 0.641406 0.0328125 0.0359375
0 0.0554687 0.553906 0.0265625 0.0390625
0 0.588281 0.502344 0.0515625 0.0484375
0 0.285937 0.835156 0.034375 0.0359375
0 0.107813 0.348437 0.0375 0.046875
0 0.14375 0.513281 0.034375 0.0546875
0 0.334375 0.634375 0.034375 0.071875
0 0.392188 0.140625 0.034375 0.034375
0 0.45625 0.142188 0.028125 0.040625
0 0.599219 0.610156 0.0359375 0.0390625
0 0.698438 0.7 0.03125 0.0375
0 0.964844 0.441406 0.0328125 0.0359375
0 0.053125 0.422656 0.0375 0.0421875
0 0.0734375 0.629687 0.03125 0.0375
0 0.364844 0.3625 0.0265625 0.034375
0 0.902344 0.414062 0.0296875 0.0375
0 0.0179687 0.267969 0.0359375 0.0359375
0 0.282813 0.623438 0.03125 0.040625
0 0.219531 0.275 0.0328125 0.034375
0 0.596094 0.2625 0.0453125 0.05
0 0.285937 0.80625 0.0375 0.034375
0 0.771094 0.455469 0.0453125 0.0453125
0 0.453125 0.485938 0.03125 0.034375
0 0.0242187 0.75 0.0484375 0.053125
0 0.0445312 0.0585938 0.0484375 0.0421875
0 0.614844 0.728125 0.0296875 0.0375
0 0.0125 0.182812 0.025 0.04375
0 0.629687 0.833594 0.028125 0.0328125
0 0.653906 0.273438 0.0203125 0.0375
0 0.326562 0.102344 0.053125 0.0578125
0 0.544531 0.353906 0.0234375 0.0359375
0 0.939062 0.0203125 0.034375 0.040625
0 0.2875 0.203125 0.028125 0.034375
0 0.452344 0.322656 0.0390625 0.0359375
0 0.0976562 0.597656 0.0296875 0.0359375
0 0.0445312 0.178906 0.0296875 0.0390625
0 0.889063 0.059375 0.046875 0.05625
0 0.840625 0.453906 0.025 0.0328125
0 0.646094 0.233594 0.0296875 0.0359375
0 0.399219 0.109375 0.0359375 0.034375
0 0.0203125 0.509375 0.034375 0.0375
0 0.1 0.135156 0.03125 0.0484375
0 0.50625 0.347656 0.04375 0.0390625
0 0.754687 0.407031 0.03125 0.0390625
0 0.128125 0.125 0.028125 0.040625
0 0.401563 0.678906 0.040625 0.0453125
0 0.564844 0.761719 0.0328125 0.0484375
0 0.546875 0.842188 0.03125 0.040625
0 0.427344 0.804688 0.0328125 0.05
0 0.339063 0.441406 0.03125 0.0390625
0 0.34375 0.492969 0.03125 0.0359375
0 0.184375 0.292188 0.034375 0.04375
0 0.183594 0.594531 0.0296875 0.0421875
0 0.603125 0.770312 0.03125 0.03125
0 0.848437 0.514063 0.034375 0.040625
0 0.253125 0.159375 0.0375 0.04375
0 0.6625 0.210938 0.03125 0.034375
0 0.626562 0.796875 0.03125 0.040625
0 0.110156 0.516406 0.0359375 0.0421875
0 0.0289063 0.624219 0.0328125 0.0421875
0 0.66875 0.540625 0.028125 0.0375
0 0.207813 0.192969 0.03125 0.0390625
0 0.128906 0.615625 0.0265625 0.0375
0 0.728906 0.824219 0.0359375 0.0421875
0 0.279687 0.426562 0.028125 0.046875
0 0.0695312 0.248437 0.0359375 0.034375
0 0.560156 0.09375 0.114063 0.125
0 0.409375 0.371875 0.0375 0.04375
0 0.641406 0.58125 0.0265625 0.04375
0 0.691406 0.583594 0.0328125 0.0515625
0 0.25625 0.242969 0.03125 0.0359375
0 0.189844 0.653125 0.0328125 0.046875
0 0.345313 0.815625 0.0375 0.0375
0 0.726562 0.755469 0.03125 0.0421875
0 0.0773437 0.200781 0.0453125 0.0453125
0 0.5 0.189844 0.0375 0.0453125
0 0.330469 0.8625 0.0453125 0.0625
0 0.652344 0.675 0.0453125 0.075
0 0.760156 0.260938 0.0421875 0.053125
0 0.215625 0.564062 0.034375 0.04375
0 0.739844 0.0789063 0.0296875 0.0421875
0 0.23125 0.79375 0.0625 0.090625
0 0.116406 0.799219 0.0484375 0.0671875
0 0.879687 0.471094 0.034375 0.0390625
0 0.932813 0.186719 0.03125 0.0421875
0 0.253906 0.425 0.0234375 0.040625
0 0.808594 0.367969 0.0296875 0.0390625
0 0.860156 0.603125 0.0328125 0.0375
0 0.265625 0.557813 0.040625 0.053125
0 0.763281 0.578125 0.0328125 0.05
0 0.1625 0.321875 0.0375 0.05625
0 0.0632813 0.510938 0.0359375 0.046875
0 0.898438 0.146875 0.0375 0.05
0 0.459375 0.775781 0.034375 0.0453125
0 0.173438 0.191406 0.034375 0.0484375
0 0.450781 0.4375 0.0359375 0.040625
0 0.9125 0.520312 0.040625 0.046875
0 0.635156 0.517969 0.0328125 0.0453125
0 0.726562 0.564062 0.04375 0.05625
0 0.15625 0.624219 0.03125 0.0421875
0 0.316406 0.346875 0.0359375 0.05
0 0.582812 0.728906 0.034375 0.0359375
0 0.242969 0.603906 0.0359375 0.0578125
0 0.325 0.560156 0.046875 0.0546875
0 0.40625 0.440625 0.03125 0.0375
0 0.845312 0.292188 0.03125 0.0375
0 0.521094 0.682031 0.0765625 0.0796875
0 0.855469 0.559375 0.0296875 0.046875
0 0.332812 0.240625 0.0375 0.053125
0 0.192188 0.367969 0.034375 0.0421875
0 0.616406 0.225781 0.0265625 0.0390625
0 0.675781 0.171094 0.0359375 0.0328125
0 0.714063 0.140625 0.059375 0.053125
0 0.353906 0.775781 0.0359375 0.0421875
0 0.760156 0.774219 0.0390625 0.0453125
0 0.0539063 0.839063 0.0703125 0.090625
0 0.48125 0.132031 0.03125 0.0453125
0 0.164062 0.0984375 0.03125 0.04375
0 0.453125 0.0960938 0.040625 0.0484375
0 0.760938 0.646875 0.03125 0.0375
0 0.602344 0.669531 0.0484375 0.0453125
0 0.1625 0.240625 0.040625 0.040625
0 0.870313 0.76875 0.040625 0.053125
0 0.115625 0.219531 0.04375 0.0453125
0 0.653906 0.757031 0.0390625 0.0578125
0 0.0859375 0.298438 0.028125 0.040625
0 0.189063 0.141406 0.034375 0.0453125
0 0.90625 0.596875 0.040625 0.053125
0 0.721875 0.504687 0.0375 0.053125
0 0.680469 0.382812 0.0515625 0.109375
0 0.896875 0.2125 0.0375 0.05
0 0.948438 0.239063 0.0375 0.053125
0 0.628125 0.409375 0.03125 0.040625
0 0.507031 0.541406 0.0328125 0.0484375
0 0.300781 0.767969 0.0484375 0.0546875
0 0.797656 0.185937 0.0421875 0.0375
0 0.436719 0.532031 0.0328125 0.0484375
0 0.782812 0.129688 0.034375 0.0375
0 0.142188 0.171875 0.0375 0.046875
0 0.499219 0.470313 0.0515625 0.05625
0 0.496094 0.0890625 0.0328125 0.040625
0 0.584375 0.807813 0.040625 0.05625
0 0.0234375 0.580469 0.0375 0.0484375
0 0.348437 0.15625 0.0625 0.05
0 0.308594 0.517969 0.0328125 0.0421875
0 0.146094 0.710156 0.0328125 0.0421875
0 0.954687 0.108594 0.04375 0.0609375
0 0.0617188 0.592969 0.0359375 0.0359375
0 0.421094 0.20625 0.0296875 0.0375
0 0.722656 0.6375 0.0453125 0.0625
0 0.750781 0.167969 0.0453125 0.0515625
0 0.615625 0.123438 0.0375 0.04375
0 0.76875 0.316406 0.0375 0.0453125
0 0.816406 0.428125 0.0328125 0.05625
0 0.378125 0.578906 0.028125 0.0390625
0 0.7 0.271094 0.046875 0.0609375
0 0.366406 0.404687 0.0328125 0.04375
0 0.084375 0.55625 0.0375 0.05
0 0.735156 0.694531 0.0359375 0.0515625
0 0.564062 0.334375 0.03125 0.034375
0 0.410156 0.507031 0.0390625 0.0546875
0 0.885156 0.360156 0.0296875 0.0390625
0 0.529688 0.2625 0.04375 0.05
0 0.107813 0.258594 0.034375 0.0390625
0 0.714844 0.204688 0.0421875 0.05
0 0.0515625 0.292969 0.04375 0.0578125
0 0.842188 0.140625 0.05625 0.0875
0 0.372656 0.53125 0.0390625 0.05625
0 0.452344 0.682813 0.0328125 0.040625
0 0.925 0.445312 0.03125 0.034375
0 0.0671875 0.771875 0.040625 0.05
0 0.164062 0.7625 0.053125 0.0625
0 0.240625 0.480469 0.04375 0.0546875
0 0.478125 0.403906 0.075 0.0609375
0 0.382812 0.26875 0.03125 0.04375
0 0.709375 0.44375 0.04375 0.0625
0 0.466406 0.227344 0.0578125 0.0546875
0 0.635938 0.185156 0.034375 0.0421875
0 0.950781 0.560156 0.0515625 0.0796875
0 0.219531 0.150781 0.0296875 0.0390625
0 0.482812 0.280469 0.053125 0.0484375
0 0.280469 0.0789063 0.0515625 0.0640625
0 0.230469 0.664844 0.0515625 0.0546875
0 0.485156 0.589063 0.0546875 0.0625
0 0.790625 0.601562 0.0375 0.046875
0 0.579687 0.217187 0.04375 0.053125
0 0.715625 0.333594 0.034375 0.0484375
0 0.377344 0.469531 0.0453125 0.0609375
0 0.810938 0.554688 0.053125 0.06875
0 0.08125 0.685156 0.096875 0.0828125
