0 0.977344 0.649219 0.0328125 0.0484375
0 0.849219 0.496094 0.0453125 0.0515625
0 0.879687 0.0585938 0.034375 0.0328125
0 0.439063 0.721094 0.046875 0.0453125
0 0.152344 0.28125 0.0265625 0.0375
0 0.941406 0.01875 0.0359375 0.0375
0 0.1875 0.592188 0.028125 0.0375
0 0.359375 0.0570313 0.040625 0.0265625
0 0.467187 0.250781 0.03125 0.0390625
0 0.0273438 0.485938 0.0328125 0.053125
0 0.0742188 0.151562 0.0359375 0.034375
0 0.528906 0.439844 0.0265625 0.0359375
0 0.529688 0.726562 0.03125 0.040625
0 0.400781 0.514063 0.0296875 0.046875
0 0.757812 0.68125 0.025 0.034375
0 0.199219 0.749219 0.0296875 0.0484375
0 0.275781 0.451562 0.0296875 0.03125
0 0.551562 0.485938 0.03125 0.0375
0 0.185156 0.417188 0.0234375 0.034375
0 0.257812 0.488281 0.021875 0.0328125
0 0.709375 0.770312 0.03125 0.04375
0 0.184375 0.555469 0.025 0.0359375
0 0.134375 0.182031 0.0375 0.0359375
0 0.939062 0.529688 0.0375 0.05
0 0.0117188 0.424219 0.0234375 0.0390625
0 0.107813 0.5 0.025 0.0375
0 0.370313 0.620313 0.028125 0.034375
0 0.5125 0.528906 0.03125 0.0453125
0 0.607813 0.417188 0.028125 0.059375
0 0.9375 0.1 0.0375 0.03125
0 0.167969 0.376563 0.0265625 0.040625
0 0.853125 0.09375 0.03125 0.040625
0 0.0929687 0.453906 0.0296875 0.0296875
0 0.542969 0.392969 0.0265625 0.0359375
0 0.0289063 0.207813 0.0328125 0.034375
0 0.800781 0.605469 0.0484375 0.0390625
0 0.321875 0.665625 0.025 0.040625
0 0.489844 0.478125 0.0328125 0.040625
0 0.0890625 0.24375 0.03125 0.034375
0 0.0390625 0.349219 0.034375 0.0484375
0 0.0195312 0.277344 0.0296875 0.0328125
0 0.151562 0.325781 0.034375 0.0328125
0 0.846875 0.127344 0.0375 0.0421875
0 0.34375 0.435156 0.046875 0.0515625
0 0.853125 0.422656 0.05 0.0515625
0 0.878906 0.0171875 0.0453125 0.03125
0 0.609375 0.611719 0.040625 0.0453125
0 0.650781 0.223438 0.0703125 0.040625
0 0.228125 0.724219 0.028125 0.0390625
0 0.114063 0.421094 0.04375 0.0421875
0 0.409375 0.342187 0.065625 0.08125
0 0.675781 0.7625 0.0328125 0.034375
0 0.06875 0.621094 0.03125 0.0390625
0 0.979688 0.695312 0.03125 0.040625
0 0.403125 0.623438 0.034375 0.0375
0 0.459375 0.492969 0.03125 0.0390625
0 0.3875 0.739062 0.028125 0.0375
0 0.217187 0.597656 0.0375 0.0421875
0 0.285156 0.739062 0.0234375 0.05625
0 0.983594 0.05 0.0296875 0.046875
0 0.195312 0.298438 0.06875 0.046875
0 0.244531 0.44375 0.0296875 0.040625
0 0.0328125 0.135156 0.034375 0.0359375
0 0.103906 0.282031 0.0296875 0.0296875
0 0.328906 0.753906 0.0515625 0.0421875
0 0.942187 0.582812 0.0375 0.053125
0 0.260938 0.402344 0.034375 0.0515625
0 0.953906 0.253906 0.0484375 0.0578125
0 0.132031 0.374219 0.0296875 0.0484375
0 0.521094 0.174219 0.0703125 0.0640625
0 0.471875 0.107031 0.034375 0.0609375
0 0.0671875 0.528906 0.028125 0.0328125
0 0.482031 0.540625 0.0265625 0.03125
0 0.319531 0.714844 0.0328125 0.0484375
0 0.245312 0.147656 0.0375 0.0421875
0 0.961719 0.20625 0.0515625 0.046875
0 0.653125 0.671094 0.028125 0.0390625
0 0.600781 0.108594 0.0359375 0.0484375
0 0.117188 0.303906 0.03125 0.0328125
0 0.533594 0.0695312 0.0328125 0.0484375
0 0.419531 0.585938 0.0359375 0.040625
0 0.798437 0.297656 0.08125 0.0796875
0 0.0125 0.548437 0.025 0.05
0 0.598437 0.570312 0.03125 0.0375
0 0.214844 0.544531 0.0328125 0.0421875
0 0.25625 0.615625 0.034375 0.034375
0 0.140625 0.548437 0.03125 0.040625
0 0.508594 0.421875 0.0390625 0.05
0 0.730469 0.729688 0.0421875 0.046875
0 0.110156 0.219531 0.0328125 0.0390625
0 0.542188 0.660156 0.025 0.0390625
0 0.110156 0.342969 0.0234375 0.0328125
0 0.145313 0.236719 0.059375 0.0578125
0 0.6875 0.534375 0.0375 0.04375
0 0.802344 0.438281 0.0359375 0.0515625
0 0.535937 0.25 0.0875 0.075
0 0.197656 0.672656 0.0484375 0.0609375
0 0.274219 0.525781 0.0359375 0.0421875
0 0.60625 0.747656 0.03125 0.0546875
0 0.45 0.446875 0.0375 0.053125
0 0.690625 0.430469 0.034375 0.0578125
0 0.0429688 0.541406 0.0296875 0.0484375
0 0.6875 0.800781 0.0375 0.0515625
0 0.208594 0.105469 0.0546875 0.0515625
0 0.386719 0.428906 0.0328125 0.0484375
0 0.514844 0.646875 0.0296875 0.040625
0 0.757812 0.628125 0.03125 0.040625
0 0.784375 0.679688 0.03125 0.040625
0 0.460156 0.34375 0.0296875 0.046875
0 0.645312 0.117969 0.0375 0.0421875
0 0.948438 0.065625 0.028125 0.03125
0 0.235156 0.513281 0.0328125 0.0328125
0 0.442969 0.152344 0.0265625 0.0328125
0 0.789844 0.50625 0.0296875 0.040625
0 0.553125 0.326562 0.025 0.04375
0 0.653906 0.402344 0.0296875 0.0390625
0 0.0171875 0.242969 0.03125 0.0359375
0 0.245312 0.553906 0.034375 0.0453125
0 0.361719 0.225781 0.245312 0.179688
0 0.426562 0.0953125 0.0375 0.078125
0 0.589844 0.482031 0.0359375 0.0515625
0 0.725781 0.0851562 0.0734375 0.0765625
0 0.325 0.542188 0.0375 0.046875
0 0.382031 0.0828125 0.0265625 0.034375
0 0.733594 0.370313 0.0453125 0.040625
0 0.364844 0.548437 0.0328125 0.046875
0 0.233594 0.482031 0.0234375 0.0359375
0 0.249219 0.671875 0.0359375 0.04375
0 0.264844 0.709375 0.0390625 0.04375
0 0.571875 0.7125 0.03125 0.046875
0 0.0804688 0.49375 0.0265625 0.04375
0 0.451562 0.617969 0.028125 0.0390625
0 0.725781 0.671875 0.0390625 0.04375
0 0.06875 0.116406 0.028125 0.0359375
0 0.717969 0.288281 0.0484375 0.0640625
0 0.901563 0.68125 0.0375 0.053125
0 0.163281 0.728906 0.0359375 0.0640625
0 0.117188 0.123438 0.040625 0.05625
0 0.467187 0.390625 0.040625 0.05
0 0.333594 0.485938 0.0359375 0.05
0 0.046875 0.0695312 0.0375 0.0484375
0 0.3 0.407031 0.04375 0.0546875
0 0.491406 0.311719 0.0390625 0.0671875
0 0.453906 0.765625 0.0390625 0.05
0 0.7375 0.507812 0.065625 0.078125
0 0.769531 0.727344 0.0296875 0.0421875
0 0.773438 0.571875 0.03125 0.040625
0 0.164844 0.567187 0.0296875 0.04375
0 0.192188 0.170312 0.040625 0.05
0 0.102344 0.650781 0.0359375 0.0640625
0 0.640625 0.490625 0.034375 0.05
0 0.577344 0.0773437 0.0296875 0.0359375
0 0.467969 0.185156 0.0359375 0.0515625
0 0.369531 0.49375 0.0265625 0.05
0 0.941406 0.332031 0.0390625 0.0546875
0 0.23125 0.76875 0.034375 0.053125
0 0.635938 0.748438 0.03125 0.05
0 0.6375 0.442969 0.0375 0.0453125
0 0.196094 0.500781 0.0390625 0.0453125
0 0.961719 0.467187 0.0328125 0.05
0 0.950781 0.147656 0.0421875 0.0578125
0 0.511719 0.371875 0.0359375 0.040625
0 0.071875 0.195312 0.04375 0.053125
0 0.767969 0.461719 0.0390625 0.0484375
0 0.5625 0.430469 0.034375 0.0484375
0 0.663281 0.271094 0.0484375 0.0578125
0 0.21875 0.407813 0.034375 0.046875
0 0.857031 0.232031 0.0453125 0.0578125
0 0.88125 0.164062 0.053125 0.065625
0 0.315625 0.169531 0.090625 0.0828125
0 0.0695312 0.582812 0.0390625 0.05
0 0.734375 0.580469 0.034375 0.0546875
0 0.457031 0.580469 0.0359375 0.0453125
0 0.141406 0.664062 0.0390625 0.040625
0 0.665625 0.177344 0.040625 0.0453125
0 0.505469 0.572656 0.0328125 0.0390625
0 0.428125 0.660937 0.046875 0.05625
0 0.621094 0.680469 0.0421875 0.0546875
0 0.151562 0.084375 0.040625 0.04375
0 0.103125 0.557813 0.034375 0.05625
0 0.76875 0.409375 0.0375 0.053125
0 0.714844 0.164062 0.0359375 0.053125
0 0.939844 0.378906 0.0328125 0.0421875
0 0.785156 0.147656 0.0640625 0.0796875
0 0.485938 0.684375 0.034375 0.040625
0 0.654688 0.630469 0.0375 0.0515625
0 0.791406 0.380469 0.0328125 0.0421875
0 0.555469 0.544531 0.0453125 0.0546875
0 0.564062 0.626562 0.0375 0.059375
0 0.328906 0.34375 0.0296875 0.040625
0 0.292969 0.345313 0.0328125 0.040625
0 0.916406 0.435937 0.0609375 0.06875
0 0.821875 0.361719 0.040625 0.0640625
0 0.490625 0.617969 0.040625 0.0578125
0 0.364844 0.129688 0.0515625 0.046875
0 0.4375 0.53125 0.028125 0.046875
0 0.601562 0.53125 0.03125 0.040625
0 0.251563 0.239063 0.0875 0.071875
0 0.882812 0.307813 0.0625 0.109375
0 0.139844 0.605469 0.0421875 0.0546875
0 0.760938 0.235156 0.08125 0.0828125
0 0.135156 0.507031 0.0328125 0.0453125
0 0.409375 0.457031 0.034375 0.0484375
0 0.70625 0.621094 0.040625 0.0546875
0 0.304688 0.459375 0.0375 0.04375
0 0.607813 0.338281 0.065625 0.0796875
0 0.285937 0.654688 0.0375 0.05
0 0.672656 0.726562 0.0296875 0.040625
0 0.357031 0.68125 0.0390625 0.053125
0 0.360938 0.332031 0.03125 0.0453125
0 0.808594 0.544531 0.0421875 0.0609375
0 0.667188 0.328906 0.040625 0.0546875
0 0.0648438 0.671875 0.0390625 0.053125
0 0.746875 0.782031 0.040625 0.0546875
